139723.000000,1704746.000000,777734.000000,2831283.000000,1009881.000000,3452919.000000,2187075.000000,1605811.000000,
2743843.102578,3806866.692457,3073901.793198,2229546.559222,779810.214477,2154858.344014,1535740.846103,1065286.716123,
2385236.007389,1962976.326698,2186902.863809,505188.555115,389193.677215,1006381.002968,577528.250171,126134.572926,
1220234.312658,2298141.832408,2138723.417351,1125295.832629,391034.894533,1353669.943546,422227.689005,290027.706345,
2032753.464467,1728028.635999,2381120.897226,679898.048615,887634.643284,867320.801338,242107.699007,247731.840888,
633558.143779,2567265.019850,1189218.026159,1225858.932227,2089612.944629,2905701.268220,1268926.485505,325954.769670,
2564368.441080,4316270.135478,4318772.741569,2266901.282116,2628573.778503,4096592.059802,2476634.397245,533721.450256,
3597497.209963,4921762.057859,3980888.340512,1526406.925522,1876948.504385,3895356.514747,2483542.496069,722873.832610,
1887583.514850,4228501.322785,1592711.307305,357483.618169,1519234.289315,2482104.111383,1006872.688551,453757.565288,
605463.790903,1701763.639655,453215.613323,174902.406208,1802944.682918,927716.847847,708269.355422,204799.863565,
940908.791657,1739245.469238,233155.579915,466313.263343,1276261.725350,695765.633209,882186.353179,134973.878176,
724278.827568,147904.976747,663484.167067,331970.740238,496139.974578,483994.029661,292634.789189,106098.580999,
958313.758162,1769867.110364,440223.867350,73042.733604,378442.071054,354474.846382,387402.676521,198953.137929,
110147.839055,1025737.045773,620730.793465,160460.809767,505260.268624,385039.380256,445601.158030,111227.011033,
351304.518614,990771.764285,721864.595190,64103.551200,399763.721985,229388.323836,388406.935939,29659.185876,
368816.029179,432898.774635,216192.290751,141208.011058,202797.884069,150845.052599,70934.482415,37466.596663,
482751.767671,862607.820066,434101.433094,206619.254109,129979.371363,176376.320583,336550.389450,43275.505176,
118699.455254,439640.700540,277427.865658,103002.024412,193203.124154,107828.876374,142128.910138,51572.287250,
425692.647264,553465.415227,301500.961737,186735.885348,151339.616761,171004.155464,215109.980162,70312.968076,
30387.980704,246847.560834,374482.413879,174367.219471,341004.078672,140764.008220,218517.491222,58856.632431,
226574.781102,475023.930499,83720.604036,89555.900658,123277.426033,50633.143903,128714.239883,18848.444556,
132886.399019,179719.506469,289985.880613,99269.148729,117947.633818,19600.574669,106902.995844,64943.356154,
230124.774624,399314.744876,297358.176525,160939.995651,41778.239904,70611.468353,57028.902804,62699.501183,
178973.237694,175285.379244,347810.129529,110563.015911,157100.287311,72978.033817,99114.134001,27882.385490,
296171.305480,287072.904124,257041.456580,109422.417238,111611.959711,27321.765885,96043.122729,6326.955766,
168991.996566,185838.917718,264861.985617,101635.628336,174398.719957,5857.944847,84528.450129,26357.192484,
318139.740493,248684.142079,169311.028331,105349.437886,88495.780513,37267.358592,47288.825037,11412.635939,
213909.052785,74767.815517,273909.417030,92737.007566,136287.744463,50164.268395,112171.837649,20308.572927,
378864.939902,188105.961492,133304.757036,60814.553486,159026.028490,30050.508462,55451.202902,1429.541520,
221444.076707,110352.630044,264993.983538,81619.826466,72623.321289,10787.974282,98352.319899,36642.631987,
316879.888657,278052.961480,220923.244454,82352.651905,67433.945191,29259.162250,91060.016354,28590.210117,
139532.111961,73484.965328,214625.649604,74117.167844,93175.015622,30801.264272,71688.127707,8993.586276,
292684.396816,292097.528661,142946.718796,88233.894563,92894.280705,24871.771097,65026.702543,12726.557488,
117251.333868,63777.153917,198968.184704,91708.440742,69327.726672,43565.746463,41291.769799,16090.594113,
252055.490387,257386.871845,125404.038566,48752.386488,41064.165194,6821.774079,31316.054492,18237.753820,
121969.134144,124369.552125,178194.716853,69286.560310,96479.869795,36438.080643,48486.215647,16271.264225,
191528.058453,340224.319175,149193.295816,82592.819941,45467.218518,24739.347829,54941.539096,17486.588356,
56716.521161,76094.193441,158713.300034,74068.449087,100896.312641,28896.048303,34083.227077,8254.843209,
174748.699002,320002.672358,84705.741021,58342.977152,62235.525763,20682.157550,51956.421803,13093.437458,
65673.007069,140044.077209,103147.171219,51017.119933,71991.112153,22550.184089,56849.344197,4985.666308,
165961.798173,305141.362549,113314.281079,66481.952024,70167.172727,23377.064900,36232.320924,12791.248645,
7933.554053,78458.550890,130250.850396,69173.186078,67934.033190,28932.165431,55892.795019,4514.142720,
132090.604053,325560.685735,108635.508296,73627.358235,54386.370120,18262.118340,53141.451364,7519.662417,
64005.147503,107018.727530,127661.034244,59068.848894,52560.357869,15130.383594,31687.412757,7954.435274,
157095.254579,268024.564871,105874.830458,62341.326869,58381.025362,21942.600697,51807.220283,1228.913096,
60891.865761,91347.592515,140085.722141,56805.210659,74610.511813,17443.808224,33693.993779,15075.350131,
158200.164094,265988.781812,98503.621142,57614.893228,67775.828310,3303.399361,41498.864704,9285.825020,
94535.661265,96714.794611,126278.400177,55416.859862,38472.712393,27301.820511,22638.683614,8909.223488,
162005.727013,225968.033428,118335.711436,51130.658630,46053.809896,26509.007443,35604.921303,8876.434384,
117146.529230,90972.617175,141460.258540,56459.818633,44712.889109,6864.558839,25811.373602,9070.864033,
177067.326653,181789.714869,112652.434545,50372.668609,60088.952462,24897.915561,43960.901786,12583.961197,
91757.290044,76241.147697,132416.399416,57247.675738,44304.605290,21874.983592,20514.108724,1683.399193,
174969.129744,148097.224721,120621.854896,53609.835708,55416.774523,19613.161140,16837.541144,8492.116128,
92247.684586,50394.580488,129850.841804,48816.941006,54919.720927,9671.335590,31156.657891,8142.291122,
159956.154884,133521.324766,91782.133812,49076.303693,41703.709783,24102.450601,40119.735473,8386.716340,
85244.651399,48538.292520,111907.324425,48963.388836,38855.113140,18377.271202,18318.624521,727.142681,
159504.789491,94401.452560,78247.835988,47639.268535,43220.059916,5052.394649,29100.759508,3856.592567,
61931.448911,41277.376596,98067.013199,52885.478255,52890.760176,12782.163371,20058.672366,4175.820266,
131951.353238,109757.808959,73497.929323,51916.302641,52409.503170,10056.013287,30506.033249,1976.517843,
33772.841359,33546.003497,86233.957876,51522.931455,29768.104266,14471.846411,17532.580378,7777.550254,
105594.360939,115149.741766,69641.804226,44957.466290,47779.658380,11384.299411,30891.783802,6328.151418,
33139.897445,48832.900141,94772.067511,46801.121695,33472.712372,9746.047545,11657.757660,6172.171316,
95872.566645,137248.112361,58941.069177,45072.491725,40680.552238,24621.287837,25309.585698,7937.608593,
23117.192013,57362.449963,81577.725821,49852.622841,36440.560252,15153.106393,20403.119491,7406.959472,
82163.128293,161575.189753,77382.992963,41812.097462,43147.334137,10573.833733,32358.334868,9039.401884,
46110.263626,55577.446852,86077.469010,47875.057882,35470.463259,7619.183763,21959.010135,3360.750566,
104289.581099,170640.916022,63766.369004,44293.556851,41770.426682,13427.482862,31736.770265,9525.302192,
54528.891469,69313.201950,87768.425269,39761.710524,38797.352027,13803.521343,22926.117027,1780.214549,
114243.283227,189127.041083,75632.373208,41694.994135,36697.081523,8702.476794,25060.029163,4439.860378,
59729.848500,64611.918660,93127.266340,47061.475308,40439.059107,15019.956376,23259.178212,3682.130064,
123477.346931,191594.090548,79494.484644,40615.816956,46597.511124,11328.930368,26860.376132,5623.340680,
64891.926638,66234.030316,98907.730472,42804.181693,30259.694728,10196.876299,20810.394305,2851.172635,
134493.237184,178586.733472,86425.341000,42026.560555,46205.566313,8354.038954,25087.913431,7947.949276,
68573.045330,74941.988499,101685.529012,49113.043356,28939.210768,7112.742011,17187.137633,4261.871649,
132617.148108,166093.679489,74734.471355,35171.884728,44476.983600,13646.164533,25030.771008,5872.180327,
68412.624796,51340.264329,81004.709575,41108.741972,32497.998341,4952.961333,28399.911766,2823.818623,
116083.652917,158565.292915,69490.040506,37234.676788,36955.597254,14845.450066,25986.827482,5725.629549,
56505.307068,64334.262334,88014.068917,39344.816221,24623.401617,16423.405755,26379.573971,3380.813446,
107291.721991,121009.064950,56517.656922,35540.227841,36780.056267,974.797539,25845.588543,10061.251251,
36771.560838,47754.921864,65653.457546,40152.852043,24501.957498,8909.901725,20284.766229,3934.008140,
91001.648922,109245.106152,51144.707812,29055.917689,37341.762977,7874.002194,31898.702651,4317.835137,
30373.125343,41883.323765,64148.058719,36506.804348,31235.269055,14127.295524,26120.478124,1301.644675,
72645.824383,85037.221872,37492.824217,35229.643792,33167.558519,4986.291384,25666.219500,5538.896670,
20622.187719,29478.765972,67070.374466,35819.722206,25269.466102,12852.499529,18320.468917,946.696161,
57943.632071,69755.592339,43372.239049,33156.034890,31785.282193,9423.464917,26687.574528,8937.265185,
21518.442153,20667.063047,55635.225999,35546.121844,27211.658011,7298.824804,14337.103256,6799.362438,
68768.505698,64917.207580,61689.360182,29554.221847,32878.541127,14554.939354,26718.075071,4803.269503,
37978.650367,32724.344092,74039.791587,38444.339645,25710.888041,7647.870760,15814.097089,2734.357487,
85189.776590,77021.421567,60050.672982,28873.935478,27937.724098,10732.042848,23272.384985,4901.670411,
40683.451131,29720.435660,73802.704965,34096.449807,28896.070885,11744.780551,9257.718151,5290.349372,
92321.859033,87705.566621,61922.089891,28931.544744,30468.183785,9594.260287,26078.726705,4204.239056,
60783.834207,37797.886612,76401.536161,38211.341446,29006.313525,8249.027997,18767.422767,5818.080159,
104394.802575,103605.886113,63332.573801,32441.038566,30245.511365,9309.214259,19858.990893,3875.079332,
55153.284172,40354.149723,75551.558889,31904.577424,27656.642306,8053.605851,16713.985747,3730.462645,
107187.225638,124856.038801,60887.668311,33687.434835,27700.045618,8790.590800,14168.504991,10394.195399,
50272.917204,58995.467737,75545.708915,31345.953216,19473.180894,16264.060712,16195.301198,4697.563334,
97789.141804,136033.539799,57274.486546,33740.125811,27071.329041,6920.262060,25242.160793,7284.464356,
54837.700036,53818.240023,61005.758656,25292.685863,20501.360179,5003.259857,14059.558498,8567.057679,
85969.531719,139390.553238,51196.988064,30822.759821,30129.457868,5709.497636,14297.437710,434.891954,
43697.474522,40717.615854,61160.687842,33183.346702,20667.248008,12933.330859,13104.857298,2424.708417,
74031.372244,138330.243157,34966.725459,28296.578219,23139.529602,10369.455084,13325.663677,3268.575954,
21946.997862,68288.039119,53727.401589,27590.454115,28070.005142,13722.090711,21597.678251,5169.234131,
61869.481636,123298.077449,40945.300046,25215.922152,33167.425996,6602.152869,22005.110080,3231.684203,
14772.750671,49094.367162,54573.823435,34670.575123,18920.362189,11362.950028,19665.267133,2154.784691,
54468.864971,115640.926099,25261.415375,26262.354164,26614.024133,2959.170639,15151.819887,5045.384460,
10770.124898,40508.790308,44688.478155,33288.753863,28470.271357,10689.461775,18152.237613,5095.506246,
52266.311548,111380.171708,36469.515754,26775.373334,26771.516355,8479.254826,10389.607890,3241.720135,
27559.950022,56103.003862,52320.637109,22961.746570,22741.736782,9208.308841,12254.965759,3934.975626,
62922.494044,68514.109174,44678.438990,25239.334490,17629.425331,4514.345748,15492.163821,2104.147699,
30206.630519,20922.827741,72233.871930,26079.804247,21152.277011,12096.706461,11735.893497,3323.356931,
72428.113252,76206.531255,58546.192483,27280.729233,17413.917029,14213.241484,10587.851753,6448.508925,
40260.438024,31936.325571,68073.619337,25899.811954,16342.241287,3922.668874,13099.959171,4868.071924,
82143.423816,55953.879788,57170.319555,25069.759876,24644.239341,9615.989375,24938.221880,1339.077532,
41480.480435,29244.952450,66125.612157,23578.543829,19934.565743,3532.876453,11072.510453,2803.095309,
89573.148860,37814.631887,59774.839843,27622.310137,22456.854639,12364.347772,18958.622309,6381.302053,
55342.982419,37719.366107,59055.675210,25173.566942,28027.229897,6845.707398,16998.216958,3267.260563,
78105.835290,68759.052990,42431.226947,18217.491918,19194.229083,11381.768796,9325.582718,5621.506280,
44485.761219,19483.624971,59731.593325,23858.720009,20204.188137,16574.203855,4823.970619,4994.573670,
71968.563382,71541.561899,32881.491542,21485.388211,17902.028550,10245.438890,14554.520335,3806.764938,
40426.446751,18367.841843,42236.898749,22938.739957,27772.177750,1712.395028,16999.860274,4069.283461,
68463.382998,67956.912156,44641.139970,27851.266782,16328.802204,15323.083771,20465.338295,8711.871464,
26328.777831,40826.288100,43801.329925,22415.253624,17930.272219,18433.154634,15982.838210,11831.683761,
62434.569378,91101.153080,38661.606635,22145.019691,25779.434483,12252.994181,14970.665580,1447.998329,
29416.687787,45741.783291,31468.249612,24278.894386,20908.208770,16520.803298,13925.799951,6594.323851,
38040.470569,101760.647657,27163.769044,21599.981550,20015.987671,12606.995778,18885.162552,4407.699733,
10901.992007,49978.948990,28413.866146,21139.170275,20355.021436,7577.361268,10331.545886,6607.799774,
43006.212696,100305.623412,42137.395115,18764.686330,26869.921448,4279.980780,14726.470994,2299.196407,
14897.361387,53416.929416,54280.979009,27704.529395,26060.762011,16375.607538,20235.112486,3000.809744,
46040.229619,118231.017541,36746.775795,17057.952564,12771.755085,15974.450671,9175.247952,4857.539475,
19500.106273,52111.615277,51604.581043,20331.138322,31979.258478,5527.439798,12948.084071,9107.116657,
61070.614664,87029.990961,50302.701720,12790.680645,26321.611766,10308.048687,28980.256684,5477.944719,
42065.697185,37749.596606,64410.152131,20305.938001,20904.265844,5813.143174,21182.811021,2204.031436,
64544.180245,105606.395197,46765.150950,20587.755139,18565.190061,4547.693350,10276.066076,2758.402309,
41016.854680,49895.822622,58081.445510,21011.519849,25314.441257,4257.405869,13208.039994,2109.733265,
76415.031544,86473.030485,51597.574553,21738.782583,14416.004839,17227.704528,13919.745224,2499.728941,
42502.243740,47024.054293,53105.107898,24344.721219,19672.605365,19487.841584,12389.923528,6374.311557,
78901.255653,62411.817734,45283.164524,19685.272499,15806.837299,6354.768064,11372.240891,8073.683167,
38521.016560,27771.087039,33829.540941,15769.681066,17550.759918,12532.470410,3571.373069,9030.130396,
71570.489356,53563.988963,40163.416709,22453.719740,18680.955476,8100.617212,10994.250330,5282.416488,
43322.288822,28583.484178,43437.245391,22843.376216,26844.975943,5653.325711,13634.272724,1634.400489,
58468.007054,43222.614861,23578.369473,17008.118217,15637.495479,1853.945804,9930.577737,1688.810393,
27002.570192,16218.001119,32644.142544,17456.038492,20629.547389,5858.507477,15591.765699,1512.702188,
47628.801563,43675.704017,24451.357724,18293.117469,20164.287300,4591.262602,16114.214299,4772.949060,
18140.202428,20207.634648,33389.139787,20401.624644,25452.352732,7900.087712,11273.334700,7214.170276,
49465.585705,33174.786459,31593.948078,13242.920662,10678.974801,13045.684867,11274.903243,8236.937993,
10125.384353,21399.103763,31970.791537,9128.795397,21675.122312,14563.719052,16216.127621,5639.794697,
30692.707803,43729.805494,33418.345716,19829.340971,14130.908837,7972.018396,12656.319357,133.917011,
13304.465354,29909.395341,45413.047185,24457.507881,24568.534167,6361.549535,9672.550382,1349.137805,
35164.217511,64047.242116,44546.274544,8810.489613,13673.442645,9674.761206,19233.070849,2446.021983,
22827.696619,46577.154015,49870.067699,18031.241221,18486.624763,10456.454765,5805.988829,3156.547533,
46483.195966,65681.513451,38864.835852,13482.348289,21545.791797,6594.018189,24038.582317,3886.660937,
29548.264306,44343.219269,55759.748132,10551.539950,29713.468139,11272.488535,19881.830464,3452.758787,
55965.533464,95079.788218,31690.108888,13924.171385,17063.104752,10140.466045,1030.328732,3287.223870,
30280.992321,56941.907020,38726.873002,14534.688139,23696.093063,284.059562,7447.022066,6029.961768,
66995.223267,85352.735129,30394.410434,16949.467576,9506.888810,14769.218436,8959.533411,4179.644993,
33615.231911,44494.579560,52105.481501,18557.696513,23508.454755,21516.358510,13409.519086,4664.876114,
65511.439445,94877.100446,43196.601951,17739.811336,20679.656521,16858.310663,14000.447211,7388.036221,
41942.784146,43254.640106,55658.239032,17700.736241,14442.099780,12975.112873,5456.508592,4863.107557,
65890.291623,101731.068138,23666.119588,5207.518663,10361.103579,12010.298836,8427.196060,3862.907756,
34940.338722,46561.814133,41320.357298,17945.208422,20417.107934,10732.802585,4228.357713,3954.084939,
57574.128275,87267.879720,15334.857380,12043.681817,18947.141636,3435.462977,18903.441462,5057.579838,
28849.089289,40310.253711,42916.298936,5438.594942,18420.877143,9173.170061,24043.251979,5874.456362,
50963.279308,79862.127537,23228.879869,11861.741271,7075.445980,6083.514246,7121.702262,5018.574266,
20169.415765,28078.137023,30334.857970,22457.138699,18210.014155,4427.646586,6783.619984,8369.122299,
50992.350203,51322.786794,19810.534375,22112.707392,16127.755884,7222.639692,5148.828901,1778.224083,
10168.121793,13872.801629,23613.928889,16157.992664,14235.016550,11069.967898,16525.966883,8633.067061,
37650.935049,52966.907994,31213.550141,12588.617874,10504.254996,4943.603254,10628.000132,6764.533501,
3719.469216,21751.422790,46200.747269,17473.746616,19953.610374,13953.792270,9261.843500,1522.516769,
33036.931159,43064.944571,31349.964617,6061.772679,26168.471464,6961.518414,8768.852731,3972.802507,
15497.356476,28133.198487,46955.896347,16057.935064,18935.928394,15829.168081,8957.325410,4940.286009,
37688.386032,35550.123805,20599.923213,4454.210307,4011.442656,20956.316116,12400.535869,6194.875749,
19102.180469,30375.412882,50336.156853,20600.245629,22613.940402,4546.826536,8630.763825,3888.605303,
45406.878652,41197.937774,27809.721505,13634.414045,20771.060146,8636.469102,7416.784874,1358.287051,
27043.444071,30891.550611,49822.608364,15459.900736,11774.226589,2783.685033,9956.048618,1439.889824,
60592.972427,44998.265110,53159.185321,16427.929486,10563.112006,8631.717480,8515.553364,4003.254234,
36610.598082,39190.249682,42641.370116,11127.753174,20619.031628,12603.995572,14210.625943,1736.967189,
56720.666283,70551.058011,33450.719001,8409.016412,9395.812787,16146.982674,20348.796851,3768.732460,
34878.853491,48157.642436,32161.976355,8362.511006,25571.994490,10687.890546,17934.766720,2382.911062,
58021.285692,87805.746551,16645.365618,18098.638105,15713.759537,9970.561119,16706.923311,9424.568000,
41638.577914,15574.251364,38848.301340,17327.235489,11460.492179,6642.668982,3558.677507,9730.137262,
58333.886771,84785.285614,15563.193478,12301.133787,18328.692736,8055.292351,20544.359344,7475.621630,
26718.895870,26825.637879,39572.122078,21299.120125,12300.987766,13340.988398,10155.075759,10660.778178,
43278.924104,107945.941039,10928.625165,7952.966112,18782.473789,2890.906026,14040.550353,3633.417957,
18859.697942,37849.385801,45138.740934,16107.031264,15900.789014,14623.410666,16612.132830,3076.956813,
49656.875560,80735.863455,38110.836301,19744.603303,8272.425998,15008.481309,5194.860833,5837.877051,
14842.438330,37048.359073,18722.509229,8449.952654,17927.710213,4661.432094,18732.312573,9289.820564,
28720.800233,78976.288146,16681.333594,19972.238223,12721.599356,3874.422673,22199.028276,1002.058864,
2823.583150,34991.640043,29608.183894,11776.925529,16478.423370,3276.851629,19679.779018,7042.248474,
26849.602971,57752.007479,40580.856214,16461.154822,2715.515012,11284.958311,6496.755597,5517.508164,
8073.983323,35621.880599,34197.960069,19166.887472,20827.194311,11162.707226,6135.817496,7379.006716,
24824.321879,58232.109813,20805.481571,11133.327275,20813.721084,8319.124668,13916.463337,4290.367059,
22546.033841,30011.946358,47693.469380,20219.994301,2474.722944,9939.549205,20616.225973,1572.371421,
36200.701441,43519.533562,48829.507288,12601.136820,12559.212956,4205.650673,15226.938960,5355.797450,
30690.347181,32156.043840,44228.325858,12437.034025,12987.941213,7454.621287,10134.740637,10011.968187,
60112.227556,38519.947739,18119.166609,9814.956431,7291.036549,6546.946305,2957.458069,12744.464375,
24649.947185,21167.680386,33563.329242,22942.625559,8508.775274,3452.974783,11470.894620,13645.576971,
58293.186104,22326.671043,31648.581904,17678.902764,8110.046413,6173.424183,15273.474863,6693.331773,
44068.439970,20505.977604,40460.837448,9766.089243,25851.216001,7505.005227,8472.855744,12527.087278,
48786.805177,45432.545863,29328.219310,15206.932121,22479.099349,2017.185449,4989.270819,11882.128109,
31074.672784,20447.543987,23623.682936,22376.504701,14784.623107,7111.426508,6326.789703,9291.479858,
55150.760884,16231.475612,30307.914995,14590.753805,12297.572461,11321.299941,11368.864041,4033.568193,
30381.068262,31553.353575,22095.958704,16077.430845,17737.293940,11412.271038,6779.505421,6438.696701,
59723.641416,44195.211661,24422.611324,16542.399758,9751.540389,5565.346773,4811.389618,7283.041756,
22080.745314,39152.579538,25572.084661,16572.348638,9679.314512,4362.579667,4800.246495,2899.978142,
31120.349495,57476.035147,11898.139994,12165.396363,15084.272252,4588.303062,11203.875972,8033.386555,
18630.796131,12745.365813,30439.488278,1769.039874,8424.458980,9481.917627,5627.974178,3572.155706,
27015.562049,45965.072069,19980.009074,10848.702536,4081.374827,18868.642643,15310.403627,4734.930247,
3477.754065,36882.503525,30113.730285,13434.514850,17159.043916,11043.821415,12798.462176,4775.625003,
20991.327479,59555.426904,21941.540325,3384.547766,11260.360612,15752.547598,4745.647789,2041.878473,
10777.904407,45260.207650,48919.492555,24157.311096,6457.925631,15196.349992,16399.928448,2063.316522,
28249.520424,84863.090890,37628.400182,24174.065711,9821.828656,8132.433786,18375.101510,4470.494083,
16633.574396,33405.506309,24836.429193,10750.642119,8201.354132,10752.835111,8775.006945,3039.943840,
42771.119090,63774.859518,37077.547015,17003.454018,7118.216437,11967.036302,4597.535700,4059.924825,
23187.689816,35949.904782,27404.181835,13396.293663,7290.673931,17504.184956,4564.258745,8341.804851,
37341.476470,70651.701315,48927.631542,24638.210647,14448.934020,14805.801232,8591.942664,4051.502164,
34628.673557,22191.128963,36306.295737,14554.705643,20014.516433,14533.793765,16246.103622,2302.290493,
52349.579448,78485.564889,16179.432354,8992.442495,13024.829793,18900.403468,6322.828683,3930.203360,
36122.925766,55094.285470,32925.976438,16152.422925,7698.261691,17978.101509,9073.129577,7997.415182,
50644.302690,63115.018937,13245.075063,16352.559951,18653.873515,9165.613861,12079.180299,5896.204253,
32634.232823,21300.366089,29353.605620,5611.323308,15294.974662,9319.870771,12854.430288,2262.167909,
53139.979094,54142.278240,32465.955027,19497.936032,3238.773377,6878.208086,8675.757462,7410.988386,
14532.314959,42087.231450,12170.263734,23434.386193,16738.492845,1782.261962,7227.084158,9515.685581,
45051.929510,14540.741423,28554.429198,9654.315795,22088.143910,7208.146487,10598.059981,8917.439318,
18876.416458,7573.479495,30380.298743,13800.571538,8845.590476,13657.049895,2032.187924,6806.564136,
40882.761764,24992.941768,26093.513361,12875.421350,11609.210067,12104.039609,6200.802486,3612.755254,
12360.676230,20616.351987,33193.121213,23035.379887,29510.799722,7093.303354,18592.025317,6119.259574,
22520.359228,15899.652104,10280.704239,7127.213666,22508.702635,20166.459318,17777.863654,5983.689432,
8586.297462,16502.273191,34397.073690,13971.528561,10618.483565,21435.479277,13168.474852,2330.977241,
35878.069025,31711.917876,21418.819290,14462.984024,25027.512822,12375.497680,20821.270173,4387.344355,
13911.998589,41988.460576,34165.967125,4568.611906,14733.662126,10902.527709,2123.269294,5991.603080,
25653.359806,38115.879855,24313.394368,13086.957866,12895.335364,16751.427965,21648.334086,9922.314898,
13029.213414,29881.233876,27232.684527,17717.545201,11620.250659,18773.217335,16599.636336,11336.791993,
37227.490165,34751.329737,21191.520587,12098.562319,27868.289806,15281.647535,2524.123069,8100.555485,
26085.316017,55779.244026,44433.557014,11652.780893,14585.870808,18768.236022,12727.614583,4307.187403,
37980.295473,84286.738181,25470.771230,6054.337536,7043.084644,22908.508664,16082.261956,3691.001575,
22052.272645,14465.946734,30886.092596,10832.312109,9391.629967,26439.367673,7902.199990,899.865988,
49884.338728,62092.867643,31954.127805,17622.746875,18977.558439,16072.187883,6830.870476,5914.131368,
23380.965769,40011.488693,20691.568826,11989.751307,8123.393832,19933.136806,5108.788709,9543.949373,
53269.442961,78652.978428,18041.715533,16417.932254,14654.501179,30415.832057,4514.042160,5575.273622,
30377.204277,8698.272141,33044.215969,17991.534466,17131.370033,27788.199500,11162.879464,2593.418385,
46187.217134,67774.591808,21530.277502,14189.538474,14411.960503,21609.326504,14600.016386,2425.160009,
17674.630268,38607.614608,18552.436861,12248.063802,5569.693106,15981.917598,3129.356912,1173.925406,
43481.684810,73280.280261,31312.587797,12551.569905,15261.825667,6685.095673,9934.028955,2745.040314,
21949.733179,36819.370370,30587.549698,12703.163925,14756.523172,15335.888067,3779.299682,6538.028224,
27223.674235,76915.173700,5109.039837,11975.004936,5263.456358,20720.752173,25226.349918,4156.104431,
12272.577314,46379.896117,30936.706805,11932.471394,9108.129704,13136.319249,22923.501312,9992.378134,
37644.919021,33797.228894,25537.388057,10246.992339,5105.941481,6581.795680,6064.535469,11656.729469,
8070.471986,22300.939833,24882.278350,16428.758600,12028.172285,4394.542673,7422.591126,2808.525177,
28499.200218,46631.930013,26851.832492,12622.254605,8008.007089,4544.487553,5675.148334,9027.765394,
4754.389093,26133.897534,19586.810002,12334.924310,12666.408941,9947.321143,9773.133476,15228.305936,
25284.246037,35001.180434,32795.133823,14345.808549,16680.376602,9400.453876,3459.920893,16900.647120,
251.310051,38696.429645,44397.188073,15818.005966,6880.722166,9042.935162,9517.288141,12837.241172,
26798.924523,12353.317598,28615.662853,5812.295764,9902.698378,11716.135682,2081.387537,5077.228015,
14352.271418,31531.431100,33695.233443,5026.893753,4795.428744,4818.728353,4697.222123,3445.837450,
29195.318566,32829.364033,6128.936160,13563.780709,12511.215324,9473.259194,8678.104295,3287.368590,
31670.087804,20358.916271,31513.437386,20808.853145,5747.627748,13550.641242,6982.131425,664.212288,
45502.851790,26214.541957,11077.573832,12847.682943,13995.003716,5093.343990,13621.620351,967.975723,
28680.063375,18632.955457,24562.933383,19723.493743,10543.055396,10112.435406,14857.435553,3498.475873,
48486.809930,29747.129681,33342.855658,15262.936983,13225.760717,6287.972975,6380.607722,4933.554679,
21860.866122,37392.252364,33818.857542,7211.733481,15724.439084,1854.688820,20854.842483,2799.086165,
38279.755060,50280.723337,18098.669193,9954.737629,9107.824639,3462.620307,11083.402400,3617.395888,
22418.784367,33263.617830,31047.083265,10871.215768,18782.143690,8227.539367,7203.867329,5201.438449,
45671.272327,50528.072046,13778.835468,8893.041459,14277.054653,7008.620646,9366.591152,7722.851664,
25291.623502,40177.237320,19150.475337,20396.154583,11893.307988,17633.981758,9393.813818,6275.118274,
30965.188073,69230.480694,9933.288973,14845.971713,7241.137252,15164.248908,8562.758125,4118.197216,
10419.267319,25225.437651,32273.451411,9733.205999,17100.322555,6491.592936,8937.335834,4939.734547,
28786.087058,51307.349122,20197.984308,14316.138861,8279.845547,9947.830657,8389.885902,544.227521,
7855.364979,40963.301912,23654.803435,2751.615637,2837.007226,3865.526949,10746.592175,7148.686462,
20304.071517,83480.219476,22089.753780,14607.989307,9435.463725,7785.740209,11518.651895,9613.665860,
1624.522050,21402.933216,27965.435939,16197.246350,9462.345730,8418.955296,5891.930821,9083.485968,
17618.550152,55770.749206,17407.116214,8054.369447,7519.991061,13982.326363,18055.942798,7468.783772,
16229.730353,33021.305465,22962.737395,10005.591526,11149.109433,4066.206716,11089.837101,6564.806265,
30590.894108,55967.555660,20601.742189,7901.635914,6671.505601,13091.966702,7924.539000,7806.156780,
12052.396497,32825.353543,33711.694747,12008.438808,13996.644602,11823.115956,11234.106313,7638.128006,
29482.574514,48074.568305,29644.345737,18508.498751,1632.706103,2224.989458,13497.142528,2934.539176,
25263.662316,31553.880053,31627.600907,17637.918894,10532.657469,4453.419503,14958.985607,6549.381228,
37616.086199,16989.554744,17587.371999,11517.432088,6120.722230,4558.010249,11546.725251,8299.429357,
17390.992552,15532.790730,24911.821750,12069.854944,9389.125798,10168.920020,1856.370124,2217.361295,
44953.857178,37922.656075,19092.045144,10644.090650,6060.012771,13701.701032,9101.917956,5104.768758,
26099.401743,39846.428271,23258.522084,1813.750322,12740.662358,11005.484940,13286.611034,5276.277536,
39013.027130,29663.141122,15238.359158,10117.458720,6515.446818,8929.376967,13079.849118,4205.743607,
16354.519861,5930.273342,7263.986450,3245.476764,14640.424448,16619.481090,5136.973453,8431.133727,
42366.461501,5375.536286,29449.521217,14746.576870,9510.343323,6411.949886,19376.623825,4143.831444,
20046.635843,36174.174950,36357.861828,18334.978304,19230.083398,9165.371193,15765.265931,7027.340056,
26600.918152,43438.422074,19927.590693,5899.040941,18966.506931,12433.659667,6211.083235,10795.966125,
14962.194160,19250.952756,22813.687168,11025.013809,15824.941247,6776.263621,13336.491236,5778.865361,
23123.636761,41002.158543,13774.072736,5190.902354,10165.015675,2657.379837,918.090587,1570.651399,
22226.756673,20733.817216,22709.147118,8881.741392,12426.593413,7569.520115,8737.959357,4816.753917,
25525.416599,49575.842003,12369.614209,7694.565950,4324.068326,7609.749459,759.888797,9448.461254,
3064.954625,18260.673583,29757.051491,13991.135968,7946.119553,4777.168665,7335.697480,8800.475827,
16058.733050,49918.386410,26718.385273,16388.654402,9486.903359,12310.728365,4945.814308,6029.618830,
11896.074218,6871.813035,29361.991257,16105.721511,15345.056080,5245.300253,6959.586008,2374.714556,
24108.666922,49935.917666,20732.277609,16603.428831,6866.939664,7660.747064,1685.961969,7903.608831,
15014.081496,41483.425073,28120.199205,4149.624088,22639.920174,9393.313728,12420.003519,4284.089660,
32365.452661,80098.873846,20779.747686,11486.454347,15098.747796,7530.032207,10874.990315,6733.712924,
26775.858627,31721.415624,27216.863331,9972.154319,7624.799255,15919.050808,9840.046971,9031.338889,
39082.085336,31374.060221,15680.957971,10816.204690,10340.741358,15699.554073,14619.630725,2008.796490,
12656.331650,35392.635107,24097.020041,2534.845113,14326.462556,8051.536247,10557.964030,4977.186837,
35049.463192,63064.018469,6500.231169,20045.149121,6122.862157,4951.843387,9744.502434,5471.057551,
19602.804316,30812.066926,37850.182220,20703.784485,17185.814343,1991.648927,12857.402699,6147.790796,
44268.619117,41291.290359,25113.688844,17357.677006,5671.517582,10344.781921,8197.845328,9271.465388,
9028.821701,21295.325982,19892.686705,13459.731507,17852.915188,14302.539568,10724.338541,6365.430237,
42268.390528,38373.072727,12837.840675,8531.905801,18915.317655,22145.587760,9279.182090,3114.967920,
15784.950321,11936.684767,17518.266205,12996.327926,10324.201812,16196.432539,1105.256098,4819.568980,
34012.539423,34952.832792,8330.529824,13547.011327,9571.612704,1430.237968,12886.292112,4273.216951,
13265.055797,19178.081591,32523.044609,8231.259490,21607.412284,801.165745,16440.318729,12271.053230,
38015.025118,12455.659905,24623.516348,9200.426877,13486.786130,14836.722330,11945.579590,11081.801729,
15741.949041,10645.368624,35942.319158,13780.083215,9805.394939,20169.043525,15505.784123,6031.121429,
22748.793588,36361.146247,23412.547903,5028.483341,4835.429603,5664.373814,11898.147634,3435.416681,
10365.705170,17379.080456,28487.893647,4140.322365,3485.445150,8559.434413,4367.462574,1754.455376,
16028.527287,23757.793844,28745.165565,9359.526341,9876.768809,5789.227395,7426.726349,5442.185962,
6856.208132,26787.711638,16930.359677,15303.774581,21239.324971,4798.834321,9612.094316,7258.548166,
18066.645108,26140.013048,21807.507748,4452.439775,9977.942176,6398.966620,6298.906566,2186.888329,
9516.262627,22519.520700,3378.684865,9452.046287,7967.234173,16957.708916,13653.170001,5770.621374,
28857.745623,38792.683566,19198.108965,14029.293916,8874.434967,15227.223061,18411.495603,5682.095499,
20474.396183,16304.827802,14140.486445,7444.346300,14118.548613,8232.366769,5174.427031,1839.170127,
38585.363797,46431.015143,28194.691368,17396.205764,13274.211867,16772.924519,16573.778779,13340.505273,
18642.872133,37156.348058,35034.085432,10574.986003,4072.161145,14882.069222,15631.402569,21490.141711,
29456.905813,59364.048445,27341.924987,12135.220639,10382.909229,6752.706259,11636.034401,16499.850855,
26343.092581,17732.464802,19691.226120,14594.912954,18563.409631,6722.154227,16338.270987,6170.647656,
35420.814336,55608.649121,12087.828970,10535.923724,11244.708529,14256.184812,5058.229388,8215.043998,
12894.351260,39566.369665,24720.055190,17623.636477,4360.695842,18896.725159,5825.111338,1555.502504,
37978.022248,55796.260735,6193.546542,844.405362,5769.921811,12652.885634,934.029169,17099.632083,
15108.354034,28752.266050,24553.075968,13441.480470,10964.239704,8024.491662,4875.988318,20693.435733,
41253.762076,45872.526316,26388.067389,15385.543197,4213.568289,2374.066674,2441.630834,11126.710271,
27251.290016,25522.482220,27620.187544,19807.928430,18864.034718,9899.291794,6958.071496,5196.911648,
17999.249766,33421.342255,20899.522880,8940.060941,9371.367751,13867.511119,1806.568351,1933.838088,
6747.981406,5738.346721,28413.930794,13396.739502,15675.895983,11839.755900,11789.735390,2341.144755,
24461.322839,40588.614806,12616.023314,10449.525121,21089.944123,4850.572009,7482.087339,4453.057931,
11361.691305,23910.377838,13816.949111,5726.871453,7212.846652,18577.434936,5229.837969,8587.713752,
13525.541574,50240.181765,10913.034627,11221.231307,19754.634537,18112.696400,6771.537873,10549.835009,
6477.495744,23230.622250,20837.194624,17936.388418,8707.503902,11748.164835,8572.464066,7096.804454,
21695.782584,27599.294492,26577.322968,15906.813233,15688.363036,10015.381562,6068.144773,2325.468094,
23808.431921,23320.326491,42684.578604,10792.501208,19211.749461,4048.234481,13838.583486,5763.003992,
16281.634172,22614.496730,15233.311709,13858.936099,9048.447392,16710.296691,13252.982359,2472.023728,
20774.390095,7608.645527,22491.705289,19413.359435,16341.414050,18099.373977,4315.096755,5728.558656,
30677.357665,20228.247981,26588.062254,11631.892101,14403.342387,9210.292610,14023.126894,8695.825044,
23151.404465,16156.084927,23273.263185,11717.977040,17530.541362,5671.336823,3781.670093,9173.376541,
39794.252834,11920.816980,3782.352232,11028.389646,434.594292,7482.194066,13040.613006,6545.264311,
26414.540516,30264.950933,26533.909928,8195.984740,13549.447171,5634.782493,9043.590412,9211.097986,
32405.190671,38729.329183,28624.746910,3887.893216,5990.521483,10894.385680,7982.743142,3347.465641,
16451.247046,17819.545554,15259.426445,14498.459013,12930.707979,11944.858748,11097.565869,11633.623915,
31549.828529,25768.670791,13198.087077,24421.883965,4945.660313,4206.991876,5493.113854,11414.910177,
17474.415868,24692.859414,27373.609231,22050.737566,15366.421375,3267.931084,12864.013851,6321.264397,
20663.287258,42874.319117,14123.683990,19524.594167,5778.455981,7469.976465,5324.443298,10527.320868,
9829.469006,13173.989550,32212.084711,22081.377966,15812.474767,11290.725125,5879.200036,11795.026143,
27113.824328,43111.922044,22798.610556,7915.221934,6931.246421,2576.607708,9026.812462,4103.095242,
12384.516527,33473.309291,15346.687677,12009.514837,10876.571974,12537.951423,23998.491265,9905.436863,
12066.674796,64192.202653,13813.189262,16324.510248,4504.883108,13854.814332,15067.639925,8538.063265,
16271.969080,22405.439917,15708.719933,5328.985312,15246.153832,5448.880527,6171.241475,9150.303408,
27082.479359,39275.460208,20136.254781,12531.740965,12761.608455,3492.773955,11817.546966,7211.343536,
11115.693957,7624.304611,16642.754265,15606.359306,3355.107666,5670.956896,6546.504226,11298.968520,
33590.144057,48716.263332,27969.536777,4630.364982,9024.782732,5687.555373,7148.561039,9688.023441,
1583.093597,22817.580670,21434.070880,4321.735362,15002.934734,4945.176742,12585.538280,4208.963149,
33336.380062,35826.926259,21441.737306,10709.119401,7559.861375,15614.143923,23097.401240,5443.135226,
23020.324744,8186.959947,33235.590035,13229.359042,10158.829383,14628.881491,12627.634905,6698.383036,
22402.885264,37971.420609,11666.328354,11884.321561,8268.887491,5375.911700,6000.125796,5375.244240,
12270.606199,22941.171518,15055.575898,15242.429146,20261.533888,8772.763404,5299.536776,6686.986309,
39144.493959,31743.870183,19891.249658,1777.660570,20287.034563,8001.368683,12528.473252,13563.795847,
23522.532259,5855.532058,19359.623723,8945.680408,14137.742076,17540.622034,15500.775451,7379.776211,
29113.312975,28468.249726,12766.981944,3260.757345,12269.046554,6933.520556,10733.049611,6981.620801,
10386.521516,9136.114140,23065.984855,7288.085483,10051.626941,12375.030569,21347.513126,7842.584786,
25932.571780,31198.512687,21890.713702,4328.286636,11073.077307,6616.618094,5385.311927,3375.038427,
13191.268880,23297.690241,28265.805666,13558.121080,7054.718162,11095.465812,10795.970961,2391.484830,
20738.857799,20350.020202,10979.876034,7489.839149,9318.429936,16501.125893,951.015791,5520.264395,
19229.570935,17717.558257,17014.525436,10862.670282,9333.506377,14735.937894,17109.664254,7957.878966,
26399.621996,21271.912008,26204.680298,19436.353567,16459.378656,15732.382685,9565.089468,7318.330562,
21291.701131,22940.030844,20666.509226,15981.182775,17142.831594,7871.219349,12253.025847,6484.855654,
32038.286417,35103.547728,11693.963314,7998.983903,783.110488,4213.306896,6370.443497,15783.864843,
6735.350665,21732.404242,21669.247606,15288.036212,19861.794046,12310.668260,14726.367046,14764.796933,
18089.661291,34877.016081,27412.489486,3876.357405,16124.864765,14664.081554,11397.743506,1803.171451,
8170.398272,22788.374397,25488.863290,13079.012564,10998.455064,11272.953469,16091.045848,10920.691906,
23735.446912,51514.195860,14622.657243,6973.065861,14539.240189,2501.425277,20266.768146,9891.958936,
6708.075822,26042.496369,17195.270153,5960.693557,10093.913426,12920.545806,4951.996914,3907.361874,
27421.661106,50770.197179,10160.987051,13267.419296,12242.247017,14082.702564,9506.099549,4496.082106,
26713.231198,3295.581948,30923.986868,20173.265337,10438.672270,6272.338038,5169.427727,7915.668029,
35569.686924,48527.125170,15085.831822,6074.923216,11240.433048,499.383888,13296.007366,9692.928498,
11164.109068,16489.049452,27588.391693,15331.937269,7525.372975,4757.317878,2760.629613,8182.755570,
31851.124361,35567.379568,22325.540285,19790.266609,9256.240506,9613.468717,11542.378163,10451.209207,
18807.502897,9276.352500,19124.228204,16588.058735,11581.490077,8002.765771,7865.729155,5669.325247,
27735.038346,54148.822088,16111.871864,8271.860236,7202.887001,774.614516,17373.385748,1302.632940,
8127.596761,16654.630278,9033.115287,14127.332421,11306.229342,5831.809631,15428.326766,2610.792005,
32512.051795,47499.812708,15768.193335,24334.809837,11931.894710,4045.535687,2662.836590,4020.173931,
7068.311415,15520.633251,18891.408893,8484.074623,3975.933728,8473.887181,8756.705096,6826.244561,
26839.352350,44327.421932,9262.340991,16627.305264,16570.259323,5752.873000,12897.502666,7879.099457,
6131.845047,33625.680248,33580.469644,14287.326499,13386.456281,8015.419562,14148.555657,4668.235342,
34309.027196,12316.587699,25284.736453,17384.813659,979.347626,8329.814144,8878.777436,5170.577209,
7856.684595,18341.260236,30921.041179,16156.908771,9740.244386,10242.955641,7920.269081,9188.827815,
21176.521195,29860.345264,20273.569749,9078.553674,15647.560461,14893.495193,14711.254972,9210.950196,
7110.261874,14054.649268,13869.274040,12856.055739,13977.336287,13736.924609,4888.387215,6519.016726,
27855.122174,18015.532403,21635.406961,16883.890474,4452.058558,6785.048034,6075.724890,2322.228198,
5956.013055,16942.804128,10574.259338,20290.407699,13680.722697,10738.462397,4773.455511,5228.639816,
26479.309343,27882.688363,17024.914184,4292.155992,5796.259689,20183.933945,6437.319047,7192.528032,
6993.739540,7425.869478,14481.604764,11893.636081,8335.552102,11183.342867,8172.183608,3646.740690,
21207.774753,19546.999955,29936.825531,18632.224701,2558.510279,7430.451447,3231.808368,7966.379435,
13287.190212,22694.713505,33472.545357,14479.687293,16089.877627,13024.152885,12847.271245,8283.804836,
23875.517955,31298.771888,5193.460707,16891.123267,16385.825683,14354.691370,14816.093443,6249.083352,
21224.427141,23778.991533,22493.152180,16456.847328,1977.742555,19608.131549,4388.281653,7139.259368,
33729.193516,49953.956005,8357.360405,7724.848662,14643.940729,10089.930893,7076.335518,9920.904810,
12059.196228,10915.332670,19190.797316,17066.319267,13913.646942,5539.113168,8859.676509,8439.821645,
24593.455374,61467.567438,16883.398397,6630.699337,2080.516894,9769.132811,5447.657404,1154.661130,
2188.242384,19782.338340,13346.301266,16185.019813,14796.139480,6739.580676,13741.018504,5802.227168,
25668.462339,37299.023096,23874.719745,4315.454738,20503.924278,17147.374516,11421.117928,4427.621826,
16837.884518,20149.880964,23335.985966,11001.629180,10692.920280,18234.317566,2120.170272,5292.965053,
27672.155774,53043.720839,22296.669403,3526.678561,12848.519725,6218.640724,1392.472718,5722.491987,
7051.421326,38882.488559,13365.037099,13380.526127,20287.141518,4458.960045,3947.730268,3360.945885,
23563.843893,29185.636700,22544.371608,12113.656570,4632.082537,5213.086555,3651.543137,3508.915155,
13151.358328,5393.109408,38984.831472,13502.614650,17077.976877,5588.871777,17478.737262,4062.016301,
22939.673152,47086.225701,15379.482041,14970.439685,14418.290940,5964.132428,12829.557944,7604.713975,
6690.272189,32489.973236,17558.870034,7391.096039,7485.295583,3546.745962,13532.440519,6660.169528,
27220.719171,39443.498778,12167.372234,3856.888890,17293.589276,9429.409072,26554.295933,2859.692174,
7545.666991,35733.842535,13131.938630,6930.107153,12891.871032,14288.478943,13358.606357,2431.050224,
24042.377326,34027.527272,22617.388658,10114.826455,7209.231842,20261.379688,1503.933971,2016.945982,
13428.087816,18435.424540,22329.803079,11467.176888,5656.492561,23798.797870,2924.823321,7491.623200,
29959.896273,20062.046597,13493.466948,10862.513747,8196.140749,7311.089348,10493.494985,6251.657622,
4575.521593,3571.279702,10544.197406,14189.244603,7417.885550,11254.306170,4975.173513,2203.860407,
18465.266530,22586.269934,19720.509949,4927.536535,11920.421640,10073.369409,4806.880982,9710.868262,
10276.970877,10551.174960,33432.469513,8581.238178,9007.700073,17758.344371,6525.994989,10273.578231,
25212.035497,11249.163910,13619.958206,4737.968930,4802.836177,19608.727610,6520.657352,7226.682669,
19342.752933,20618.188017,27022.357379,19418.919066,7394.301254,6385.975768,2145.401624,5012.137914,
27864.290554,35316.343190,33478.698078,11847.908983,6494.643849,2791.489528,8465.651012,6772.320875,
11208.368105,15053.373787,9965.068209,14075.038926,12632.728501,3157.198575,1968.472641,4916.059188,
31809.869385,28129.009657,12774.558375,23253.532105,18140.228280,7674.255403,4785.071191,6700.373590,
9146.625010,5995.242056,18590.561018,12613.124119,8978.574489,11527.366947,1979.426087,13364.354102,
31546.847650,10925.443919,18760.327407,18090.214420,2437.307327,14484.297776,9520.333378,9615.840039,
9154.705382,29434.322415,13139.929222,14598.290126,6823.157469,2987.901462,5053.093178,4621.332270,
28701.550059,42990.467317,17461.123051,7863.094957,8136.630093,13940.755491,6107.000594,6476.223124,
7356.190302,27273.986321,18370.647125,10198.358237,12233.979747,19177.364179,2679.425594,2576.209802,
17826.695054,54983.326409,16131.811755,16990.979394,18221.507110,14561.902560,6972.830662,1453.923120,
7744.215831,23401.175773,23047.558718,26339.445734,9789.653708,14069.881354,7987.621875,5337.386772,
22070.188760,28572.221049,16724.585187,14191.438806,9902.935674,9723.641078,1968.873656,9736.727736,
10054.916425,32087.878982,18846.251944,9556.484884,8458.074002,2938.604763,4604.131771,6948.177729,
29242.289152,40735.603320,12763.445291,4739.297541,8075.162272,5442.190507,9093.196973,2631.707922,
5882.480138,16839.811472,25471.829969,6343.174224,5170.009497,11071.101940,11262.541864,6293.781106,
36761.147368,29613.115522,10925.748287,7356.854341,10199.682410,7300.359435,7421.998110,6175.944086,
10623.641938,9795.996497,29466.088016,13268.431083,12278.982859,2962.326333,10164.685189,3606.473237,
24817.721855,33761.157525,19851.097960,10192.966229,2938.360083,3023.735488,12768.891793,1469.898472,
7746.034742,15910.321321,20456.793597,2528.724235,13964.593707,1091.268666,3878.664389,2809.783728,
17025.031994,38454.886569,13865.384485,2501.146643,14245.741489,8056.671606,7423.335796,6911.484177,
14255.867403,19056.520297,7093.970964,6885.784538,5056.963288,16841.164695,7985.968534,5541.595947,
37492.939859,14409.008059,8462.299755,19726.462884,16739.937194,13240.351408,10283.029012,2266.168875,
15282.416867,2574.774304,25202.542824,17552.982834,16602.714140,10774.640763,7031.164095,3209.978997,
25834.296493,22665.646994,17143.697423,9592.315063,9052.899687,13489.803776,8523.196891,5765.495836,
11509.333752,14647.349510,16757.597860,8533.183238,1516.610461,5614.087412,6773.897406,12846.586793,
22486.634813,10660.431031,26401.301096,9804.978692,5713.247572,7822.653452,5477.949142,10325.754107,
18589.610013,18091.421485,31076.010379,13613.326982,12372.457946,13786.372557,9251.831148,3337.813369,
28013.844031,24161.562767,14456.491874,4821.970483,16069.890908,15029.786221,19592.482780,14652.958701,
4908.557948,23942.095113,19096.612502,10863.843014,9395.599596,10904.815785,13279.961886,9247.669162,
20050.532565,33403.231785,14313.210433,5618.438571,5381.725085,2525.601159,5252.056164,5943.958225,
9889.693815,10206.420326,14432.437526,16280.571453,14044.196704,5512.044337,13628.957702,8297.030246,
19749.406633,25786.403254,19987.297568,4209.791802,7269.601905,5089.450886,8359.509759,10007.346301,
8301.615877,18001.628317,16208.289857,8538.010006,12266.053425,1939.723065,6934.418351,22426.582498,
22065.218915,30738.471145,23700.915280,9854.685415,13722.518710,6329.410195,11990.858138,14311.177945,
13410.398190,20593.627841,17117.221990,19113.359282,10206.976122,9720.296897,10691.619875,3659.581351,
24505.015781,47453.767388,27157.320649,13876.180428,14070.482249,9439.183275,14329.619699,9692.653435,
8169.474831,36669.883453,20468.833854,3164.517572,4449.876275,17416.191564,6052.199314,6633.646772,
31870.352959,51024.446849,9754.022948,4901.459205,14770.762700,15520.178131,8276.637085,8783.411237,
1976.508350,6926.930483,22301.502579,3502.660552,14091.068864,10249.024748,10916.968761,11458.969245,
32747.191729,51036.131798,15205.673354,12517.890848,4781.761377,12532.465201,6540.376030,5806.084235,
23027.932108,7891.136058,14308.114425,14044.080538,12328.268106,9286.164758,12485.892975,5894.559062,
19060.179327,41281.664853,22146.131208,5479.915610,16024.068421,12291.194804,12754.072176,8119.630654,
10621.352797,14385.668858,30198.759271,12341.987369,1536.965936,13808.334286,3668.259194,9939.147238,
30623.053712,38973.649217,17318.470459,2705.676633,14689.716568,9627.462536,17671.486119,10893.496871,
16065.036791,20672.131702,16788.262153,15369.407597,17473.429245,11233.391186,17593.036320,1340.651443,
21429.491113,13601.416562,20175.332668,7307.507587,15255.761269,20988.722198,1658.915720,9166.165134,
5230.289373,7656.033652,10407.570913,9476.803486,5095.524770,20900.923437,8972.847810,10310.799497,
30087.749621,32618.933075,18533.395095,5360.944475,9713.921361,6140.323571,3110.883913,6672.376190,
9179.283243,21456.325731,29267.873233,11738.815701,9505.771567,12740.115086,13555.220416,6370.889369,
18764.505557,26272.425027,8573.616400,17010.262925,8519.536907,6505.685379,12904.111922,6825.193807,
3009.314341,1238.783380,23475.690106,11987.214674,3824.617952,22984.205871,3845.851674,4834.401945,
15093.613821,16280.129054,13497.728357,7779.899355,18450.642956,17712.269236,5905.091957,3011.938091,
16628.689834,22814.170443,26763.258868,14219.230061,21606.436326,11759.752089,7850.736688,4630.807638,
28887.889930,30927.026587,13388.930729,7988.865221,8213.521138,19265.844842,9989.885734,3885.930969,
10148.612094,22751.576802,14971.060907,4175.975305,11962.595589,4130.525183,5236.237301,4787.350299,
29839.667459,47990.615440,11659.011381,8036.198519,19747.146181,6742.329590,15519.307682,6385.420522,
11022.401361,4188.494195,20177.911975,15182.557709,9087.194203,6521.070535,6659.474176,7562.060247,
29634.617652,31247.651123,27790.905153,15783.743199,7341.832070,16423.027518,6303.393910,8149.139080,
9686.840416,25064.650957,15092.304490,17027.825363,12791.042225,10028.132582,3359.896938,5646.607918,
25694.975123,67652.080061,9394.437115,8573.470774,11458.931520,5047.932007,19627.485218,6164.831523,
10657.697437,22411.582637,22357.180632,18411.863672,7008.866479,10134.907503,18363.954120,2596.445111,
29023.755292,30644.508193,18585.587272,10724.384392,2367.615530,5147.739171,10019.182981,4271.941308,
15362.800906,9542.022256,16225.384423,11626.061757,5245.165204,376.848339,6143.728762,7391.863353,
21903.487808,50732.101888,26389.826558,5757.521237,2173.198402,1117.669574,5894.104842,5260.475735,
3943.419821,24321.047697,21719.363513,11314.724918,12639.127034,3773.119640,4462.744463,2925.875977,
26452.430890,23422.017678,11728.450985,11618.017232,14829.599863,3354.991133,9819.491614,5698.349613,
11557.529080,20985.336403,8012.716322,1498.113292,5752.310421,15161.153070,11088.613850,8194.448070,
20755.531785,42747.727628,15448.711667,8775.620303,9901.090766,16703.673180,7646.679073,8912.401020,
17419.542699,26354.740138,35149.438876,12057.638283,12455.430721,7688.563333,18209.147760,9212.596369,
30271.589025,16281.807524,27928.720203,7773.166582,4415.031496,7849.344080,6731.630066,9766.812686,
17706.301262,9315.276267,14363.549633,2993.679792,12802.995866,7685.570165,8583.840138,7157.833296,
16090.988150,27638.576427,12205.389839,16782.178501,15358.408861,4898.494851,6122.733253,470.058607,
16825.466391,14166.957994,17378.302772,19970.675434,2984.517467,4154.099044,6672.241036,6369.019636,
28828.583359,25020.048585,25854.117881,3997.788484,9903.002322,4628.293211,7776.527836,4173.868700,
1621.787828,20422.035823,18554.926268,8331.980197,8587.013001,9829.364193,9040.435341,4830.288087,
26885.546094,41004.085531,10677.242970,6246.342499,3312.535274,17405.883518,8729.906560,8415.282346,
15959.838425,11439.151199,13496.715317,16163.804854,6820.398743,5384.799696,6609.003332,9218.700698,
24558.505832,36642.254029,14520.449337,13417.094565,8113.462460,12267.235478,8142.342564,7169.341484,
10944.608121,8540.622061,12990.802907,16252.592513,3414.367283,9286.210144,4072.104039,1213.155189,
33092.896175,24631.088691,17748.900173,20121.190077,12778.252723,7343.111208,11506.985479,6204.507990,
18215.608198,9330.332996,31722.609185,24179.850193,12463.277726,2221.315821,15971.540652,6790.350526,
21538.716338,41989.044722,16733.018612,14594.284712,3825.086454,10773.347512,9552.318681,5218.789510,
9504.553174,34812.845745,14914.517963,3972.323258,6215.972324,9278.912152,7914.266006,5112.538570,
17094.202992,49059.963296,23876.112965,9686.347450,6536.089840,12541.264610,10305.752304,11568.510083,
6948.048379,20749.296650,15082.635931,6754.121323,8936.677933,16879.768117,6257.856339,3910.356709,
23259.294804,34522.962469,13077.644967,11924.358165,9296.944414,5019.003777,1354.531038,8538.053061,
4889.242400,12341.068021,20641.392046,8491.920057,4920.741864,7369.497442,2742.568294,6820.090722,
23261.229822,36279.788497,16736.715254,15140.006501,2241.474702,6516.277196,4450.314891,9502.166653,
9731.901081,17252.230232,29266.654529,22824.829081,3655.663005,14788.898074,12466.857908,15406.186953,
28995.267474,22262.570700,6806.097974,15113.191242,4349.492265,11768.221262,10416.732459,5882.206132,
13942.916657,13373.903730,27466.033533,21532.730404,5812.442493,1994.863893,3106.217087,5508.070252,
35174.908317,8431.354889,19995.767513,11981.894379,1586.316063,3443.760828,8324.220023,6683.473953,
11431.500292,16654.056463,11709.862659,13394.554706,4850.196526,4100.704284,3261.593923,4589.466662,

63544.000000,1778038.000000,842691.000000,2846201.000000,1047917.000000,3473367.000000,2203427.000000,1558256.000000,
2796918.477677,3856191.143601,3110728.781991,2207348.002288,799158.758785,2163283.249834,1542192.454363,1034608.660824,
2440901.572895,1995915.962815,2197209.445670,468959.825876,366739.974969,1026020.884703,587838.821398,127430.258206,
1219027.350710,2303911.731390,2122876.285094,1093827.610236,410516.375180,1372324.837773,456157.347083,284870.310125,
2038718.032772,1751514.028296,2391853.792529,650778.207634,883587.459180,875521.943671,240767.551907,247440.431992,
633058.489900,2564473.565949,1177751.054138,1212364.783597,2103411.010705,2930213.124133,1287815.525156,314979.261488,
2524759.565969,4346897.219566,4322404.093431,2253870.150178,2661989.921929,4127865.290485,2501125.347613,534372.426343,
3628748.396375,4897136.564906,3986996.778947,1554306.450288,1883016.768398,3914202.203175,2505425.444681,721925.415820,
1951704.234659,4203273.019248,1620129.602735,367926.888646,1503239.440687,2475814.246001,1018192.153795,449390.097539,
574112.680733,1736197.388990,507236.500372,199547.042909,1810761.567977,915700.697490,688831.391507,198749.844992,
948140.677787,1746959.330319,207189.436715,448285.943191,1287254.609415,701987.752226,878925.884587,133926.140862,
713639.078619,129277.608654,654090.269468,324037.059350,504531.367879,495084.374827,304158.335047,106401.722092,
989732.595257,1738037.884650,436455.454280,71852.807623,389377.194500,351800.619873,387115.952262,200036.091788,
131758.111339,1032155.246560,615739.340951,138887.052345,518156.765265,374902.811149,447396.687785,114294.876125,
352617.222123,1000574.251669,723470.570427,41760.496577,403135.655174,233247.836552,390654.669201,31422.410480,
350267.303744,436370.340821,233151.268228,124634.417464,196769.385832,150107.652923,77142.091317,37089.793763,
486784.173527,855646.779033,430074.065179,186946.689956,136833.518188,169767.407555,338898.803682,42924.309654,
111412.088105,450587.151982,288058.053386,86283.856221,204297.995896,101293.268908,145863.336729,52672.594691,
427438.417729,542448.916327,297727.189418,166224.489154,151949.960657,170737.869411,214556.332989,72176.956438,
33293.964673,240114.408972,380993.411417,161389.219747,345656.922392,145138.616640,220454.423444,59683.340603,
229810.767314,487112.742797,82055.704060,70186.363715,126145.075876,58298.480770,133622.167527,19340.492689,
132840.130009,189241.303328,289746.600633,87818.092157,119277.419995,26132.632852,102836.796883,62785.229853,
235318.762380,387529.391400,296446.476655,145403.120677,48061.830118,70430.264292,62068.852557,61605.597894,
172908.820234,161482.284309,364220.148083,98635.754900,157082.828176,67970.435910,95473.602560,28236.282449,
298318.080912,294413.384151,258774.162965,94301.278337,114762.723240,26887.807354,88874.507229,4436.219373,
169768.117991,187093.554473,272984.659330,91310.146042,173828.427790,11013.095490,83618.129438,27623.858855,
322418.080861,252344.563035,164431.448427,93061.550211,83811.789745,37324.349792,45090.463635,11699.644637,
212284.452773,70815.945006,275916.809957,85888.562091,142584.627110,48823.849083,111356.352753,19964.938753,
381400.504332,183441.626170,128180.596843,47380.811914,158776.203840,29540.948432,56826.123263,2140.557526,
221960.644695,114401.866250,262474.250979,77308.720044,68821.875303,9342.511327,94914.546820,38608.733699,
323775.430223,286182.937164,219561.591847,70582.473889,72372.626133,33734.113670,89879.576942,33427.982551,
135377.468985,62317.180240,220495.996778,62891.727197,94521.551779,33215.643991,69297.874343,3776.184236,
293035.365848,282490.380945,144144.677580,77938.042453,96167.014087,25749.757794,64806.878704,10321.361540,
114355.295344,67109.781047,189960.414149,86136.649551,71768.071446,43167.404423,40232.936354,14707.673633,
257779.064627,250313.937737,122984.182674,40036.978110,45343.713248,5439.089663,36861.236451,16198.296052,
115153.114056,120560.364108,175640.069975,61235.392180,99878.859324,33918.166227,41482.825174,16289.547680,
191956.370058,334954.875364,145065.217492,69850.292357,49819.925770,18622.847559,50701.816295,17077.808192,
52479.277866,75356.529552,157882.013673,70037.709407,102605.458158,26451.996910,34598.739850,10233.498905,
176537.081867,317764.369364,86325.334443,47553.557493,60665.792494,15550.173219,50259.019642,11924.168733,
61918.036566,143915.998888,105269.583732,48303.037711,73790.659534,25742.044201,53375.239673,7238.395808,
168762.468990,296834.100726,117896.592595,54066.145697,67177.368497,19577.077205,38195.491359,13251.904270,
5903.526129,77451.443210,130286.586925,64199.671482,68908.721474,25563.271470,49499.299856,7001.720911,
135000.956568,318795.803962,109545.301791,65054.852497,52865.307510,18630.701568,49772.233923,6704.254675,
62446.730604,111128.987072,135258.502301,52775.978777,56264.896175,11320.635000,32888.792591,11171.700911,
159715.875804,263801.787876,101201.118735,54980.340256,60987.758928,20275.149187,48792.371519,8673.992316,
59569.347704,90708.836940,138910.447717,49473.078986,75318.492670,20418.384205,37486.190385,11233.402426,
160713.571161,267537.024091,95360.527907,51233.248510,68120.228202,2771.594283,41383.890355,11926.242753,
92112.549048,88129.903766,122787.329316,51756.787837,42709.753729,28512.431886,24009.721027,4841.032216,
166005.757361,226768.627805,117526.071279,42518.901791,43880.190917,19630.270159,33115.566672,9615.017102,
115853.838156,88150.170368,142388.765711,54711.683461,48510.467298,13172.166376,26986.053296,4804.413856,
181457.006553,187296.805069,119042.842549,42695.877442,57956.416296,22858.848143,42342.725193,9088.048125,
89516.497330,76186.908473,133628.394614,48654.898408,47387.278988,21619.092102,21206.041346,3162.592424,
178581.613700,159987.035345,121501.106448,41785.169208,56914.524838,17005.500418,11603.135427,7444.867338,
90404.537670,57386.854222,126817.557270,48785.578890,57251.199874,14101.073234,28353.515299,9480.101258,
163875.534488,132333.213741,87276.103041,38992.464301,41771.427805,23550.644330,35903.303168,11004.919605,
85982.810935,48512.218841,114766.934764,44756.688624,41748.487838,9946.099970,18370.494739,2710.081575,
156239.736285,95236.332927,78316.785407,41082.803087,44135.903155,6951.834949,29482.982710,6827.250705,
59448.029873,33435.808541,99306.428382,47170.583900,51088.294129,9977.778784,17842.167779,2359.976479,
126805.709857,109324.614447,74741.752513,44238.364934,53178.063801,9664.583547,30499.531236,1377.937515,
31356.708903,33551.124997,89493.021211,47198.437159,35472.082663,19213.478589,26138.029042,6542.056700,
109542.330483,103575.605282,70396.945915,38345.353723,49543.663533,12156.787499,35314.259382,7019.943443,
26677.593019,54397.103473,86806.413511,44488.796169,35321.054698,12149.556157,16084.885381,2544.777603,
97769.725373,138487.435136,58859.946924,36549.219732,42453.139954,18560.275736,25437.067092,2965.915407,
19222.685067,57279.764848,77819.981656,40030.447558,39028.150169,12373.532115,20392.200837,4352.038943,
87895.499203,163506.706459,74180.650116,42505.744028,41787.917186,19888.693121,33436.452440,5930.675763,
45085.201329,51718.692502,84156.467422,42682.844915,39641.982336,2628.142856,27975.883948,2626.497493,
105539.613808,167251.357053,66795.888161,41503.710671,46414.946741,16543.921031,35026.138281,6253.184286,
53896.142359,68603.911182,96248.936329,39003.626647,43071.854603,13272.312002,23876.047804,1449.018126,
114277.296474,183455.044440,75273.970674,33378.509360,38491.810546,10636.627073,27549.923442,2988.608323,
61909.789208,67820.145997,104374.465887,37755.145720,40668.330019,10597.147905,22965.315161,2538.062448,
130708.610584,195529.104439,75030.347793,30108.087435,44563.657453,9571.916427,23381.815921,3380.126937,
64628.874811,57939.675585,105774.590259,37565.768369,33435.794504,12429.610972,20545.044375,548.369036,
134732.162282,174237.941381,81750.427905,32826.817733,40423.984295,17550.836486,21587.200905,1891.543301,
65559.283991,73484.973148,102612.798680,43448.100084,32416.991515,11731.417882,17136.577169,5396.125526,
130943.955086,166729.218701,74700.716059,30159.427890,44442.933868,13204.490913,21597.059450,3632.971041,
64330.649158,54289.938717,84552.412247,34920.331180,34976.157003,4567.751761,25966.645141,6010.273750,
123575.369052,161824.212979,64794.723004,39179.480323,38777.234501,16640.169200,30727.735008,5682.832167,
54910.911490,58930.896530,78069.489410,39913.252002,24523.618103,12351.890714,19991.815425,2308.722771,
107659.315738,128583.720935,54781.946184,34841.365282,40850.861537,8870.312006,20148.340428,4737.967203,
37708.102907,53348.210215,71069.348245,35980.243307,25374.433388,15899.363654,18612.806867,6077.239913,
86754.618479,116947.742222,47424.236007,33307.922321,34164.880170,6558.112032,29031.446243,8727.529217,
24987.639933,46390.543048,63322.581820,35495.244537,29493.151137,7055.909218,23432.954106,3075.761330,
75488.663602,88319.809035,33975.758538,28159.308444,35805.334267,11894.438885,23566.435335,3244.790143,
14897.060160,31035.452686,64420.211031,35561.560406,30564.315336,13308.263237,25715.149128,2932.798988,
60351.159919,74288.202306,42179.707701,26264.997395,34882.707125,8643.011663,24171.647300,4866.412359,
21973.222652,19100.688975,65837.720080,34693.519218,26666.432082,7440.352005,17091.909777,4221.738859,
71520.776290,66728.209911,61413.638429,29356.509702,34549.927083,25005.074843,22486.246281,3842.070922,
35972.643788,33074.277548,72816.844929,29693.125140,26830.486081,24275.647774,21303.111770,4638.685744,
94808.141753,80403.866946,66516.878085,26390.854264,38491.324442,4448.489582,26795.950101,5391.639301,
43904.409208,29055.704912,70477.157173,32181.386149,30045.546190,11357.263862,13265.057058,5700.231400,
93913.064345,82731.593855,68191.347694,31826.491217,19607.254217,16842.527376,17424.177560,8753.672439,
55265.224084,35584.814982,88924.562468,33140.358065,25556.514820,16514.953774,10703.464835,6864.035709,
105079.434500,100466.849193,58723.945615,24996.739788,31676.818217,3022.748500,18301.880863,3357.372502,
54980.197887,48714.968037,78006.023374,24894.475851,23932.968320,8301.808517,12681.182541,4971.026095,
104388.284860,135840.211800,60279.288688,24285.498142,28839.329723,7093.810603,20006.995099,9470.454617,
54149.921174,47262.376559,66240.663282,33152.016966,26468.278961,2657.293826,15507.458741,4598.218797,
94999.773839,130002.629377,52955.088573,28890.501209,30657.629749,4294.541385,19393.158575,1682.085977,
49817.003507,60379.937044,55979.019528,23497.806954,23524.896787,3388.332178,16168.108747,549.401054,
92168.838941,122468.784348,46848.227267,26871.925193,33433.914815,8033.910134,19081.887461,4513.399040,
43650.481316,42233.726154,60337.943043,27481.469140,25907.166347,2761.762297,16091.272572,2812.052511,
68184.029002,140178.737436,39354.418566,23328.455471,19616.830929,14380.127578,19294.560507,9539.478469,
26887.097043,55304.108664,47453.061416,24639.760565,21812.973843,19090.423522,6814.659847,11119.770731,
53842.632468,127177.608580,36943.720990,23448.341742,26682.866996,12477.693122,21736.868810,6784.461927,
21259.945475,59544.540471,52283.830581,30913.954057,19574.628656,13729.782058,14415.820376,2242.711359,
54334.778874,111954.355613,36089.844611,23082.735812,27800.505494,3432.698791,23301.063151,4742.342044,
13271.904671,46939.862265,47161.664803,22635.755595,22572.535393,6153.639215,8144.639900,4666.267611,
58873.564852,90051.308942,49886.146700,21846.978577,28761.057426,612.876948,23995.326671,1318.215263,
17218.841977,37351.284613,57160.710060,26504.832227,21238.774301,8945.242765,17109.633357,3797.581417,
65571.911569,83061.502368,46458.307737,22662.665637,20283.271557,9700.975243,17767.414294,2523.597615,
28339.900772,19192.431357,65007.080268,25330.974586,27762.274334,4582.705092,19415.031100,2396.150439,
73486.266295,89427.926239,46594.075079,24671.475751,26740.335442,9484.236134,7971.932970,1392.296497,
43856.136280,36789.914601,75068.992998,30465.554799,24826.482759,10717.484889,13003.869507,2819.561772,
78695.874420,59698.758825,49965.519552,26648.780095,20459.835151,5535.450675,13528.435931,4390.956147,
57141.251490,30469.518789,61732.386980,22394.541379,24337.887026,8296.910402,10940.716729,5706.346008,
91608.759217,43606.475261,51270.146591,25517.492803,23286.675847,4952.518543,19193.527783,3222.462317,
46531.329046,25210.391285,58165.095837,20266.501897,22009.322126,9314.468476,12839.869221,3576.850836,
87843.174523,58180.115277,47195.535265,20890.829415,26474.746003,7862.700494,19998.083755,4097.536330,
45926.170523,22136.857258,49189.343460,22408.356719,21222.655772,18036.391404,13563.699551,3222.582221,
77517.974804,61707.260890,45231.624811,13856.489169,16855.396653,8829.515637,14244.964461,1437.786862,
42117.964603,23926.147852,53167.236829,21225.254930,26913.475637,7221.994282,14877.407413,1985.831143,
65260.671257,68765.897831,35020.764055,18407.127530,15762.112518,9051.020405,13581.671860,4419.968002,
21226.460018,33615.754317,42669.270904,22111.364454,22294.045995,8137.414049,18285.714437,3658.683806,
58936.198988,90305.083544,24630.014642,9611.041780,18893.176662,10673.596945,20563.885375,3341.504702,
12747.446125,34716.120347,38815.203422,18157.947868,18312.017005,13052.978967,11005.788209,3068.006190,
45247.556334,90173.571630,24507.480183,20573.352441,18151.768327,9818.816511,16238.860859,1808.144993,
2160.193909,34212.461260,43838.805928,24635.263268,29160.352065,7584.140876,21358.040858,1607.993630,
44873.142971,101268.586053,49532.002536,17918.664806,11590.010489,19040.352483,6798.167571,3892.716124,
14221.060289,48267.022810,43963.571520,22642.643479,20593.536835,12277.994815,17652.907243,4903.787235,
45879.394743,117247.950270,36473.417063,18571.072292,22056.114330,14564.370539,17738.182186,2796.536785,
25966.941585,52794.605116,48242.180740,16557.970336,27386.750221,14278.184019,4766.122904,4270.751085,
62837.919054,102374.817606,50270.526245,12408.257810,29002.586059,7489.099518,24963.637978,7949.914485,
44375.678594,50721.233940,55762.707286,14138.833192,19010.285359,10112.741335,16965.530155,6264.157096,
71285.821865,89080.141851,45373.679983,14062.908593,18400.706774,3914.410795,12937.202425,3036.805192,
37575.402359,50362.652092,56533.577138,16303.709484,30358.402314,3985.517914,16554.783738,2604.273089,
76743.556278,92049.512153,41290.203026,16024.966003,10124.134182,17072.393496,17612.331892,1977.782933,
46098.545384,38926.087913,63110.129343,28229.667798,20975.733937,19333.576023,10828.780265,5810.105827,
79027.231211,78161.703819,38259.255819,16043.078750,19509.837934,5218.587147,14378.626826,8690.980274,
41075.546760,37560.969042,52409.500137,16627.793690,16583.144538,14742.803427,11771.288439,2709.038203,
67590.476847,55993.810570,37109.379187,15293.177204,18414.248376,9864.550348,9067.391163,4491.218905,
32335.164586,14687.405589,41485.747334,17643.530109,22957.356147,4292.012991,9677.973127,3212.631639,
66076.260814,64623.104674,40192.400464,8058.109671,17263.652842,16641.091982,11579.281252,2597.937352,
24051.261304,41225.195261,28275.360175,18307.716580,21731.251003,17940.502454,15455.079207,467.338353,
51681.668933,19464.353786,20503.747704,20270.881185,19852.532329,6599.544336,16598.652914,4450.614968,
17500.580576,26795.986050,22383.151918,12717.580522,18830.514417,10837.317013,18299.025574,3092.365546,
34448.277583,36413.822088,29016.894868,13220.299418,15903.917626,8097.539827,7870.515445,7245.311015,
8511.162367,37474.366146,39774.567838,17545.984100,17328.835714,11818.142809,11692.291411,3052.386973,
35228.265152,61895.121881,31464.854142,13342.298767,14899.842257,8515.926157,7418.269869,9767.423318,
11127.837046,16562.086454,36527.510300,11230.096159,26308.126971,6181.296031,20729.020625,9126.456876,
38735.211692,47677.135917,51388.973423,8632.002999,12956.768247,8274.668216,11044.172325,4057.565576,
23164.270163,37636.232719,55231.422608,12887.200209,22126.241524,8020.048942,15868.295211,6287.428688,
53378.924855,74667.732703,33773.151120,6396.028140,19910.987210,7780.274614,8868.247939,2296.594177,
32190.403507,34990.516864,51446.013950,15282.606975,13881.761613,11475.170246,8819.025890,3407.907591,
56445.127101,84856.492746,35605.269374,9496.729898,15787.473380,2346.351663,14770.289169,5413.978598,
41781.946702,38573.029342,56302.633518,22924.396093,17066.715758,12498.276660,12993.572324,8665.304827,
68441.933152,86178.614503,40901.305467,13792.222258,12019.866063,14156.250986,6971.521285,4726.313742,
27946.960010,56669.574642,46848.232506,7528.359779,22175.509156,2285.276525,12393.421867,14406.855823,
68066.973689,98940.548109,32118.861003,15137.204536,14732.129024,9649.575326,4455.764072,14800.139362,
34693.850017,36931.168946,36318.154809,22471.007928,14896.272482,11789.825331,16114.062991,7989.291795,
71590.275606,78165.977142,37361.128590,9261.886150,21494.055985,5627.811706,14189.724238,8231.687809,
31965.969073,35395.865042,39561.549842,14021.789076,14728.499114,6430.257120,10595.265744,7189.538503,
55594.225012,87559.258817,20118.815865,16092.212965,13352.912500,6376.430608,23936.984849,5553.995502,
25137.401090,40352.083958,34540.967685,19180.631601,21203.321731,11997.572422,9469.846261,10976.490829,
52043.597548,88859.388525,19198.690649,10469.544666,18717.708107,12797.568111,18545.493781,3810.134583,
15772.479458,24937.769492,33281.332427,13626.336782,23727.095359,5735.938644,23720.051304,4221.688014,
39271.474928,88580.704074,11570.544918,6968.494814,6657.803363,10337.873751,11084.232035,6975.376786,
3779.991295,46371.877958,34998.457024,10225.884029,19774.459277,4951.021882,14826.950311,10639.779503,
38640.728649,47880.074729,32018.029599,13283.386396,21805.880645,10873.325517,12687.741762,7054.635342,
3637.090169,28136.627926,40789.042641,6079.230166,15805.447187,19337.269820,5534.586582,5921.798531,
31205.970726,45186.784531,23070.162186,6792.106052,20000.183290,14540.159329,14176.597383,2625.897824,
18689.905567,28209.879597,42723.034572,12701.166246,23959.755724,3243.495136,13034.649978,3168.697222,
41637.298149,36791.547139,43516.965731,16002.775360,12059.904393,9668.072109,17360.071715,1584.956069,
25672.214415,39674.591101,58936.299016,11258.853941,16263.474299,15412.310851,10524.434930,4656.960927,
47817.562313,38340.860001,36651.730070,12375.157851,13795.562291,9023.555554,17648.179052,1212.178293,
29033.647792,13287.486661,36627.522130,11185.906699,18654.814788,10432.480567,11748.346013,4662.351837,
68556.743325,34055.471251,32574.375695,10139.796657,13259.199583,19757.761164,19545.612928,3898.904591,
31762.551841,30035.345874,37116.004683,14438.443743,26339.976699,17678.281301,22126.192753,10739.585012,
57045.821837,66151.539391,28910.606069,15706.589268,17631.116574,4327.853899,12551.893722,11502.167949,
29473.816217,28848.427936,48921.830199,22343.858620,17546.398465,6612.540814,8859.907497,6476.215111,
67242.490098,55590.072427,33487.192225,3039.716264,8119.113075,6955.132131,12711.056856,5915.187761,
30552.280279,46135.509716,47718.816113,18014.171487,23546.178139,4059.786556,23416.413284,8244.604644,
55392.098536,78674.473575,25967.004558,7238.737835,5671.546521,8758.440162,10567.480580,9296.766595,
33289.475110,28393.238856,23978.458443,12954.769216,23752.966445,13473.139444,9933.060480,4295.871591,
50561.171448,68827.229299,21539.180038,11574.948331,11407.039251,6664.630331,4833.209538,1583.162228,
20533.326922,45175.476585,12984.719277,11423.832525,18701.028551,8600.976862,7167.638573,2172.221021,
29721.213668,84448.749249,9471.067335,10199.968990,19978.113928,7107.817417,12006.641207,7215.323444,
8425.870865,37558.114292,33286.427750,8158.374393,21100.175012,7629.566450,16486.792478,6692.631999,
27221.887977,90065.453494,42863.541869,19835.877873,16253.284686,10462.952782,5841.292713,13264.608347,
2966.933095,40238.872039,44474.854581,14037.795968,16108.951441,1857.343350,12983.176405,14343.540267,
30085.125493,72333.730594,43725.748409,12358.033318,17359.508470,13649.690406,6221.261838,4920.184317,
16020.463002,35858.782083,44496.928018,7647.124807,17351.101049,11832.298771,13448.181062,6007.437011,
32554.844903,63733.020216,34629.102400,16548.727738,21936.931058,8645.100776,16026.559386,1943.202170,
22344.722679,42813.746677,37497.575261,12038.325301,5528.210552,17396.909815,3041.234115,3378.245131,
50355.289395,47009.792782,34141.155440,12318.398307,20823.334173,12185.519077,7531.089859,1038.057156,
16243.234295,29590.770207,42048.576508,18677.107099,19460.248454,13166.544607,13884.038212,1468.719974,
58359.596849,31420.666020,30687.966260,5087.106745,5883.796312,13337.820912,17400.840191,5059.512869,
26135.000365,7241.359701,27947.414684,16920.578452,16775.421848,4214.925355,10117.528885,8603.267159,
60272.258367,42101.575393,23612.894252,5582.152098,20543.968662,3481.149986,16306.152096,4031.459870,
34413.586441,16860.177381,32231.500358,18003.375276,12390.011455,3584.028633,7631.785565,5686.007242,
53291.178010,29246.367458,25610.651033,12868.667386,18727.268103,5669.832828,13279.878047,1643.151326,
39636.149802,42800.001043,29103.959891,10537.457507,18916.117396,10743.517484,18269.450202,5963.531305,
56864.012124,35184.176130,32195.677675,3403.860448,9107.836828,11029.748463,4216.318936,6186.608141,
23724.368398,25288.462098,16453.727998,9853.507340,36513.859034,3469.863799,16968.558075,7466.555465,
46008.045961,40678.415672,14312.993667,14732.533374,26714.377153,6600.967773,20756.664709,7807.774092,
28050.025950,36910.764659,19181.477195,7816.483845,11373.113379,6201.446549,14754.795837,4242.728456,
25331.737074,67408.851159,31650.424887,12232.866520,32005.312676,5621.640879,20058.223907,862.885289,
7916.109323,17178.828090,33183.711811,14837.974702,22933.051657,4183.317281,14241.191500,3705.774133,
21375.125237,73623.721118,27102.327707,8212.842239,10390.364547,3294.034060,3837.273748,1265.352358,
2957.258774,18235.649103,20835.163696,16095.389178,8703.972435,3129.201678,12040.581765,5739.748042,
27902.877240,55462.137658,48508.002763,23859.553298,9723.132210,3697.428059,7284.014682,9819.969123,
18347.942005,14781.437512,45448.054525,32217.634807,11941.636053,6080.511629,12809.494140,12317.566286,
31905.271294,68028.066127,24453.313878,13212.329654,20693.756485,15059.046964,15069.160365,4628.682238,
16617.545015,24024.257920,36789.728209,12550.654956,17722.400613,19019.603026,9039.553990,8147.080765,
42133.734893,60896.890766,25810.027732,15220.106405,20291.378015,12286.197354,5110.820372,8110.734810,
25647.692640,42030.078703,22185.789768,18907.908259,10368.960437,13090.128437,8610.461356,3786.450820,
43578.157864,71326.580181,30117.680167,15785.736307,13029.209545,6719.947721,12460.224190,7091.710010,
23377.964757,39767.995158,34128.505874,7850.919188,21805.559616,5616.261789,23773.128987,4850.031511,
43977.952463,76321.943745,21795.856871,24624.024199,12522.334187,7372.678073,8240.594767,1210.930818,
30344.116661,42132.535616,33427.875612,31154.114986,7926.115820,4006.455582,17677.608837,5646.724291,
54095.803879,48984.036668,28525.922663,12593.775493,15756.796400,2581.833164,19976.225294,5591.118861,
25066.198457,42544.243861,25808.429308,15369.417093,6157.638143,9220.841406,7105.287984,9439.761331,
51213.123423,56894.498923,22677.990331,13183.411004,15248.420634,8076.452511,11888.857963,10146.348916,
24323.936152,21031.583305,20110.063302,16006.882414,7400.040531,4131.353606,3667.255387,7649.261870,
45016.585040,43591.806883,26718.152826,12797.110735,21984.099532,5835.341383,13219.616795,8131.063635,
16703.196847,27739.234947,34360.053436,6683.870281,30026.888848,3207.976661,17775.099218,6544.720893,
34285.949088,23332.118471,4163.597245,7715.740696,17187.748725,1867.914227,10793.925519,6603.436416,
16677.327333,17656.390210,19911.511943,16003.406973,1819.895887,1307.135107,4811.872761,9848.298961,
21969.647297,18530.758038,19362.041798,20589.553858,13837.091200,6929.950164,12124.762712,11445.777478,
4103.145157,20757.641312,36030.792996,13080.121999,20851.394965,9666.711203,4026.847073,11561.115122,
27223.738269,12577.082901,24875.161403,10662.435615,13847.394631,9297.779116,10659.689448,9008.389347,
4481.835749,29118.012625,34768.507836,16242.296599,9484.523427,13566.096995,15558.230272,2484.753171,
26221.106383,38790.299652,29884.419594,19125.279625,15352.456250,4300.574702,8364.695404,6774.962802,
15819.173553,26619.153628,48820.208968,12387.573185,14425.326686,9688.155496,15576.255064,7799.131350,
39388.335468,42886.996172,38502.854545,15506.292959,15077.708519,5873.567390,10732.310328,2335.686837,
20487.389418,25143.257703,25226.482312,13079.069458,5760.899715,8323.648982,10398.817275,11920.028297,
47703.698420,49777.028028,25166.534484,14125.215398,14921.195797,9242.999775,11238.514561,10069.647077,
30174.731911,32328.562783,34732.452611,13443.678563,21315.144344,9371.396470,6930.856274,5274.596800,
42350.458401,75141.649896,27818.846742,9163.151908,17658.039699,19241.398013,12596.528536,6253.329649,
16631.027256,48652.209853,22154.746964,6927.234734,16830.135787,16420.051976,2256.528755,6404.360590,
43810.834527,63486.689097,5797.583303,10527.629703,10002.180420,7849.004262,10678.712908,9989.158374,
33710.734896,23313.722580,25545.247729,14262.361685,17164.978025,9384.711928,9427.327187,6598.140323,
48300.932645,58660.819820,24125.798054,10157.014454,13158.348667,15786.050585,5996.487467,4577.650438,
21455.505889,44078.038895,24195.008253,12174.164820,18842.579117,9572.496416,10009.326449,294.601112,
39485.238275,55014.376203,13750.377862,12032.667503,14277.017310,25615.833471,13861.059507,4549.431125,
23833.197767,42077.734319,25424.782850,19645.507406,7690.909819,20804.046198,1416.478238,5617.505476,
31695.695642,57841.733851,22809.227429,13962.223196,20641.454035,5690.453854,14939.119966,2306.751045,
18480.008100,18945.597273,32343.447293,7449.730363,12304.802976,6639.333371,9607.356987,4930.414526,
18819.884417,61176.763024,17205.999809,14952.682235,14607.701279,13469.224772,9044.453874,7590.889474,
1728.355685,31362.861240,30757.627338,21398.407990,17362.368773,23199.787912,12659.628341,3591.182278,
21945.240423,46682.072785,22165.926894,28670.516446,11096.614078,13791.278021,5861.873476,1026.155359,
2971.135640,19493.986547,33453.349024,16989.697056,10538.477093,1582.572974,12181.885002,4827.451731,
18282.696241,61749.214932,12759.243075,8610.227602,17862.955077,5420.923254,17928.542163,5674.054582,
25734.254855,37350.731622,31271.595794,15034.275232,12786.937582,15988.319357,9590.894198,4711.505933,
38240.767032,31827.710498,30037.878987,16914.069870,11341.389448,23459.913654,9593.773735,3114.709711,
18625.101620,44027.399196,29426.183371,17194.023663,23654.104659,8151.380728,7210.707365,4694.576348,
32769.874751,18174.747374,28566.490769,18500.215203,12362.353607,20815.350799,3722.288559,6356.524484,
19156.804353,14183.901512,31674.325689,22942.047501,12573.825475,24956.858648,10891.695992,7569.986200,
48581.583362,19954.652039,35713.118164,7287.147110,10576.231323,6964.302190,13356.947593,14474.836165,
23538.934059,18007.053295,32179.576422,24102.899588,8023.719515,9783.866602,11139.559743,14138.007280,
45722.170162,23784.644917,15880.254818,14698.830992,11094.619416,12564.739389,19417.301488,10092.876593,
15943.387533,29227.170641,6691.107325,5142.101205,11558.301205,4902.102157,12347.756252,4914.199528,
42186.116722,47653.897443,14214.146042,5466.751694,13883.101392,14016.751742,3268.925752,5142.633897,
22709.431748,19828.414593,18192.461819,15722.790531,203.652274,11589.226323,3688.366107,1340.649714,
39858.654384,38948.417514,15271.666198,13337.700977,12671.154931,5702.093113,13512.429483,10559.333904,
15999.853578,37517.001741,34741.286712,15173.786089,13871.167385,9858.745962,13993.773148,12194.311504,
39999.933152,57049.071802,33129.114538,7718.450610,17519.428139,8788.886124,5611.091054,6812.670685,
20417.301502,28612.317508,31989.893944,16257.562646,5983.143777,18595.653741,3628.275154,42.289452,
21520.744724,67789.882117,19251.921160,21609.372581,18845.034576,5009.787368,10385.031038,5342.581970,
8238.204356,36090.808860,27001.515354,10171.389984,21760.257509,22617.801681,13246.293198,4608.672442,
18723.086596,67329.704688,16046.757991,15229.361967,1995.356241,28772.781930,7184.565216,4493.169374,
10359.351236,33848.987325,42440.768812,18674.487939,13022.354634,14109.238656,6952.562373,6013.935330,
33988.552683,63723.919987,27502.977866,16685.811545,10318.570509,2222.627940,12920.430282,4345.168614,
2516.917158,28115.766896,19939.656890,11951.836983,8626.000608,1676.639194,3878.988481,1284.986539,
29675.728274,57492.954050,29939.875656,10064.409550,3445.437887,19163.705707,6520.462997,4811.044474,
10553.028220,23312.148277,18424.454783,14784.397609,23840.303947,22109.947322,7567.328607,4733.104517,
32390.938775,51051.334135,21676.558489,4049.916644,29914.147570,11899.418263,6613.680074,3460.998070,
24816.820422,32619.650701,23316.306968,14980.400031,11866.019830,26536.886051,3412.621940,8602.302493,
37061.878455,30256.882097,16868.300724,8662.243951,9619.543975,18679.013913,12330.346744,5549.212774,
25431.492924,19233.219967,17092.469516,8877.253259,10549.147378,3132.857028,7226.123859,3673.707789,
44412.600523,38870.106971,17380.086478,5081.725413,6557.202070,5262.394194,9450.432351,9609.680810,
31537.235450,28106.438746,30236.684052,13940.883871,8216.697286,18115.003279,16764.648744,9046.503402,
48486.328252,11075.499427,20356.470246,12094.688309,11020.743472,19530.638708,7367.612347,6042.253398,
18769.454059,16396.696941,18548.028021,14210.554002,14458.224504,17283.179984,7452.892598,4762.137987,
31796.532341,18150.433930,19683.634359,10163.075304,7489.105307,15533.006185,11333.410797,4365.369508,
15136.331040,18378.554778,24845.739941,16435.835481,19036.487114,6840.666173,7957.770003,5514.220219,
35521.717055,23961.302386,21384.602022,11908.580105,17709.279668,2825.384605,1467.545340,2807.636293,
20641.339879,13055.048665,27081.797738,12808.865791,8773.096395,9950.028994,14734.134595,3378.485206,
14961.775906,22969.241603,12775.130258,10474.249549,7754.300411,16009.038358,14517.931166,4258.245895,
14626.552348,19179.371009,25830.801319,4052.254933,12491.277515,17503.268591,3491.807702,6216.386502,
23662.968281,37534.971744,20794.951683,12752.684782,23164.036251,13867.711439,12726.849524,2424.721509,
5423.615121,35571.950392,26129.010236,6764.125123,11419.086660,20777.370990,638.468963,7512.027759,
17393.299220,44822.694670,10162.021688,8283.769615,24194.157266,20879.330176,13685.141607,10781.016814,
12114.766627,22255.515802,31348.643301,16607.164638,25461.005738,12959.479302,10885.740445,5062.249094,
32237.637886,54276.832969,23074.963469,15093.557066,1354.971573,7731.127010,4061.753653,6075.553962,
10249.370395,24748.044810,20095.403635,14171.099139,17079.128555,3535.313940,9386.752111,6349.474213,
32456.967427,47979.527674,14864.029089,8158.578575,8763.021492,9745.276970,8243.060783,2470.451920,
29924.865326,22758.108818,43727.001685,11898.334569,12374.166997,4288.493676,4064.244017,5284.665931,
40132.982573,40149.402843,35352.328257,14824.899423,15698.399041,8915.852889,11374.782230,9372.272964,
24790.608047,27251.113822,18356.237587,15124.660266,19258.871451,6930.131444,9157.585139,13503.093278,
36716.983522,70324.919228,17730.668577,14168.218461,10393.462817,6672.190122,6915.710135,7082.057010,
17434.359011,39869.985741,13614.717725,10813.214887,7454.881860,9450.359601,2290.723697,8805.220475,
43048.750964,44753.493889,24809.620533,5315.077092,12328.901244,6033.993467,889.945269,14843.288300,
27032.541195,26056.126169,16495.232359,7459.220259,421.564021,11076.430915,9723.811771,9374.741023,
23506.159009,38351.390461,9886.648346,4729.323951,13280.317640,13918.718718,16914.221510,5444.734363,
4262.073598,25678.835991,19251.551442,11722.357340,12558.081390,12809.308029,10578.837679,6067.607629,
25836.433643,44099.043430,21936.795515,4550.977352,9292.595145,10529.686677,3235.045031,1857.484563,
17465.034057,15731.585596,37090.318429,11013.335404,12046.089091,6695.663464,5609.111542,5656.458652,
29309.014588,23758.218128,18949.999232,7228.966545,5246.347041,4944.706373,3527.610323,9506.657757,
5828.441516,9636.897207,39314.284112,14635.489926,10419.075874,7376.689659,12079.613957,8936.419697,
27283.395773,13679.666589,24545.851823,12910.062403,19183.642053,5876.349742,19430.841344,7526.463737,
11697.440165,12774.175990,25289.632929,16475.600389,15581.536670,10417.430827,7279.359783,3571.841638,
18117.485335,26769.045251,29783.793142,15108.824247,2166.000670,9343.391096,7312.778029,4259.276442,
5302.150122,19003.363554,14902.727499,6776.283620,6504.915606,7745.074475,4327.629989,7638.991860,
18237.627857,41131.150592,12428.635997,11281.936324,4600.008837,4653.321892,16133.458209,4921.291989,
14558.541021,25328.532629,25061.243546,14923.847142,14215.944896,8222.690740,14384.015908,3374.847191,
26779.977528,18312.885731,18268.472054,966.259537,24959.506715,15231.664917,14486.061254,2032.768352,
18295.482619,26562.808719,17445.644429,17745.608678,15551.838686,13364.315986,10841.664154,4840.818449,
29909.221677,39251.448443,22512.046854,25209.951064,7038.840318,14710.235967,5317.633262,9683.569657,
16578.987573,18358.986550,8560.788908,22611.070335,10522.830949,8494.669759,5707.225708,6799.606499,
36921.685695,45219.956154,27766.673149,5600.692398,4654.318002,6196.835783,9116.524524,6258.659745,
33488.012244,22617.361554,38352.948910,16460.937256,9991.698991,4877.561733,9315.521999,5509.812529,
35562.994691,52102.527934,26051.702738,8000.746952,7235.705686,10175.858896,16387.115646,2994.238296,
12135.147225,30413.849691,9084.431548,6787.956219,13137.203982,9756.709711,13494.522402,6112.339028,
31938.266603,44280.505477,18741.027967,4151.945721,15972.663097,3283.871444,14943.154145,2850.234815,
19462.993939,35288.295347,10268.339332,15347.289087,11999.497081,6568.411053,23389.898641,7567.062603,
21123.832896,52460.342840,19783.584456,10808.170805,7009.760300,19961.610775,14034.849067,8404.554924,
8928.540116,24926.037126,35871.090355,6134.465076,18570.420302,24447.919357,3519.705539,8105.848058,
27153.446608,50282.260178,19281.037501,6906.679118,14568.772807,14060.930439,12300.664714,12433.822673,
17141.919204,8297.280972,28624.410448,8656.506764,7577.074706,5456.132093,7076.177171,12988.778063,
27731.853945,58967.654102,36741.627366,9910.101904,4998.794479,4173.368764,5625.013441,8976.368046,
1141.603952,26575.366605,19692.346087,10351.426201,7966.232186,4726.425755,5008.141717,8117.727623,
21560.343224,51448.401406,21572.510127,8655.897045,7569.014955,4526.293066,11963.445646,3352.416631,
8028.520161,18112.444306,28829.290034,7117.991291,9463.006685,8802.705411,6954.957430,8739.869327,
22599.110443,43106.830674,22735.065889,7306.436118,14996.775175,5718.336661,10766.479674,8606.020790,
5128.756369,12951.701863,23609.701677,3707.385354,20932.014810,3078.826243,12609.391572,1791.226182,
22827.021561,43028.939564,3149.301189,4946.970559,7896.687119,8452.631889,3155.253038,4296.211421,
13254.237779,26502.951814,22445.943263,11214.947481,19185.804116,13181.666135,3493.778368,4278.320394,
35232.218298,28025.894110,1281.496372,3540.502507,12097.360290,6148.368876,5654.894894,4076.531704,
21241.394128,37962.979286,30966.878000,10982.333728,5310.370904,11750.657216,5630.465967,6512.926792,
46873.911101,19674.737769,36572.469622,12508.624202,8710.690153,22545.383548,11002.818830,1240.444847,
26712.188641,20774.012058,16946.511143,5762.236922,18508.532196,22358.626833,13656.218131,11021.801161,
35403.516062,17681.999007,17665.270633,7932.306794,4738.455357,14388.188252,10224.073124,11319.818988,
22263.562550,39350.346360,29589.499745,5877.684457,14469.373543,4248.149929,16903.503461,10519.148613,
23937.338273,54514.954758,14413.836194,8818.518309,15000.158880,9197.478074,19535.606995,9958.270925,
13107.466446,11604.875751,27019.196176,13665.190642,11879.140909,15715.266982,8029.131793,6672.509830,
25895.126360,30987.251090,13074.248493,4143.138440,14723.207472,12822.873946,11660.786094,6106.883879,
16084.842652,18863.697011,23793.419179,13375.450865,20844.415853,4165.959059,5889.115095,5118.468397,
23364.737545,44038.118080,18287.101374,15152.532846,10290.733154,2749.744817,16004.615406,11666.543129,
6967.907292,17436.303020,19453.441356,4701.478423,17598.348657,10386.622142,14794.204167,9204.927880,
14558.270158,50575.391773,11200.088003,3883.489356,10538.646155,23943.196006,7335.731399,1837.473676,
10841.645524,37567.129756,25951.098542,11081.701042,13576.178927,18123.460317,7135.017733,6135.040982,
24712.294525,37208.623322,30408.146414,11228.640853,18946.917455,3248.288804,18224.404604,6012.572615,
6310.415706,25542.618137,22660.384538,8710.763571,11518.653125,12704.775206,21504.974926,2679.200448,
17099.949252,53672.178158,15731.983604,7199.426888,10020.642876,7526.548117,6258.874835,9253.139966,
17257.593447,46191.465287,7953.414365,1382.094738,5702.649536,14936.502321,3017.403340,9472.910388,
40464.752357,60207.265327,19069.116233,9833.456620,14007.011864,10675.741821,7716.916276,13273.086567,
19902.960728,12870.529135,25642.134666,11276.352932,4135.644576,3509.252101,18092.830473,9138.112776,
29291.710916,44476.023207,10886.838328,6556.439606,8068.800497,5764.808183,11053.552111,3598.624744,
20608.937555,14246.957083,28703.692103,11923.831665,9111.706758,18481.448732,8705.242230,9192.205543,
34353.282799,27018.355884,19060.802733,9319.630554,9795.174034,19816.467158,5884.953885,6177.478470,
23424.514178,7857.294263,26961.494208,9568.274266,9621.967728,7159.295585,7630.940505,8160.935053,
32745.557848,38889.618381,25951.542646,12372.286963,11788.836760,6135.602448,9868.471787,8319.474005,
6720.243557,6831.977120,7434.237802,2161.329592,9226.282897,7297.513856,8346.197897,4961.467043,
30880.877612,36499.039999,11109.863625,8670.971878,14448.757702,5872.859074,7207.314244,1959.011168,
12685.992416,11160.271637,10571.267569,6843.369162,14230.455367,22316.560234,5205.898993,1803.635120,
27067.591011,30227.019468,20255.390286,4051.238187,13520.271999,24132.031176,7902.337131,3801.159507,
12264.192976,22086.839182,23600.768656,8538.436351,4985.388347,10004.537023,8422.449907,4304.862289,
12329.782395,25831.353586,22941.425938,6017.448824,18754.112967,10379.618323,18355.400188,2700.900184,
18184.637475,20059.505731,39777.414767,8989.115042,10836.281330,6985.975725,6875.938064,3178.437253,
26413.630888,16320.792001,20872.333669,2283.014516,11883.366158,4106.367139,9510.324021,9217.352545,
8760.122520,15933.538303,21210.578009,7701.941257,18089.754995,14597.495244,8117.930397,9446.954943,
29716.983857,24063.110831,36016.569410,11296.601170,4968.202615,26944.316910,2168.768878,5218.144576,
6747.075005,26551.660719,31827.258090,17525.361871,6368.213307,19691.418290,4184.391603,8987.964054,
18969.833554,49243.029396,8678.555133,8576.335747,10738.367926,5440.676192,7497.661748,7628.988617,
4844.749975,37245.090212,12007.814519,11696.677143,18898.001039,3713.907644,3981.888206,5507.367994,
21902.301109,52655.582214,27382.446451,15545.264795,9858.240448,10202.403098,11925.117464,6927.327972,
11243.622337,8434.207615,31825.520193,14056.529925,6563.364190,11265.242181,6020.155674,3182.475123,
36364.729627,45371.376979,13328.794347,17477.405620,9443.890408,5527.767760,8764.610577,1524.878491,
19996.981829,14157.697376,30372.100145,8994.013965,4199.377935,12688.237806,7983.710289,2521.765171,
31438.979424,51686.859589,6556.074040,7858.427575,10388.461186,1137.376932,8114.828772,2751.170373,
19776.133850,12318.373274,35566.243910,2158.018992,9951.692229,9670.089235,13350.746965,2398.663872,
35402.627045,33015.743812,33230.887789,11704.742164,18392.519225,5139.072498,4652.718836,2836.458278,
21118.396709,9058.509227,15003.337728,16644.908409,10975.395321,17874.138788,12307.537336,5072.058509,
15742.605848,45276.816450,36427.095913,20501.528092,4834.975462,11694.824412,13096.438007,5727.477014,
15987.071455,20898.705598,30097.865703,16458.152259,6115.459545,909.276475,8113.959252,4074.047928,
23902.920282,54124.829880,16067.578218,5701.066912,7969.412443,1559.076912,7146.000750,4363.876489,
6098.153801,22950.155199,20325.420420,14138.009932,8062.463433,10587.828737,9792.181412,3921.619520,
26967.637526,45482.181696,2351.305173,18176.436783,14026.433821,7028.827321,10164.797546,1652.592158,
4166.515897,40011.334886,16774.886186,14352.278709,13389.545448,5809.837683,5607.746804,1931.184427,
20084.758199,42934.720163,7843.523007,4287.519769,9673.123103,8319.507750,5554.263717,3389.876880,
11419.435245,31141.259116,28416.196565,18327.345599,4471.264811,2443.253329,2726.028443,3001.647530,
22091.783811,10918.933736,20879.944202,9672.559499,12974.002351,4004.196547,4403.844199,2031.932159,
10011.218713,18487.118489,19042.690002,11799.483447,12984.403771,6412.020654,2934.781087,1265.004913,
22815.487476,9881.721859,22256.046721,14679.621105,7124.453028,6558.954418,7556.660389,3717.259751,
11643.472473,14631.829155,31010.345588,7751.842416,10822.648500,3401.394714,8781.820399,4563.475026,
29387.424087,20635.045053,27302.219603,9823.380917,7636.739680,277.270767,5627.706976,5448.117478,
11101.601260,7728.513478,2995.943076,19934.129931,12666.690632,3366.135447,2460.843947,8618.785295,
26830.385482,19706.254031,22385.595785,22737.876081,10863.484686,2390.600302,14743.240030,8388.505691,
15373.568426,15116.289362,19060.674575,15042.507758,20999.016162,3103.890225,17270.106700,6284.632371,
25346.316392,31253.387096,18815.844678,9736.559689,3798.932856,1778.426559,7981.690922,7660.109824,
13618.613591,14723.972551,22895.380193,8347.680666,15025.050145,6227.765690,9836.131060,8655.970112,
18129.096235,32995.933549,5184.113152,10940.314914,7078.494072,6623.290447,19953.649265,6928.192960,
17595.630875,25754.318512,32236.023953,9959.705730,9884.832618,4422.547898,13368.323257,9346.099736,
27777.615985,45946.892011,22803.959118,1070.421793,4696.992011,2311.792486,4196.127318,11173.108215,
6728.834282,33235.235376,13453.991173,10324.994652,5968.328137,6664.302502,4693.882899,4106.155776,
32305.992775,57138.255717,17263.663218,9191.008467,6721.953666,8343.305465,5170.914285,5675.794100,
10522.252623,19479.396176,20909.503109,8050.171998,15731.923791,7552.147930,2648.391323,6030.904542,
27768.252248,43972.135814,23761.698706,12276.077505,17239.740126,10308.848054,10047.267389,3433.553615,
13680.666091,23762.989739,14713.798768,1779.935232,9234.195599,15044.282211,9323.083979,9821.565981,
26644.312090,38812.880355,18465.934340,6050.536144,8449.744634,13763.842378,3502.473255,5596.289964,
5163.236583,9506.598941,30527.985907,5422.987362,17830.116804,10276.240565,4373.546394,5144.063210,
19740.469135,30118.002475,17745.134451,20618.450406,6876.903596,10940.232415,10330.262885,5970.668521,
3902.239939,21210.010542,9152.106700,13777.287714,5141.116415,6571.472694,16828.182992,3759.050868,
23389.157044,53990.618893,12412.199993,9154.513416,7572.884659,5381.044404,10563.961395,3578.890667,
7566.329430,17714.796094,21181.728193,16654.728750,11875.995857,3164.527335,7374.938935,914.890709,
25773.645105,41388.056663,20388.535014,1464.771336,5047.605329,6891.029498,4510.294645,2592.984657,
26363.503369,34762.373020,23015.257997,14542.192861,14497.853017,12215.727652,10145.958114,4500.617094,
40097.131031,8378.163999,11127.116269,8130.236057,4998.821896,8494.874505,4112.885620,6644.587638,
8217.712005,6883.515672,13858.232259,5493.093020,17821.314089,8892.725490,13515.877864,5413.459295,
29002.866783,9201.066978,18306.168857,10764.491541,12446.830677,17563.993714,12193.773751,3932.159880,
9944.810796,15209.057330,18347.853658,9882.168719,6552.134196,20586.457079,15512.776998,4037.858287,
27803.182280,13833.026839,15796.995785,1212.951858,8379.836708,9028.778608,12600.493640,2490.396043,
21263.225962,27243.652544,15249.678399,8237.968719,10700.188326,8977.357353,4957.895346,2808.673690,
15999.943543,38544.946691,17052.411633,9164.877345,8340.019057,11893.222061,6456.497216,6650.229023,
10440.173668,20593.912475,18393.426493,10401.818701,10482.623383,5533.445343,15378.691218,6016.253128,
24108.466621,47840.338985,28429.010025,5043.870047,13535.931326,12526.377324,11686.171790,2645.829746,
2604.681501,5004.184887,24450.449615,7568.523925,16029.702886,10049.515636,4809.808527,2472.861077,
23782.712360,38066.142494,19243.317344,6340.496142,19593.673242,4494.147588,2514.383006,6181.087806,
5076.135422,2559.282593,14861.625984,18560.232434,8136.512657,15920.213030,12415.706977,7672.080948,
33295.605329,42506.934964,13792.779643,17802.979619,11134.946437,12696.177470,22882.494434,3904.198505,
17822.371231,9867.410213,25453.257271,12812.130933,6563.357195,1798.917101,14051.988456,5519.425262,
22862.104674,43509.098086,10548.934892,11996.751718,10119.149512,4767.462975,6888.383697,11207.580616,
15190.862388,14799.787840,27172.490769,3346.999825,5865.645047,5557.814214,10735.382002,9330.981950,
20908.473469,32442.245328,17283.492706,13494.367491,9361.006161,5115.905287,1563.077256,2994.947818,
3802.941285,18514.454196,18836.188334,11570.618277,9966.635801,5964.167730,5431.406398,8487.035365,
22668.650998,44320.125160,7423.496058,7208.839880,1779.909490,10578.465206,4939.242452,11161.622136,
8769.775618,25742.732158,11775.027388,6954.776447,9928.571493,13937.525060,3059.363207,7433.736808,
32452.633422,29905.973174,11960.985776,13937.624544,12193.603252,11823.622797,5389.221381,5271.444616,
13682.930187,15569.349358,22301.871106,7866.040154,9538.519394,13456.573972,4543.902972,3341.831780,
31943.040357,32569.175770,13220.395592,10811.463594,13194.590050,17820.786488,11188.305981,2435.567970,
19149.275361,16808.332211,27025.812957,8933.861535,16368.601171,25749.766131,17204.495294,3999.096085,
29154.651008,18595.565126,20224.578331,12526.338736,9609.660512,23526.191835,14126.277238,11353.977729,
16041.148080,15437.593586,26347.973555,17800.594817,6569.056225,9450.229202,4239.342147,13424.452139,
22238.842085,25778.190226,15028.947292,8146.407094,8712.630126,15026.106356,11562.766183,10420.479275,
8095.715740,2404.384913,23474.795982,3488.475147,12293.728274,16131.578245,12085.963179,6278.795226,
12282.144245,34202.485553,29183.356483,3713.191531,2308.876448,5846.580302,4778.848320,1789.364129,
9435.203452,22741.018054,4734.826782,6904.157189,6884.618204,4579.479508,12464.324887,6904.066775,
29675.406447,8130.214001,21340.914059,17135.049062,4468.531436,7025.996792,9568.010657,3778.645819,
4834.578326,15420.467880,17672.158717,16229.556090,13761.942026,5642.161742,8818.284016,7065.703733,
25421.897381,26051.396209,23367.087669,17662.819026,4569.078944,8799.475353,6278.494292,10903.424203,
14262.581421,12412.948327,19120.447211,15082.533111,9905.445261,12335.845727,11922.419261,8610.745216,
25635.519295,31917.091467,13815.972188,3440.711126,13225.412500,7911.481606,7595.521169,6335.646936,
10751.448128,12095.486903,6331.182134,11215.987620,12392.866711,5731.087711,6660.554217,4003.966343,
26347.958926,47013.777459,11362.343659,14532.083621,5397.092181,6422.968643,5099.990734,3600.199652,
10502.123581,11965.938169,12240.321143,16342.543739,6087.559879,7156.999518,3206.153626,5994.355821,
25355.156180,32363.687827,16564.941993,10212.479800,8156.331611,9979.100560,6330.739782,8413.200149,
18288.131263,23715.942920,21586.275716,7790.367571,8225.971174,3098.053688,5477.779467,8647.002491,
20548.102548,29622.754737,27966.922843,10824.123606,8891.740744,4442.346316,3031.379765,5935.108943,
4131.328380,14560.059511,25398.430277,16818.133583,13484.642204,5570.471596,9457.194725,2784.954650,
26263.336590,29212.814935,23592.642554,9832.110423,6175.819372,14291.106153,10120.865987,8993.229706,
14290.393876,8735.869787,19076.795078,6652.946657,13054.088017,8506.720283,11526.290720,4957.614547,
19580.500439,43085.037676,10070.308945,5989.625227,6603.301349,12169.706090,5859.805406,6360.646247,
15227.438955,8148.960331,13878.218101,11151.770228,10996.066434,13714.171538,6599.856520,8957.115381,
23430.510637,38994.115656,8371.223320,7655.078912,14743.213668,2358.184664,6501.851865,4540.757326,
8341.000047,22454.159528,16288.574429,11273.182136,6294.725722,11765.804534,2390.782949,5576.851150,
19689.567139,40532.155907,23580.471671,2580.543656,4239.133311,5669.590337,2512.582466,1995.848671,
5807.134194,28237.632787,21956.270303,17722.130825,8562.565677,16622.945844,4456.652197,2587.350813,
26422.415980,9533.308655,21471.469374,17333.847457,17661.926050,12012.089941,10549.681376,7892.212731,
11719.873918,14260.306445,27191.256777,7425.341608,9650.837956,6218.742249,5574.700467,12976.695939,
18852.833940,26434.219938,17751.989570,15299.874609,9012.136554,9543.586180,5027.493835,10183.062987,
20507.624759,10014.203583,23778.788964,6531.094565,13066.601222,2338.236678,5292.429562,2025.097062,
18224.357842,20981.857759,7361.124805,9962.553579,1909.686977,8162.315794,6513.513479,7220.693188,
11078.047802,20716.452519,14859.944898,7929.121796,10836.726035,8298.643469,10551.432907,10378.250065,
23169.330765,35186.118803,11844.145993,8369.408823,4339.067930,4541.515900,2453.061190,6363.372109,
9334.814188,4550.275601,19529.026455,13611.045066,14951.850600,748.264197,8055.768254,7346.583273,
18627.703997,29551.322050,14320.559899,8019.539748,7541.017537,3322.989091,5978.853108,10257.921945,
17423.527174,11595.915293,17605.324892,6854.530356,5141.224101,2102.607323,1022.839759,6669.270758,
29339.571274,9196.773331,17076.931917,9301.078291,5300.096226,4867.775992,9049.437185,1772.013856,
11276.373541,10525.033871,25400.761764,15446.572817,20742.802550,4915.468659,13831.378732,4220.793959,
33066.933365,21923.540458,30971.665703,9150.149560,16593.724238,1955.657463,9871.472723,4910.613331,
18107.781134,35249.609564,12774.644431,6552.963899,5583.984873,5489.120394,6252.077908,11183.318607,
13814.332130,50975.606283,19475.974578,4411.296726,12352.744546,4280.273476,9196.785105,11232.186683,
8735.513042,3060.404922,14172.424689,6578.322291,3790.532297,10747.969907,9582.780777,4015.757201,
23924.751271,34863.753074,18857.129967,4911.020329,8688.859816,13948.589515,5358.452171,8074.344945,
6724.639896,5225.795308,11942.436627,5335.901133,15921.749806,9913.927125,12145.920325,6243.542330,
19899.992678,40333.601555,19611.287337,8048.816966,11619.481567,3494.127508,13829.631922,1687.488997,
6389.263942,8716.741858,25455.903270,4422.924063,3751.902280,3377.306650,16027.207686,6289.068843,
18140.705372,33821.138727,16600.310249,7400.996999,11534.769778,4778.658667,15657.838348,10962.531196,
14269.398786,17035.488653,9907.540185,1680.509587,4309.684095,5677.761175,11943.096490,10212.386728,
19584.730569,35639.633283,14291.634805,9068.248727,12084.993676,11278.726597,7739.717958,5367.565339,
13319.328319,7188.630463,12221.204411,9457.450141,18566.223565,11360.779072,7807.848820,5467.646180,
25814.800681,37104.458896,12184.965988,6873.597308,11884.786310,5735.469341,4811.980761,1994.149063,
15991.736479,24042.027704,16911.637669,5131.115417,3632.334638,7017.554765,5005.145005,3098.658859,
20956.772068,13575.775387,15423.560261,13387.724473,11223.298893,9965.977359,4159.625844,2894.848047,
14754.242699,5649.306872,19395.846971,21262.495458,12749.795194,7365.135736,8339.040014,3128.457162,
27431.605050,35179.092896,20567.879157,10670.122063,7224.439885,1347.940842,3966.753878,3290.969790,
8768.312342,25753.917673,18014.483471,1585.452741,9884.780074,9515.672840,7510.466483,3451.677663,
30004.409870,4858.323066,28400.791239,5830.613345,807.465798,10538.905311,320.185713,6035.804992,
11910.568488,11100.842829,29935.053516,12645.772216,16706.381991,5530.054203,11915.105667,7991.899034,
21923.856291,20418.341647,18957.120055,5939.206210,17680.534028,6406.363725,10438.642155,6467.952373,
8676.945193,18784.953233,12176.885990,9273.990601,4156.151182,9440.517514,2171.656166,4369.100756,
20210.140848,34458.447283,14831.260805,13079.951750,8922.479554,8133.351209,11706.009196,4027.197411,
8292.535635,10908.159579,25337.376075,16708.236887,11209.285141,2374.441022,11542.823871,2194.941351,
17303.519950,26775.467503,12755.741753,13444.592075,5179.799419,7566.724864,2774.585805,1599.482008,
7250.102199,8014.022318,13879.694486,4223.266234,13730.663750,10527.326743,10424.586131,4098.215877,
24939.364273,25797.692641,21841.784458,3755.022769,12205.911455,5636.259424,9818.645389,3320.901499,
10617.454581,15054.874594,31451.468768,10661.776010,7777.108758,7515.427200,3328.071332,2677.884481,
18112.179908,30951.782288,8607.298908,11500.244691,13745.192927,10858.333490,13664.025357,4023.549903,
17290.312809,8881.415818,14867.181584,4959.511320,11048.048563,11038.655602,15967.834146,1006.476970,
17936.360305,18842.556859,4501.154608,2938.074661,11416.385138,5860.227179,9508.199594,3447.165967,
14101.656284,20337.170489,22870.985077,5044.705894,9009.876942,1958.012060,10960.668404,4244.882311,
21850.518216,43595.230398,15632.924371,136.551822,7054.553171,6592.831938,12948.857788,6673.507665,
13936.246016,3429.669603,29489.977667,6520.708036,4089.636024,8967.979454,8698.571417,8672.836432,

27190.000000,1816855.000000,870887.000000,2844177.000000,1072111.000000,3494632.000000,2200706.000000,1529642.000000,
2852878.657367,3880890.144144,3083574.407544,2166605.734566,822650.188180,2166062.406387,1536232.247120,1011607.389210,
2470731.777707,1992146.148181,2142660.787876,403319.799068,357395.664966,1031399.497034,589377.532202,118742.885616,
1211828.844755,2281450.649110,2149337.497548,1095471.622985,419399.023456,1388154.248346,482492.808787,292861.770427,
2042626.467285,1757392.257280,2409055.117084,630243.877823,879585.563628,884300.865046,242068.064352,253916.432072,
649387.506055,2543473.902742,1193982.447485,1216410.713270,2124974.937081,2958519.918173,1303673.673597,306092.728850,
2485663.862680,4350102.553168,4348505.508795,2251213.418128,2698904.706840,4158587.233080,2504181.042648,532132.175010,
3654059.495905,4888339.317429,3992424.664589,1571961.873019,1887219.410086,3933479.070749,2491420.815377,722473.590806,
2029425.983659,4189973.478203,1639567.369255,372107.948747,1487378.705446,2477172.720920,1001833.060951,447368.834281,
522541.425639,1766592.438279,566965.126684,225023.647580,1811702.950631,905459.271844,684907.479699,204246.855661,
949710.145039,1753140.984324,185748.800129,441195.333144,1291300.829790,701482.332456,868428.240996,137934.668364,
687776.970448,139037.407427,661863.482202,313589.017179,508510.609020,504137.954098,303252.877180,105783.746384,
1015535.873750,1729470.585534,437799.378817,77368.392663,399343.047266,348769.594192,392273.530748,205876.892461,
151916.810483,1035664.959381,600284.074045,117299.173477,526938.473704,370471.903801,441917.924338,119339.891141,
366852.952565,1011878.465291,713379.083041,39932.899214,399830.674014,235094.366192,395675.843334,33117.946526,
330717.871012,437039.617987,245873.186896,110562.345560,196081.105946,154811.252692,78014.072087,39816.936133,
491219.183752,866225.112387,413764.713141,173298.807944,141140.597936,163902.392534,345297.367205,45401.409091,
105686.370276,448365.668553,292188.895301,80192.674075,216316.632370,92197.384578,155458.190829,57326.968131,
435663.416553,550573.677745,287150.203828,153379.255948,146259.884112,181264.548665,213657.560934,72983.219840,
30320.161355,241200.400585,378085.317005,152036.500788,347534.023048,150610.256538,226134.588340,59818.961369,
241498.507354,497253.916661,83001.901408,64683.598797,127266.349535,59191.692703,129743.325413,17836.915726,
125898.929784,196032.932815,287894.138042,77959.768314,122895.206562,28920.098205,103077.625451,61800.921509,
248462.651514,392690.840802,295952.678083,137665.222411,55256.472237,68665.681638,64774.235548,60525.019643,
161112.475482,167820.618804,367940.588625,96871.919583,158534.470292,63779.833168,98861.159644,26235.402236,
300342.906783,296963.899069,258814.888281,80719.901305,113336.413760,24312.391542,92615.026578,4211.141343,
163444.304827,183132.093824,284340.653566,84089.087192,181351.895405,12356.946541,84331.186875,26372.891356,
325694.945354,247852.517748,165847.222900,80094.367262,87745.254014,35409.502254,40718.096591,9022.900159,
205872.876977,78385.503055,282577.037742,76144.164753,145848.363107,43720.683505,113483.104665,22436.395866,
378360.269291,178894.510061,119693.991910,40725.334708,161780.951104,27517.279481,57970.248160,4407.234174,
215803.247356,109684.865813,267255.888316,68104.298926,67976.063312,7686.774677,92949.760990,35561.449715,
322335.051211,281522.085136,221093.557329,59540.467071,76541.590869,32439.974691,87460.505822,30204.249136,
132932.706748,70865.227790,218708.265888,58172.916098,91549.423090,30694.399783,68239.338773,7800.895386,
297441.630800,285605.681725,143821.097356,72365.962346,97930.192881,21790.816109,65116.155481,12366.508596,
108406.039318,58741.007310,187367.466710,80358.913230,71349.295453,39802.550100,38890.601106,14913.151033,
261831.631829,242451.288705,122106.779963,31640.482514,49760.967512,5504.393582,33849.228645,18791.420286,
117843.243301,119698.609419,170072.027008,56117.929950,96384.851650,40241.803936,41444.785032,13990.526993,
194657.485688,332398.463289,144137.931126,66467.906767,51345.019961,23249.943916,50727.681027,16602.345613,
50946.976600,72620.203047,159268.838674,66479.871883,104803.504416,24169.551305,34955.005161,7430.773563,
179178.684800,306550.826362,85514.746319,41516.183992,61582.341253,13423.221180,53518.685463,13611.815447,
58464.267876,145597.993358,105833.054205,40358.647991,75252.095743,28336.132856,55586.977933,4777.442031,
174322.916844,299887.813076,119130.790411,52421.029815,68776.430889,21912.720947,35398.603610,14389.906304,
4026.514414,73364.837134,129537.991904,56786.934955,73223.261696,28276.200815,52840.724682,5213.590212,
136588.983519,318449.301236,106592.895084,58210.076318,54119.353368,21740.959286,53966.318027,6844.956738,
57033.401696,109513.117166,133431.723452,47650.598515,57602.209039,13956.307747,32250.609446,11673.769317,
159463.907339,262406.616370,107087.585829,51628.484239,62438.081166,21625.128040,47824.213933,4622.888589,
58859.768701,94561.861329,143310.666259,46416.420440,78499.992454,17517.781428,34633.446000,11085.065648,
163755.197485,277679.132500,97756.011764,48872.388855,69984.612020,3749.559191,39332.819881,8703.669944,
92445.880732,98695.845590,126935.847853,49061.555679,44242.302203,25830.101718,26397.919519,6986.475479,
170951.258896,224486.286711,117216.135335,38551.785153,45908.357319,21867.304639,33739.119321,7366.786784,
114114.109430,90488.363932,141816.091087,51959.305088,46231.983078,9196.920543,21405.688603,8437.139421,
180698.107922,187769.150082,112086.918620,37447.668252,57370.477749,25354.936814,42520.703425,11676.934475,
90347.877195,75035.682157,136359.255155,46194.382680,48952.115566,24338.009701,18872.250313,3445.382740,
180967.894673,163011.017668,117051.516259,38633.697159,58747.451731,20209.649781,16907.000015,8498.746946,
87261.598129,59193.815822,131475.432467,41002.432153,56388.392382,15521.628378,31216.361593,9760.917598,
163577.207347,131546.585344,83137.673919,34700.666665,42300.275432,22422.985745,33897.946165,6011.011903,
82970.801596,43790.562965,113334.200601,41169.330990,43618.908774,14773.813153,18455.603501,5503.921167,
161264.772995,107298.373672,76127.386605,29758.653203,45279.792821,4576.293412,27121.793292,6045.642061,
56219.325889,34923.590073,99779.272958,40830.678772,49477.150320,11574.779344,18650.345386,4485.403773,
129620.871256,105828.076527,70516.813329,40651.090984,58951.511890,6670.308100,33129.879023,4104.676660,
30729.527407,27705.490856,90694.718154,42980.731218,32996.787412,13108.406993,23613.734575,8071.019984,
108670.472138,100527.340099,66581.276606,40638.007656,45944.340312,7789.807117,33597.339229,9366.607230,
24352.003086,51179.302110,93367.706408,41661.446734,36219.622784,12580.114154,16604.937435,2399.890148,
99073.648141,140797.279141,63145.294610,31565.152234,42599.856658,18022.310755,24158.742569,5246.376240,
19402.551974,42298.227637,81612.494620,41132.618532,36453.059374,14212.933503,19105.182645,5331.168551,
89278.464112,153113.372862,67343.072871,31343.757044,41507.340691,21439.190896,29128.118554,8489.593805,
43829.452959,44321.419133,87866.103387,40015.411240,34807.164684,7671.227038,23159.260918,5086.979706,
106338.692311,159414.682879,65962.061312,36970.682472,46025.126830,13795.621053,34742.351351,9895.226060,
51609.098953,63617.540818,93214.094153,40191.955425,41685.804480,12951.093469,21218.135993,1572.728691,
115995.381010,179072.973330,78500.778729,32843.841008,38656.746497,11148.637955,29533.647822,5551.358966,
60930.130759,65660.194837,99529.490238,38295.246751,43418.000226,16624.142498,18715.317381,1692.965545,
130918.174712,187338.946793,82490.676052,31891.319866,45465.073207,3485.560507,27497.751833,7255.404682,
62101.954722,63137.464471,100440.753127,35776.559262,34121.553574,21529.144144,19467.375151,4989.682979,
139502.710275,171784.723762,81717.562217,34400.601993,42153.115002,17819.165990,28133.449296,5536.925078,
70306.120990,69468.886582,102037.511080,40426.857231,37989.812498,5628.602680,19473.301788,847.813372,
130488.324498,159188.091069,70362.340487,22731.549983,38009.444213,15102.981311,24071.303251,3181.156181,
67815.780227,56776.738055,82955.041612,37220.146951,35412.820467,5725.542455,19410.027328,1880.936835,
119380.713937,155578.797571,57526.516733,28350.943015,38546.880191,18084.010496,31953.357400,2794.240710,
52149.873095,54940.757898,87847.259409,35574.361060,29033.242989,8670.638291,22684.234546,4859.872042,
106738.449472,137037.207548,50280.232871,28178.520681,36370.384560,8315.989726,26232.621017,6502.087724,
35725.297244,54046.580356,73480.021786,28828.976514,25934.039169,8637.965821,13260.066548,884.502012,
86464.877899,123371.333541,50736.774963,26915.191083,38826.378189,6913.529838,33159.386354,5652.687757,
22760.516817,43822.642734,60427.869847,32065.100845,30917.101290,8620.659852,20704.560919,1049.556684,
78896.787967,99928.070779,37943.752158,22698.860878,33317.008047,11215.708474,22630.300700,5624.648847,
10039.838534,42419.215003,67907.716355,25812.090243,29073.022387,11697.757219,16261.463000,4404.356766,
62599.157824,73371.318217,45980.848181,27395.159846,37351.098884,12476.722224,21393.199818,8957.072637,
23268.157620,24187.387559,60947.782092,29075.458562,24224.161270,1899.096381,11921.139455,5073.520813,
74516.025218,66980.138549,59020.985530,23956.637959,33365.646172,11548.196396,22160.817439,4066.864875,
34751.952037,32066.370444,72065.155834,33770.032381,25944.359440,8341.437942,19220.574264,4203.714634,
88612.205205,84886.817899,57532.163193,23787.706805,28160.775390,18340.393431,17452.536758,3276.400243,
45444.238852,22257.176617,84885.510694,31620.143556,30199.843010,12039.111566,21339.379632,5820.602150,
97161.550356,75053.162547,62777.861341,22665.001672,28221.225525,11534.856717,23517.740295,4475.597571,
50676.287674,33426.381403,74288.410899,28701.282961,22251.975880,13715.708948,12921.543222,3425.944370,
109999.727760,99377.447796,65219.023088,22710.482324,29577.675792,6022.022534,20251.554813,4286.349983,
56868.534782,26237.114813,80766.192398,24874.128724,30455.017068,6205.973211,13805.995535,2143.396177,
108737.306690,109917.412359,62783.247883,27924.753232,33813.775918,6990.546018,15538.854703,3761.944493,
54800.861516,48486.149416,67144.525537,22266.411571,24621.157719,11286.062541,16745.983818,2183.791336,
95452.732973,114712.951778,64572.129712,21674.089875,29258.951914,7817.302330,18766.280303,7076.471227,
55700.481261,46546.512576,58465.974692,29903.899465,27660.355233,6482.053490,10448.126676,3685.733468,
92201.320991,135886.217846,45231.060119,25066.501527,28911.941351,5617.097382,18117.685027,4533.771023,
31926.079315,44694.291562,51749.311352,27840.789318,24413.014626,8396.104865,14314.304394,2159.925317,
73321.462190,131225.200704,29329.691091,19925.954538,29426.473147,8493.639845,21676.672092,11385.202078,
20528.130050,62177.741338,45468.027865,24881.438661,28559.496387,7188.129350,15533.768686,10495.757836,
60597.923303,130298.213397,38784.218077,18881.867107,26719.134639,6110.981814,20157.863465,2725.143068,
13217.465722,59474.793102,46395.935320,26240.312517,26796.582156,7333.293816,16462.688718,1000.316659,
53079.553215,126155.425949,48771.872220,21088.092728,30622.199522,5739.243218,20413.345785,6150.051158,
12094.624144,56388.683284,54598.598861,30951.949099,23330.135955,13642.465453,14417.995270,6743.126611,
55875.661685,103507.423321,55461.374866,20025.428287,29592.308318,10037.315193,18225.378553,3017.412438,
25690.398244,41198.747869,56888.789758,28598.738781,27586.150718,2298.178949,18272.752108,3958.761724,
64856.104164,96634.581347,48741.300556,18781.123869,16492.171762,10040.960423,20066.212132,1301.057707,
35229.748054,35170.319220,62365.329622,26614.401962,24275.969159,11496.653327,15772.152985,3691.155621,
74924.504122,87416.622983,51543.267685,12976.720098,33640.806354,1226.132320,16214.022226,1116.092205,
38758.894063,39684.204247,51537.168327,22334.962374,26205.942643,6833.039487,9079.663008,2672.889718,
78111.286039,67229.581401,50032.765236,18466.120584,18890.542053,7565.877422,23992.364508,1955.296890,
50435.906305,40959.338892,69790.505722,21204.631246,27501.822101,7536.416013,18792.349774,1089.871989,
93026.053916,41517.134469,48903.603071,13745.922918,24434.711958,1897.101433,10624.634790,5575.705169,
50545.740909,34951.157497,63440.682158,22132.528808,28346.042301,6290.950628,14564.544869,7402.372612,
81797.980558,46294.160430,40012.363838,15552.172981,17586.922109,4162.631955,18614.452934,7453.489849,
47066.218128,32413.710562,65546.008768,26162.854797,21618.139890,3679.999452,18420.962598,4017.598537,
79430.342846,57850.349195,40051.195144,18452.687679,24828.811933,4771.874665,24396.998300,3827.774346,
37387.291516,21612.732518,46876.262495,20855.962393,23342.298560,10089.881744,12408.186475,2962.597228,
64159.390060,63018.024398,36790.107123,17767.798710,18820.671247,7403.389757,14720.418228,5319.940851,
30657.850019,28950.333163,35855.573992,15519.416810,17978.354157,3849.840849,12466.419927,7569.344187,
50554.740553,78619.857137,29176.735712,17767.542501,27550.074264,7589.547168,12476.850757,3923.656416,
12161.824349,36438.402251,32664.925302,19051.529100,27076.114123,7657.155352,11971.802740,1754.860297,
44586.670636,90305.160994,36123.333603,13508.982072,18745.726673,6033.541032,14645.905090,5135.973007,
2691.608156,52243.599796,50119.374870,18985.811444,31259.731565,5288.152225,11769.878176,5485.850968,
40119.246363,97777.837060,30756.694645,12642.494404,14056.667726,8295.192308,9351.295775,4652.890901,
20607.907360,49863.182258,59289.281434,18039.950899,19592.938578,4640.952802,15968.520035,11568.011821,
51890.811204,112092.686707,38984.555786,9642.503227,20228.555650,6842.678635,25285.597791,7489.841548,
25650.131307,53384.479531,56530.737172,17587.637209,30407.611010,5161.508339,14820.251716,3532.372251,
69468.876743,97864.392759,45006.411255,7883.480704,14707.453351,6736.287188,11457.215601,6686.036766,
41927.250500,42306.846551,57662.350927,20786.247101,30993.989717,6305.258318,14226.428245,5922.931291,
65876.034842,103372.309937,42398.339535,19139.116724,9318.196510,13945.831238,9170.387901,595.080399,
39050.460933,48180.027590,49216.258497,21102.398369,27225.832543,16831.286625,17832.981847,3491.074312,
80458.826074,108039.187363,43454.041940,9763.526757,14281.059518,1629.778450,12674.626323,3446.489841,
44178.271247,45902.410164,58231.510153,19428.151344,15262.266551,12465.758423,6260.971754,6584.387620,
74478.080410,81250.372937,46260.943740,14519.290735,21522.031533,6821.545150,16206.353801,4505.748444,
44798.577083,30675.738382,42856.594734,20522.421885,27502.724678,6250.426246,20859.980349,6518.503622,
66792.151617,82114.429011,28442.825323,14916.197779,14382.863117,6979.516245,6547.786914,861.866330,
37182.549482,45924.410152,31297.913366,8503.550049,26275.544853,8409.028166,12454.139873,5532.070366,
58541.593980,50162.789689,28262.940823,13882.572640,18748.579717,12586.422399,2058.344972,3103.435898,
16098.323609,38908.106451,32861.527659,16955.746038,21238.310827,5457.307344,12372.118319,2440.482340,
57038.731180,26804.918798,39557.180164,10924.999672,15723.165478,8259.469799,8313.224919,2885.920132,
16691.880553,28624.978177,51596.084949,13318.342526,19855.469003,7116.308371,8428.845810,3430.798389,
40617.854970,19777.484835,30351.987158,5682.979814,17210.392810,10114.787438,13095.715297,3517.490662,
8054.090802,32216.105194,34854.163668,19089.347777,19412.592179,15685.169679,10598.131999,8970.096435,
29413.999994,48470.120030,22403.541824,6505.866599,21386.383316,2819.167674,19467.295037,7977.906604,
24879.127390,24040.139333,56182.361172,15697.025181,24587.970151,6423.856039,13721.047061,10648.103674,
39170.547815,59484.502371,25890.724633,10184.656109,13791.058404,7817.779273,5167.666671,8261.904463,
22218.873270,31408.580796,38606.378490,12543.614235,18036.633504,11932.321361,11454.130690,5428.991479,
53797.052535,68809.261442,36704.093204,18374.066070,13283.771657,3756.930355,7961.626503,5229.821187,
28175.950171,26578.986951,52999.295877,11142.105268,9344.424410,6958.396162,6390.366587,7093.063726,
65257.082011,76929.684691,43902.458137,17642.814096,11709.376214,2078.613958,14325.710664,11934.406199,
40734.415560,37302.257953,44268.182779,9629.766434,18176.057491,11363.138266,2087.451765,9835.249739,
72564.383615,71362.527186,45411.766865,15447.508880,18102.287591,5757.855631,15150.350399,3147.423158,
42566.475136,39946.611759,52886.358708,24442.247267,18636.785420,13676.391443,10233.437193,4675.174898,
66115.093258,90287.027797,29544.781216,6957.353855,9480.549251,23524.809477,15789.940581,8287.484128,
32655.431480,53484.078235,43441.608764,13836.368380,32252.005643,19845.746829,23060.558901,7359.125029,
61367.755211,100217.205869,20708.417025,586.577852,19885.258219,14793.369538,14173.001795,6467.456357,
28599.012927,53386.191334,51651.840641,20012.057331,7831.987360,20950.642974,4721.674943,4328.720031,
57011.293854,73953.273533,37260.774430,15955.205742,20229.841530,15273.850898,14088.340936,572.135349,
28649.312480,29231.267495,21147.009737,5101.528481,18802.656746,11773.509989,10746.231998,4702.191053,
47690.392751,98614.317631,36041.860452,15861.941847,7379.580160,5173.084984,12450.674244,6842.216259,
12418.361759,31906.401470,23520.882180,15156.992904,18271.339308,6280.350407,13817.802942,5907.264368,
38748.356203,71971.460040,24401.931365,11063.321426,15051.999267,5933.493927,5840.058807,769.080645,
6631.240774,33326.768150,20998.521379,7806.094084,19324.326480,4525.859758,17180.555818,6439.993169,
27655.664305,65854.422877,32798.277203,7886.269948,16859.428636,6449.445430,19622.618277,7008.201196,
11421.615068,43515.469712,47840.964128,12779.677929,18834.878976,5686.056378,17998.815470,5169.998580,
32500.235265,31463.802406,19957.666504,6608.094922,10795.808296,5752.615077,17999.544397,6853.057260,
19288.692799,19884.840448,45860.532921,9786.301196,13863.111114,16108.151251,15729.648848,8702.920055,
42028.365186,32159.614698,36748.432064,6111.648822,14675.370553,12904.829633,7722.006447,8899.619926,
33075.284913,18338.289619,57219.815501,12591.037491,33218.215025,2468.059663,21124.613720,7486.742437,
63496.394132,16998.085998,46424.507764,6942.088586,12164.179805,11223.377940,13803.591080,3559.412852,
24618.772689,18006.941159,50359.675192,7159.547199,22368.462000,13189.026690,7536.845279,7722.312837,
65830.844790,34516.903718,30615.124267,6407.033666,23978.196192,6078.130885,14195.946859,8748.333032,
30869.686893,22069.263630,41928.276423,14009.752351,19329.867188,12831.979850,10378.542028,7104.930191,
55852.756173,45136.539787,20413.688082,11618.223330,18763.509275,8734.382759,25112.543732,8371.010228,
37030.910780,13417.365898,34988.077733,3847.752899,16008.136664,5650.626559,18188.843606,10434.564146,
68523.163179,43238.889071,28863.427556,13201.318835,18730.722023,11927.919691,9250.672872,8672.672574,
29565.878990,38477.719258,32259.922746,16562.130288,21020.181917,6307.541509,19311.893992,4745.927388,
53925.609686,59196.704995,29532.663149,9192.157958,14059.159154,3720.932675,9897.136355,3233.797514,
22534.387006,35911.985260,30232.928742,18006.319505,17993.570726,5993.465598,21613.519174,1135.403431,
39355.490789,67901.501224,14221.659772,3241.528887,19636.918597,9278.165887,13572.305669,7838.473122,
16921.938013,41492.395472,29048.654540,13250.222245,11575.854731,6618.679572,9087.736242,15831.018663,
32502.328642,79100.058390,14746.698596,9131.097666,5426.938650,8311.903395,9063.353002,11299.734405,
6312.809876,35816.751681,28534.973472,14535.129879,24277.418885,16757.514374,21062.103684,3339.303071,
28295.059245,92519.337704,18149.251838,8606.781532,18725.257949,12260.677413,13927.971886,9646.251649,
4588.035398,41414.217302,47937.676508,16690.607174,10761.189111,9565.311122,12316.443346,5367.968711,
33229.693618,82086.171095,41167.311396,21859.732856,19803.845724,4129.593198,11086.924394,1510.718105,
13383.912238,29121.604238,41422.751530,9518.127856,15638.864391,7916.572245,10817.401480,3803.995426,
37429.758082,66965.838307,36449.716200,11959.176671,10877.489650,1819.364693,11407.138672,8120.696204,
23211.304069,31160.925185,32427.761011,11379.533443,12649.459063,11656.105154,6040.686642,6441.025793,
47863.706470,71116.723688,26310.428342,10960.455338,19171.415162,10390.108576,20079.776053,3069.791437,
26993.899360,36879.531003,49532.755792,15810.337656,14661.511962,4283.120268,9927.212417,1876.842666,
53857.421926,54074.659322,34360.730803,8083.433214,11578.402081,12174.436250,15435.839410,1858.396773,
29802.698835,48780.979653,34467.096194,23304.747924,15727.953383,7282.659517,24590.432783,5221.140241,
49452.838179,40671.346683,23751.731831,5268.444812,18741.540788,15595.122320,12103.676658,8032.414914,
34694.123696,28682.173230,31333.698062,17248.217448,16185.169556,13118.332736,19915.512143,7427.277568,
53226.444258,19020.405598,26384.405318,13389.166412,14935.178694,7403.052205,13180.429475,3758.937031,
19940.017086,6838.344116,26965.839651,6466.781016,9310.895212,17473.671665,9612.230667,1224.364285,
47182.829848,25869.241507,22309.416670,12937.549822,21383.117055,8049.305336,6292.739703,683.081425,
22737.399250,31008.920840,29823.187155,16705.316692,10373.289251,7488.230139,17269.988714,1702.025309,
40201.160721,28392.216707,12942.136909,14617.710301,17315.834313,8515.014425,10203.755587,4019.119764,
16940.715114,24786.733459,23206.279787,11878.135535,19613.541499,1508.469008,11262.299307,5385.715160,
33880.113390,41189.603401,12512.637970,9546.260063,15113.114435,10911.854189,11105.040421,3282.737164,
6459.829547,20029.923024,32298.720775,11231.018111,17896.803409,17137.639622,12550.006966,2839.896165,
46362.690675,48710.141193,44016.121561,13747.013677,20879.143237,10687.804604,22635.374274,5627.890228,
12076.325846,29547.373610,30423.718303,13465.391767,14325.242347,18266.174327,8677.394795,1402.813835,
27756.033567,61880.295799,30476.277363,9686.282250,13077.234157,20932.170556,7652.296824,5812.663794,
4234.685065,25087.964645,42145.725283,17538.458935,25673.372069,25614.523258,9894.319824,2119.203068,
30228.645111,46098.146953,24224.520801,8543.917859,4408.644834,29345.913739,2095.714029,11401.756821,
19242.384815,33906.632874,51178.394762,26347.292973,22710.379676,17812.182691,14575.296060,12794.978094,
32292.271497,80505.600349,29559.830059,11433.673903,18812.598957,19992.852826,17857.666238,3447.165001,
22059.701097,42523.223576,25212.402913,18756.208221,8857.619855,19165.879009,3126.338335,10872.765674,
47480.737279,74439.310082,34726.354988,20858.489727,19096.529024,3482.548171,15505.864602,12522.265205,
20164.551820,35721.730302,24446.650729,12563.501563,7080.944872,9968.969815,8484.555857,8125.063724,
49696.923724,70672.529839,16643.910236,14160.624468,21795.682097,11592.523656,8980.515396,10176.868953,
26319.180437,32612.449129,25792.507273,14277.743232,20609.062000,12300.306878,13076.378296,17413.243234,
57461.356981,50798.422949,30437.307693,18821.755810,5592.022335,16904.037151,12810.074524,10922.731131,
35407.827906,28950.702262,32526.029983,22908.233771,8466.720914,15108.838320,11782.903494,4196.495034,
47340.301859,76758.770697,12648.095004,3227.160459,17069.544912,4289.109324,19045.841000,7830.599459,
31383.172343,38769.037180,36644.428799,22209.469831,13186.791474,12165.740548,15247.353310,5539.412847,
45726.325893,38268.419416,22850.914317,10838.537349,15191.896907,10220.536839,7771.272898,5771.553258,
19410.883331,19696.162285,28686.505995,16435.432457,28896.681356,2659.520127,4577.785229,9465.200818,
34128.589966,27755.457094,21205.435789,14755.266573,7294.539958,9116.004013,6384.928511,7345.969416,
9438.895171,14335.030081,19754.139000,8196.854355,20039.234128,8956.378794,17041.994996,1932.559944,
27907.262764,57981.110723,25121.992747,16607.251286,15145.703780,14530.639462,15356.196134,9278.300202,
15088.368932,35296.640334,9381.173633,7635.264188,7113.673007,9618.003737,2586.102398,8872.757924,
32253.689343,26797.060845,31932.603579,3936.200586,12116.282502,8198.924080,14322.353074,3859.201720,
10869.920094,41155.084445,38268.115374,11358.735851,17661.343353,12997.106020,13212.316132,3332.380838,
22337.686753,14470.374152,32133.003187,17115.131289,6669.029747,7003.360168,4782.295697,12623.230464,
24957.914916,39346.842215,42711.115276,14757.076975,21298.926515,9382.920053,16867.599660,18434.649941,
34136.923870,51518.035093,22071.500323,11411.998461,14231.868401,13674.683905,22077.640814,9663.462283,
24767.303934,13828.444727,39280.547349,18839.195598,13019.707696,13449.963916,9143.530104,7475.580098,
53730.719875,47309.404846,48802.922842,8981.745127,25688.851539,3622.116771,12956.345080,12669.130957,
17104.379418,18000.932013,32358.948965,5791.847092,20545.219556,9313.915804,14193.908499,7588.602224,
36548.364449,52997.990074,7441.012696,1152.274982,1910.809039,1106.734567,5768.302495,4018.400972,
26133.192614,30554.078636,17364.331458,15368.092306,18308.139267,11617.687113,6846.250249,4634.738131,
53716.585167,51372.675381,15727.145242,17255.544015,14900.124711,10385.577328,10956.592079,10839.694196,
34005.178121,31053.008993,28390.286620,13644.451811,17021.452248,2050.378986,12109.117104,7619.775079,
41873.842821,61888.601624,24651.781799,14313.521161,14891.962832,6234.536161,8547.014454,1626.040180,
20108.336819,39739.985181,33903.839399,19500.501527,5520.620002,17753.708546,1391.117663,6857.290486,
48244.636987,45285.684443,24688.071397,17960.261386,16468.633702,21780.935752,15758.563284,7083.999554,
21817.144758,38218.650073,20016.408327,11287.051058,22625.965182,16027.243798,22568.986169,8537.128496,
30304.603760,69631.508955,15280.148672,11732.975597,16900.020071,8775.531955,16609.524706,13015.166776,
16033.859540,38928.756721,26261.045270,3081.502977,13786.568743,1556.182847,10321.073778,14013.240622,
18509.364251,68132.461435,13125.045987,8410.240202,3882.178836,4519.152651,936.860487,8827.763761,
1613.915698,34035.207183,31006.918978,12068.117534,21657.934683,4023.085070,11506.313899,10741.837935,
22855.853606,55301.225060,18115.064036,17266.436686,11780.175300,17172.242256,9917.623266,12749.066824,
2444.910362,19002.840733,33959.323152,11241.134486,13078.274209,16507.352338,10304.528183,9115.200668,
20122.287572,54129.201846,30219.137329,7659.665593,18620.387972,1942.227687,15196.691089,6977.166932,
28078.945404,30428.322391,32020.596952,16363.893002,9459.870103,10504.251948,4583.933767,2202.363727,
33534.989640,39773.943395,38313.965160,14977.298015,13729.588033,12860.340676,9421.411808,5509.219527,
28092.663832,41216.758793,29547.604861,15401.582273,22082.591242,11398.318408,14924.220631,4615.192238,
44078.417269,5027.364010,24899.756307,8977.652312,15451.639969,19104.153272,8850.838934,5461.525413,
11777.350868,7597.228398,25166.514009,20023.503446,7981.238743,23243.508275,17068.947562,5672.136396,
42081.604770,8128.486021,14391.290734,9622.477903,7695.846477,13512.558899,22331.911696,7482.478867,
22704.867073,15975.031305,34413.666981,7448.487808,8188.870172,12577.392308,5989.608578,2625.550068,
32389.367703,19891.297822,4476.775224,13428.570021,15297.150252,12087.064092,13544.078255,6462.009996,
23757.193496,12109.433639,41378.890483,15504.029159,12382.202126,19148.316886,10196.934012,4972.372901,
49439.469556,12664.020223,24118.945994,4055.129665,12821.628456,13761.252775,12251.766195,1838.695918,
27935.231432,37616.877270,18790.486319,14838.034096,39341.211616,5082.036328,15503.157918,5515.079307,
41245.453880,42319.704387,30393.945253,9572.012751,31376.643518,8499.626563,17894.990186,9586.588929,
15108.306912,20834.191183,18689.708513,7675.899247,2300.285498,17092.958400,9261.547840,6851.145340,
35824.324350,39423.852500,21294.354852,12401.240053,23233.967363,19524.547574,18443.537890,5463.625422,
11725.711161,31359.014112,32968.783553,6036.416879,25851.058446,11503.100431,16879.524866,6225.494573,
32119.863138,51021.345203,26537.431951,6881.268480,13710.373847,6368.349220,8627.082540,2131.904110,
15865.944985,33662.984096,31851.872936,11301.057363,16489.685973,8428.663329,23658.323808,3294.949603,
5918.898348,73899.757265,4620.875404,6550.450469,16714.879122,18187.086786,10476.484381,3806.282538,
18617.349554,17205.167673,30673.690181,9521.589234,9737.482375,13865.271444,14448.648798,4043.097703,
35711.562290,65757.960683,24730.389211,6676.924523,18489.003485,7930.353343,18394.517322,3198.559427,
9963.336770,22833.377882,30900.686236,6099.026502,2977.152668,14287.106646,10301.242084,9866.950965,
28397.211079,75205.441449,29429.169710,500.183529,15856.974739,7259.844204,9152.225991,11098.650268,
12447.138949,32261.984984,19826.336459,11908.254834,11028.583895,22571.398177,23157.668241,5293.778541,
35735.736031,66378.430212,22655.496803,11919.498158,11402.435309,20340.225499,15464.320033,575.807880,
29109.576090,29318.395819,22218.402605,4460.127031,17769.972370,3481.216388,12612.201866,861.835509,
47077.111091,54178.798133,16134.514904,13022.762333,20330.537659,13437.953409,26253.497730,5941.970026,
26985.829513,41999.975893,29324.932662,9655.359656,3702.548878,19866.473365,10148.751972,6349.638430,
42367.559026,27339.803099,14888.304133,9988.114841,14209.364619,15452.766666,9673.827551,6606.135270,
15788.422448,23911.401947,30015.454911,13417.648165,13867.890234,15683.803435,7009.293581,8608.470548,
47073.196093,19961.656613,22182.758052,1172.882614,2964.763979,21018.571898,4333.375144,9093.886557,
15306.957122,10017.624823,6839.896871,10545.597010,13167.297826,10853.359281,1302.533198,12141.555633,
30621.467829,38451.705273,18647.573240,3321.246218,19622.366891,2906.696557,6404.889038,8746.137553,
11677.537505,39645.090022,29698.409166,14414.058144,10788.373635,3650.603108,4177.248469,2385.608836,
35035.697798,13118.617969,40210.813390,7329.037198,11515.640599,3799.007870,15137.653825,9403.474123,
15370.974222,18352.033011,34118.254494,11646.015618,4945.162281,8638.402180,6127.023783,8516.599889,
22260.527116,24340.330660,4273.111628,11036.054495,20632.900291,9095.099450,19868.513759,1298.477116,
9296.023668,3583.750688,25832.049424,13379.565202,7215.278069,8206.484303,14494.459454,4392.735957,
31004.224061,12773.949241,42964.725318,19689.686976,20567.387807,3708.731912,17270.422792,4855.128746,
12638.054325,26046.981928,43208.517697,25759.239588,22004.997931,8477.150935,26309.565944,4918.561648,
16834.151612,34607.313761,9304.056176,17359.180933,2689.270132,17952.356906,10832.288747,8415.720489,
5672.935194,20826.483341,21593.352128,7868.592304,15427.420077,17337.410458,6605.380642,9454.315727,
19210.364484,51569.044420,12996.725217,2674.186628,9073.308127,10859.408368,5232.803652,11996.664685,
18404.450563,29550.165201,34516.605209,15301.458947,20604.832205,8533.335773,3428.833686,13234.262718,
31729.853675,42607.879318,23063.940513,9731.795540,15592.415718,9935.039750,8529.997212,6564.698931,
21114.473187,23660.111999,17078.711975,10747.416332,7497.552628,8904.247996,9371.394672,907.525159,
40173.918531,29814.604115,24389.043167,17652.412686,20312.231959,7628.641680,3353.542719,1100.479718,
25322.659896,44798.328881,23371.810911,13138.792870,11120.660429,12710.544551,10928.766503,3833.369217,
40253.962689,72251.187059,14110.733808,10541.449985,6763.805352,17971.228683,3296.183793,3991.743732,
32453.966423,35362.146243,22815.079389,4735.142810,14360.431336,13531.400659,4105.604875,282.571209,
38766.816374,61953.840447,36084.326979,6392.373418,13272.387566,15927.754058,5110.769136,3539.141773,
22394.348692,23251.306838,17522.298054,11589.425119,3146.889611,18338.191825,14064.999299,5122.437432,
27441.176623,36603.724829,13740.245185,8122.406057,21847.212938,9889.358933,11839.006494,3541.593652,
10570.246107,27195.787262,20179.844979,9936.934837,16856.165139,16377.843316,2573.714985,3897.543707,
23124.538629,53590.647005,20837.309534,12138.539530,9571.027236,13821.041408,12919.316963,5585.447032,
5114.566149,33493.687569,19407.930923,18287.509907,20952.972429,7796.151193,16298.956723,966.434254,
23069.397364,37580.886560,22987.448125,10460.603185,4661.263665,12122.957784,5900.024937,4454.182969,
5009.740341,18644.636167,32882.305739,4943.707683,12557.523803,7194.107430,9660.760599,3395.111452,
32137.724180,37268.996102,22547.045993,6668.909754,6181.689865,4411.242445,12225.838670,1922.253288,
10841.833183,13240.489650,14728.234440,4002.412620,13804.624946,10171.874699,6072.323078,3282.437144,
23002.272421,25761.793486,10404.492247,9414.902573,28557.961642,7785.900302,2014.507351,1392.904612,
14511.797817,14802.709912,31515.017964,20274.243237,23164.785619,11993.037588,3294.445617,2674.854851,
24653.059952,25322.867998,34074.985639,13893.960863,6179.959070,14941.050233,3674.979277,7213.939347,
16005.224551,33961.023136,15170.007196,6373.894603,22690.475736,10603.338191,9536.802530,10596.187404,
17265.486729,30088.551039,21805.997305,10561.406044,16726.651474,5594.781806,12697.273932,9782.536446,
18394.169342,19079.067987,28909.692243,8379.035976,3189.206965,9049.846808,9737.114312,6314.353806,
32701.941462,25445.663418,30646.171074,17505.376317,14209.293280,7679.239273,3826.109161,2399.505007,
16163.828817,33417.167770,18250.010139,11766.619816,13174.858035,6563.398447,8044.233146,1020.122054,
30700.556482,61376.320398,13064.194745,1563.317512,8628.601218,8797.252333,11846.496914,2949.311106,
15400.470883,17145.268886,23129.636198,13742.320659,23023.184250,9462.066748,23335.635398,2769.694168,
32721.545149,33567.842063,26410.483845,20358.511484,17524.414438,8672.599114,12671.845203,2833.891639,
27132.432398,8993.935269,30244.866301,19519.546653,6414.067395,5219.978403,14710.806871,2670.889248,
38830.234538,41289.065105,15337.577558,8858.539964,11330.110426,1232.750792,20381.051007,3129.669913,
14063.878372,30708.207586,34200.046300,12650.548729,6877.943739,3324.486527,17477.162897,7487.350232,
32043.523894,57566.347842,20915.278565,11525.340075,13881.395113,12705.105090,24777.264625,10166.865452,
4676.027162,52575.754384,10407.776557,3082.721052,16165.735142,12791.508408,25282.464110,7740.864182,
26886.564212,51326.311941,22082.934329,3078.146874,7545.525827,6224.358825,16339.243130,5455.326354,
6878.324454,24672.430049,21116.323230,9816.968127,14586.516111,7438.169635,6775.332224,1700.665070,
26860.583382,59205.790263,20952.528660,11936.662499,15060.513915,5258.424826,11959.135113,4750.628048,
127.706502,27533.032583,26246.371935,1987.079051,16281.709257,11051.569180,5022.063690,10636.685259,
26992.262180,61675.654793,20447.382457,15954.588259,7275.988891,4029.298831,12455.314046,14460.535520,
3399.205264,30759.285843,16791.206944,16570.379416,15252.624832,12236.546450,23665.016197,9670.272076,
24460.595736,40794.014447,26400.452758,3958.894654,8355.095302,10439.634369,16790.155187,12768.416279,
4063.190787,12941.856388,22572.359306,11218.480627,6071.717248,2615.289653,5237.742872,16887.325488,
24361.969308,39826.135343,8701.037486,7152.602461,4394.249689,4598.350532,17817.434526,7316.529757,
9616.104908,23151.297760,26976.434090,8526.363275,9661.464086,11625.765232,13433.571722,7581.592214,
30452.709710,29203.615870,13109.782229,8123.794892,11538.266941,17703.310357,6747.956972,6852.303076,
25706.411245,20399.395611,18287.623978,7950.243639,11239.759120,15163.524625,12928.748651,4121.585355,
30148.951726,23018.784843,35318.986931,7563.966165,7850.748911,8891.020179,7590.455892,6835.581483,
20839.695209,33714.425672,24248.276161,10873.292108,19159.006433,8853.642702,4126.061760,8508.046559,
40502.318682,18317.890668,13270.786423,19848.848145,21240.799889,14557.088423,9087.620739,7110.883599,
11000.528742,27729.792450,23695.333086,7856.695261,7267.298979,11497.097379,3449.364301,5137.507586,
36454.591964,42472.220977,11873.061532,3921.287919,6414.670382,5221.423157,12449.773894,8374.303601,
24579.494745,16107.607695,24164.625621,5426.583073,13705.792939,15903.720913,18689.750745,7828.098963,
32590.993287,14770.592957,20815.695218,14115.745895,6547.678057,8814.296862,10080.229057,6283.823032,
13528.909450,27759.201850,18923.793013,12476.541654,13688.797419,5776.033212,18004.046490,9635.624140,
19524.872089,46000.621489,10403.727113,6522.487537,22450.672768,6776.662472,13910.705943,9536.770940,
3523.680472,28320.124044,20306.040748,7644.344868,8035.756216,8723.178480,6216.172536,1045.072042,
25611.702252,38884.483165,17188.584621,14702.049144,8242.370259,4176.215318,14974.595980,8509.610841,
7214.869670,25019.746600,26048.299522,7842.537050,7615.819599,7515.017864,8750.766908,7378.026926,
14013.531610,26452.964548,21470.446042,8558.593541,20583.567613,8237.830524,13050.907296,3171.413529,
6895.825953,34962.694739,23225.420089,8467.260670,22265.976959,5885.818025,10047.201351,8628.056067,
28261.025265,43855.876929,24566.203438,11086.480998,3866.817983,14343.801116,9493.443781,5600.389835,
26278.340256,29551.604020,16225.361887,4038.647099,11793.570561,14233.973059,3775.730408,11119.472480,
22157.958449,51345.874647,21880.784487,8304.146177,14791.287181,9406.362058,8055.018996,9408.031205,
20408.845385,30928.398713,22188.085383,5089.306829,19349.425564,13341.590238,13583.047463,7449.958726,
40885.328660,60704.933406,7059.981306,12971.810941,10829.518830,30725.342544,9366.321435,9194.494043,
10479.867052,7329.710863,12881.654486,18778.244615,10996.151205,31221.616303,6192.088114,8806.746428,
32212.781729,62165.341586,14999.756696,10911.642463,21530.961814,16002.910330,18368.533630,7831.552781,
13438.268689,30906.807917,20376.999437,13689.675188,15688.723004,2121.440218,7041.116472,2495.562964,
32262.379337,37924.207717,19362.014125,15883.279677,6632.947188,3034.314471,18366.657903,3120.343535,
18367.136503,16123.562448,19938.566832,15946.146816,20963.467439,7626.651771,24415.080201,3076.952191,
35903.710592,35883.797439,29874.984493,5057.539948,10015.285098,19513.261404,2627.420636,1579.518682,
17400.624166,25151.659261,17629.804033,11986.565934,8293.442865,18956.614436,17711.088872,2502.405040,
28447.446137,17640.168459,23843.193490,13066.323502,6341.686350,8349.746626,13325.969833,5909.367305,
8930.990135,15759.556710,20979.484667,3183.558521,11508.249571,13144.790172,10214.082554,4593.151419,
22703.217069,10102.043631,11526.165404,15487.978479,12318.931084,4711.356166,1639.136185,3815.718085,
7367.165921,7252.841616,23953.728375,15875.109577,7771.552209,6663.424270,15853.743267,5969.757360,
12393.313382,8247.297123,23295.751511,9673.062443,14839.305608,3610.417272,13362.678210,5380.832658,
11562.402797,14074.547274,32764.331536,4573.649788,17833.438441,10747.728922,11958.358851,2458.420231,
29038.070702,17664.599339,13405.250981,1166.857894,13174.978515,12395.663853,11574.622586,4491.643683,
8430.979675,17443.204286,20300.730307,10235.191807,14041.859162,1414.048633,10820.165370,9063.844197,
21463.403636,27567.655413,34687.634416,16099.987661,20983.826413,8195.836580,21416.338080,10179.909410,
18300.453504,16127.563852,27473.170344,7655.356094,15216.944043,4868.971996,10240.711840,6989.222709,
32614.326663,38354.276089,1910.473349,14880.810336,1121.865623,6294.974196,5616.248437,2417.838144,
10478.068107,29750.785189,7702.720808,11292.507147,20777.284751,6601.934520,4848.525023,2084.992218,
31928.885528,43578.933945,31615.380229,3517.006679,22882.488705,3312.682393,13184.478515,6125.247606,
4878.724767,3640.679355,37232.338379,921.982555,4078.520527,7864.574156,3185.224915,6900.901786,
29727.788409,30807.080841,14379.059481,12689.698175,11946.429724,6620.114910,11838.707348,4819.649948,
15244.080245,34380.976365,18983.422154,12489.546062,13102.529200,3048.436246,9475.647213,3283.785409,
32697.686404,54732.968658,10809.276155,4721.557015,9020.931885,20235.535680,3011.491002,2533.210689,
20997.834232,4844.471798,36122.217091,14494.478518,3049.723099,30085.432285,2939.925531,2249.084962,
28146.627216,51303.452321,21874.592397,8641.117781,12721.877646,17247.809107,12972.570347,3943.690063,
2520.018820,12850.234231,17595.746532,11549.615750,8437.667049,15373.936104,14245.718096,10913.842513,
32436.917126,47785.034528,19141.552920,14260.934104,9861.121960,17778.766130,3343.163228,14470.909218,
12368.686646,35940.584483,13035.044864,9563.939926,27792.150856,14209.627340,5378.935490,8547.307718,
24368.978183,42737.404400,26723.290757,9055.645013,26967.848036,19645.824957,2989.273603,1999.722482,
13234.687664,10260.930482,22130.795181,10332.723556,6688.264608,22738.494874,8926.582402,4065.366808,
14862.793800,53524.873135,14404.289078,4539.242048,19483.646919,12292.121578,11134.469308,1930.163344,
11346.670523,41142.286807,25308.590000,16069.121692,18069.808025,10365.061360,6716.630085,7141.826835,
22739.887274,15524.779594,15682.440711,15741.288327,10792.547851,13260.219083,6258.866684,5128.064033,
14907.360944,9410.606736,28375.499835,12623.754457,5949.011952,25117.941630,3622.479908,1439.541253,
22816.665620,22959.324494,2492.302737,7540.745566,10914.984044,28374.275237,6545.561167,6477.141752,
11160.671026,12297.618350,22932.486106,1516.546263,14103.516081,19866.943182,13707.371122,8981.701992,
38108.730680,21630.892636,13797.389513,11148.714718,1847.919047,20891.197175,13382.623809,8909.156086,
16230.612959,25762.907971,23232.646620,9008.679126,13296.049763,17478.124091,4412.446317,7046.041833,
22091.210037,37519.478614,8034.886370,7054.250024,12324.837533,10761.634726,4895.583093,10701.231509,
15268.241905,9414.422246,27944.061742,13581.811569,5908.922705,16568.557687,9438.889054,11285.837201,
27149.704495,20099.654932,21158.131553,9049.848942,6064.585850,15680.487554,8218.357891,6707.591104,
18278.478643,20881.646418,15599.963212,19474.719436,13130.532482,7508.953331,2849.503492,2886.914675,
27256.774787,26752.435507,10364.484714,11022.064164,9351.912983,7313.148399,10903.153968,5969.770423,
10266.405282,10959.434171,25435.265032,8309.664785,5241.420321,14155.454415,6196.790434,2367.790890,
31285.299762,21528.253858,21563.999486,6428.993872,7550.421986,6865.572776,6897.497618,8573.124314,
12131.082849,22341.243674,18941.706999,13469.650146,11539.446448,6985.405236,11796.264541,11291.853845,
23720.722432,38914.910861,20089.849157,15742.093815,17576.091053,7554.266884,10749.276991,3870.172670,
17895.207769,34662.898030,9675.195485,2777.846321,10082.754654,4066.905788,8300.025493,6328.106551,
11156.657280,39739.894841,23573.978692,14606.105980,11956.646695,8718.290659,12766.022345,6777.992106,
17345.652889,21073.250152,32326.120528,12712.986566,15878.397810,3694.225431,12331.365605,5349.351434,
19181.650354,55724.549843,5624.818101,2859.785725,13176.616146,6635.369722,7454.649314,7458.937622,
8382.846467,53019.813732,25463.815587,2836.942850,7272.577672,2545.989198,9665.266544,12573.736264,
23360.160602,59475.907393,11357.451369,12186.292942,6760.126168,7575.709142,10730.006359,6959.265487,
8970.260770,8997.558726,19128.111515,17903.163296,5755.774339,1905.036176,8710.261139,4163.455151,
27409.655731,48775.102103,25225.254910,4272.881197,6606.464289,12999.751043,13653.525759,7368.430872,
4499.682930,24463.131301,18193.402054,13327.691684,3838.002700,20495.310958,9469.633028,6792.714205,
24638.800277,56249.880580,21395.048546,9078.254871,7612.258001,18024.129460,8507.118893,10425.288976,
14975.172964,21313.213893,13651.366614,10612.474523,880.193182,12379.118881,15610.396466,7639.914005,
37493.893294,41206.894350,13472.139498,12033.636907,12492.767947,5530.729119,8456.941994,3286.072878,
19110.769143,28993.458908,15975.611111,10938.626623,16921.107340,7973.820706,13566.010871,3774.015946,
25900.949414,22927.204489,15178.410185,3760.523871,11117.293860,11468.207063,2128.402436,1498.438180,
17652.802031,30956.541552,20696.046415,15059.049367,9257.950129,9491.251185,17950.683148,6690.793010,
18857.097225,18276.677743,14883.788464,13033.188384,8530.892633,1206.573445,18132.830111,13588.922382,
6294.472475,6600.140500,31500.290274,11976.749390,5625.063647,7495.003864,6675.007097,9433.572591,
13542.501099,23648.992366,20929.697078,9607.757340,18241.007822,9481.805878,12615.727937,2509.319521,
16291.778695,28318.957281,21104.396832,13920.722525,14514.177029,12197.938312,1814.776366,8081.011716,
29716.757393,29102.212748,16839.006679,12228.612675,7581.363153,5499.089301,13749.527934,5769.167086,
10117.699036,13910.287666,13400.073032,5379.482943,14522.374278,6836.675792,7505.220388,10860.388424,
32154.743168,34694.847628,8038.562054,7353.702115,17334.487858,14110.287201,15382.454857,7852.682925,
11085.800920,7882.423977,24269.178039,14941.455340,9060.740372,10548.436639,9927.000334,2810.072321,
22206.345791,29549.774050,23276.566663,15927.286417,11610.846894,3977.806130,13155.978266,10012.865503,
6877.053799,32838.173508,19986.637684,21426.373712,16226.212436,11633.933586,15993.887876,9276.192157,
21175.709050,49974.063281,14276.193630,16627.948260,13115.607570,5177.617640,11285.157834,6836.561960,
3553.736971,26610.609126,17152.262421,1536.309796,4054.403090,6248.593117,16036.630858,5232.486383,
25783.018580,38776.385921,7250.827533,1064.638658,5049.811335,4764.774699,8960.421643,8236.599949,
9282.964590,16655.336948,20670.235106,11681.982642,7996.344811,11415.211593,15248.508529,13656.195029,
18765.936874,62678.905617,21848.714316,15067.382584,9574.247582,7877.412158,13408.556496,9663.524450,
11409.540470,45892.343710,10102.828136,6839.814366,4253.541164,15754.754656,170.922747,3073.638412,
33701.666257,60785.100396,21720.386667,7993.189402,18982.402788,14219.755390,9760.658740,2672.810409,
20314.543943,22248.026737,23364.137187,18920.482977,14162.268629,17729.852843,5994.445274,491.463469,
25046.778814,40123.736518,5501.088902,20394.825815,6648.617226,13481.846575,6121.144171,2369.270388,
17788.792168,30710.245576,19845.446353,10755.788132,4680.140695,6436.463009,9612.759883,9039.674915,
17036.025031,20224.711751,25053.641790,9828.029357,11123.220819,12028.850077,7798.473547,11959.673355,
20139.863920,7505.371525,35877.374678,6261.124788,15829.937888,9795.050951,11631.813521,7135.019118,
30738.984107,29154.083789,24224.038783,22940.551211,6986.127829,23064.535565,8394.014456,4056.690416,
10100.149994,19676.329918,8105.261001,17681.364094,7536.070335,14121.796306,5683.312792,8577.164146,
14120.078029,9491.904310,19693.637385,2003.689662,2500.547390,9104.204588,5668.114658,7314.615074,
15949.852099,7003.705272,30672.306871,11402.520410,7860.925380,11137.557670,6812.236968,4142.163266,
18138.606703,20804.063373,8887.729273,4062.605451,9907.339118,7560.771176,1406.988841,1995.553667,
10255.398596,8071.299554,17948.543118,9233.993773,3165.773249,4506.897554,6931.077242,5932.539330,
19429.072539,11358.029662,3081.924696,3816.618308,9347.210283,6719.605502,3218.013412,11934.565754,
13337.956420,18713.931816,29203.020123,10900.696751,10180.522360,10965.995035,6686.888643,10478.376237,
25901.519343,29784.629238,21408.013452,14093.237377,10683.640299,5694.248928,4235.334901,8838.815328,
4710.490393,12166.556344,13023.566364,3788.806300,14850.469490,2159.041372,10899.197546,10249.897281,
28443.180343,28727.177904,15080.879898,2760.454163,6212.464494,8195.999385,14460.759982,8108.969435,
17061.729931,20428.171918,18798.202444,8497.807063,6704.764213,15653.012366,4907.519662,1437.467548,
23607.383206,41702.788990,28666.487202,16554.902047,19240.347128,10571.213164,5690.394741,6628.488530,
17666.204919,12987.435005,9978.897640,5855.054081,19130.323804,15982.351710,3239.171262,8369.682110,
26353.782613,39070.709827,32375.841953,12067.695309,5520.074551,21617.027854,6364.975138,6355.527452,
7263.495362,6229.772995,45599.465528,13619.923777,5298.380964,11671.340820,9937.907617,5827.106788,
19573.594241,33835.688180,14799.704313,1632.565388,3328.519144,8857.809572,4892.615051,6626.593317,
14479.488339,26529.528907,18966.001455,6912.068205,7176.737542,13161.376153,4146.165088,7800.333250,
19674.072185,37625.377173,6010.216059,6894.169200,9716.129588,13275.992207,11424.595860,8265.814976,
13856.324223,18489.443512,15952.759124,8154.125782,11304.785169,8009.511112,10414.485343,8335.854435,
28485.101591,39750.957870,1828.874016,4242.840879,7985.611698,9079.551104,1387.389678,7400.701405,
4436.353036,14127.942590,25701.715519,14244.023182,12289.579750,7583.639576,10336.032329,12406.270040,
20660.696640,27296.370069,27900.262629,17954.436557,520.516468,892.612981,6667.196418,13039.922421,
9437.846509,28492.183842,26149.615206,7483.742662,11144.647724,6323.043974,3475.386146,13407.988630,
25148.233032,37390.169696,25463.889153,8636.198622,5865.929646,5726.156909,8868.760888,6512.586517,
5650.759176,12026.704567,11935.753603,6822.486935,6907.161526,5145.060883,9653.285594,7899.198202,
20274.701892,29990.434323,16250.879318,8005.512103,7565.999008,4015.389609,8996.275454,6884.518656,
12163.477162,16929.119929,19561.389984,10198.976319,11505.870358,362.914898,4034.526414,2869.849832,
28786.961602,15790.396314,11452.701145,6106.052947,16368.909931,7678.513345,8849.366756,5277.377841,
4945.367078,8326.750199,27467.663052,9274.314550,8221.419029,13424.900643,15678.112481,4867.747937,
19048.241207,19112.081924,17357.666876,12079.046070,7882.527954,8268.755138,5813.674807,11081.281323,
15531.573407,6550.803007,30094.453610,8762.109067,11382.685666,6276.431816,7923.114879,11152.837617,
29017.170265,7310.426367,13952.458476,2182.389272,2863.001022,7485.754301,6450.736106,10432.497288,
12370.769028,24470.841808,31354.296024,7271.830403,8791.014258,13648.623831,5446.191421,4753.144994,
30086.380016,29388.252084,18690.267030,3437.292113,10286.567668,11994.720597,6837.376506,5984.689847,
19786.162977,11628.892973,10176.873551,5077.430277,7086.216171,4142.068368,13959.849568,6510.848362,
24778.719063,29146.427759,7819.370227,11519.337616,8063.803379,15142.640048,14672.288316,3117.752480,
6559.969160,25160.762310,15330.575109,6392.380927,18013.279151,14653.706259,2562.742878,3145.023277,
24305.952984,37111.968282,13857.215809,6550.824423,11739.155340,16323.212543,13980.701215,4996.585455,
2118.750171,10883.539602,18470.516344,7521.029140,6688.067128,10822.858924,5302.276971,6891.859116,
20196.798536,41217.887617,26718.618051,5214.896363,5305.432145,2336.479216,14889.505980,6462.932770,
8879.985082,21848.300098,21651.790838,10127.193799,6549.820377,5406.598035,15964.731546,4863.167036,
28645.172180,43620.538917,17536.728660,4909.342356,2746.198428,14377.425526,6038.022688,6650.424685,
3340.938777,1506.491842,22375.036338,15901.620161,11662.733792,13686.832484,6110.361861,10126.342992,
20486.895804,40953.963681,21564.427432,11847.779318,14806.188384,4938.154069,6798.003281,11430.381159,
7762.335795,13424.409803,16551.260409,7888.808736,14464.430222,3043.136110,12646.161597,11057.005222,
28952.832550,30470.099504,12316.858938,3457.316401,6950.414517,12072.706578,15004.623245,6755.820335,
8011.261821,3201.228205,9065.405722,5277.769395,12881.280802,15214.920349,14784.068868,6242.202414,
21575.282641,30393.714445,15094.938756,6583.368986,16333.227876,11591.151310,7385.976537,5596.212037,
11807.519461,1439.991740,18417.004903,4531.182034,6973.777085,16179.530795,4607.868242,2276.805500,
32165.199242,36928.991672,18570.900687,3037.974652,6968.446715,11502.746395,6197.905460,8155.433291,
11845.407808,11913.921387,14782.159088,11981.612238,8069.925014,1085.108853,12132.663120,7118.470210,
31001.659787,39224.412315,19320.601843,12071.572952,3887.447512,3091.645691,4874.104953,5758.143601,
17016.889263,9340.247263,28948.602715,6165.824037,9791.287043,5234.286857,10898.412785,8288.997728,
19502.367944,37787.206875,4205.727424,3778.896317,9501.665296,5960.370782,12313.051843,8622.081428,
11278.665705,22752.430407,27152.205521,11541.460318,12799.433606,11611.608006,1154.801618,4477.989162,
23209.159184,23003.309210,15924.437272,5897.662636,3412.056068,12311.874372,5694.511733,6206.416485,
10552.387205,12970.746370,27535.284087,7292.654766,10427.670710,4707.141181,8211.833062,2050.516913,
23897.230186,21181.726765,20597.701169,7525.452124,10929.466728,8163.447054,14818.927852,6362.736741,
2214.465829,9812.961771,17507.208942,4885.939015,11969.288603,3898.981988,6257.241798,5902.386674,
21879.381441,21731.013814,9691.320634,7847.420541,11705.373671,3434.731729,5584.448975,2752.124821,
8022.720116,10224.016958,18338.295030,4106.260402,12545.709406,771.790049,4206.762469,6656.331008,
18258.138126,14928.735061,6746.418942,8550.566308,8673.945229,5154.051167,18383.728723,3220.031987,
6734.533812,24524.682399,16063.306331,7721.738108,15403.584787,4354.665989,18011.211963,7104.023165,
23411.364726,26755.829497,9135.097940,8980.320370,10025.555085,3279.283440,5513.802691,2696.151090,
7952.143719,22512.644796,25806.378663,5962.761819,6743.520884,2983.241731,14768.609776,6180.554180,
26033.796524,30705.413252,22588.766456,2351.423266,12446.456830,4713.909341,10608.956650,8209.251579,
15373.157164,10389.222221,29359.592790,4725.067993,10113.481305,8431.992582,10778.536414,3623.187871,
24443.093485,38015.693007,14467.121400,4479.291081,6310.453881,11826.241919,10946.955544,4401.453809,
12329.649839,8623.505260,17902.227816,5139.640367,2854.223595,5597.724912,6378.957316,3666.396459,

18912.000000,1840548.000000,884290.000000,2835396.000000,1111292.000000,3470718.000000,2176644.000000,1502238.000000,
2884782.288263,3910905.768330,3063121.624775,2124096.486549,892817.347606,2097615.570287,1484783.547292,981828.314024,
2528795.838372,2006326.654222,2074300.717878,330798.377813,375702.739803,931174.436826,518099.305479,82261.221666,
1218171.649852,2277234.891902,2173451.908936,1107133.536473,377558.357591,1376178.270173,498716.436723,306292.473764,
2039954.321509,1767084.063414,2428779.081977,616361.781370,868463.444778,854320.005100,234600.282386,263211.798201,
670193.779025,2550053.218832,1207075.438607,1220160.825736,2129206.627433,2945607.102305,1286584.287469,302137.313330,
2445592.351883,4367104.259621,4358042.780825,2238539.067620,2708465.853327,4141442.783382,2501605.410567,526668.768870,
3670115.879952,4862468.024142,3984945.455003,1567651.548851,1882371.543535,3935048.725507,2497104.489364,718566.977315,
2077226.971297,4157409.152122,1673697.959830,361839.604538,1482562.150367,2496228.179021,1001971.849044,444515.798483,
481236.866416,1773081.088029,614470.871488,254247.522592,1828487.783081,918431.948360,697081.290095,215881.922752,
919675.455631,1754989.948240,171262.111280,441402.606016,1319065.839985,738995.585325,859225.919435,137297.878725,
690711.407408,140281.453034,651538.479055,305865.493245,523745.541885,521399.953993,302010.972139,109079.635344,
1040857.733474,1711783.643173,438381.897611,88769.279235,419610.760099,317036.984086,397501.699216,207467.706245,
165935.897110,1017865.264015,591309.493861,100663.206480,525551.467159,374611.861769,439576.840818,118637.430137,
370959.295058,1013704.783190,716683.255894,43398.527635,397955.379812,235836.095393,404999.994274,36006.026674,
335650.116517,431299.259376,258903.362744,102000.747159,198934.849067,171921.739613,88894.027359,45124.255961,
503020.808124,871034.624490,412212.179757,166990.902605,144835.268775,161240.588944,364154.317284,48419.309624,
95702.497828,449144.452398,296527.950957,69977.583476,220697.172575,94436.164009,162172.067819,58210.590902,
439467.145862,555800.001986,288719.191958,154900.449146,147891.659989,204854.256749,208958.632473,69918.484572,
33335.211473,236225.356348,379595.975544,145405.593205,344283.687210,152600.296157,230364.977363,60226.079398,
239803.427353,507893.597331,84653.203361,56439.191761,123797.213116,51449.567612,135483.956263,18797.474995,
126197.538186,207030.422657,285495.683657,71716.029852,122915.282927,24805.715509,99472.868324,60096.523816,
255996.450142,397515.300251,294732.903120,128583.061245,60216.945861,82808.233179,74745.624860,58453.410524,
159890.777474,175646.668429,367741.178388,88716.423570,159842.437947,67027.593499,103602.593673,25666.553355,
302783.479076,296012.527292,255801.745476,80372.218530,115528.514006,11634.685062,98804.753652,5376.804092,
160493.163662,189015.724278,284510.871528,81929.083258,179265.772781,9549.881468,88048.731485,29655.055743,
323633.514263,249104.616167,160058.011950,72686.645323,87872.657277,46711.860037,41974.207436,11722.033564,
206401.512705,77059.464573,278288.446914,70961.121203,143865.592601,51102.718952,110313.557480,22826.247331,
378466.061196,166876.822655,126086.841575,36813.295984,162396.826171,24836.142365,59267.594754,7266.057003,
215952.717495,115652.561689,264857.680120,62932.533709,71994.086820,11806.855766,99890.968031,36567.776066,
319314.796869,277848.291527,217031.015789,54940.884814,75830.341005,32658.318454,91099.152201,28623.982097,
129306.260359,70492.087567,224115.654086,54311.615485,89786.398424,37778.683888,72751.108278,5982.087847,
298083.622384,282738.499922,143769.780321,67724.371112,101548.182319,19454.480974,63503.523175,5995.442745,
104934.012480,59806.113089,190354.183066,73982.891274,71562.234639,46152.019305,44786.962136,19481.409770,
262045.136033,235589.024002,120179.941004,32187.838198,49330.210253,5354.914006,37680.219684,15790.003940,
118581.185024,126954.010035,174236.742738,54475.517293,95303.772655,44365.659836,44804.617087,15811.221697,
196188.797783,333986.273642,147302.008047,61744.061414,46747.027819,28357.146075,52613.072632,16782.632843,
46738.037562,75359.958561,162816.436304,62253.064351,102471.669625,30734.360177,38623.390430,13104.949356,
184783.245425,313857.942340,89255.297293,36055.551815,58094.850216,22792.818406,50723.547136,13506.158944,
56389.442825,146521.195277,99494.471295,37456.232309,77182.097407,28299.219208,59329.676195,6212.705867,
168010.193823,302761.654617,119945.424767,47798.858524,69401.182237,22710.338001,37558.340091,11293.386618,
7024.204560,78615.888693,133979.488205,53707.398158,76981.613196,28648.800061,50276.925640,8797.643037,
137917.573633,321894.384328,105924.280985,53897.613755,55802.442004,24214.177079,52584.537402,6792.907808,
58158.233573,110222.554491,131470.901756,46670.892578,58802.107976,12532.716843,32328.653448,8379.423112,
161278.785213,257182.258062,100881.803827,47455.941724,58496.105820,25922.320793,49713.153632,5200.126700,
56978.752823,90737.845640,137445.405397,43738.424821,78880.890831,20084.011195,38724.216831,14474.214390,
163702.220395,278841.415702,98319.541516,45128.132859,71322.177670,1180.184252,43547.901720,12375.722586,
92657.101972,100589.218742,123590.688365,44306.489095,42160.281345,27166.453449,23586.543498,6049.015865,
169712.617448,218394.061752,121094.378180,40301.161097,45339.915359,21977.234990,35736.235802,8609.987393,
113307.169411,91500.844786,143613.394745,52811.142148,47372.868641,8088.938902,28945.800323,5830.967351,
183215.389347,191985.368101,111323.302249,36008.039278,58110.284124,22260.780677,47230.641663,10098.404028,
90281.220625,78421.243480,136041.416877,43703.568954,51262.249475,28317.095642,25272.173602,962.508375,
182554.279183,164844.488108,119353.131847,36273.185500,56720.994841,22284.248668,16260.379806,3777.884971,
85914.607052,61899.726699,131459.033975,40814.790670,58571.148851,13821.482410,35652.256059,8964.412051,
160799.093661,129615.022817,84925.180264,32185.358812,43608.688243,25450.311777,41052.975247,8739.316103,
80641.273324,45376.774438,115585.406389,39081.988684,42518.258661,17526.687275,18892.011666,3480.025679,
160489.753430,103926.666456,82879.087747,28427.341531,46686.090034,7418.529695,28808.161749,5932.710514,
55940.881054,39563.768884,100931.703108,40142.034938,54128.802847,9663.882572,22796.072663,2244.687093,
131013.204862,107010.502746,70387.377393,36546.724420,53454.046195,10568.350610,33452.481481,2977.631513,
33489.968848,23234.567713,89031.452689,38353.258713,38712.620132,17695.139992,25044.000592,6034.858054,
106642.311932,97105.717788,63501.124265,35760.701494,45591.433566,11387.040446,35045.523410,5467.592768,
25904.089447,47005.680046,95853.249430,34731.433248,34236.298219,10769.311074,17833.008399,4035.445419,
98696.464965,130119.415571,59959.969042,29663.746575,45189.157213,16271.851908,26201.130642,5951.993904,
15845.179297,50654.882767,81223.052483,38283.295972,35896.639775,17846.460956,17607.828377,2070.889357,
90199.073384,148131.088825,71544.590731,31225.450220,38159.019431,22453.124256,33169.175922,4168.367690,
47064.653468,53721.581677,87663.713056,39307.852351,41055.827098,1958.038273,26228.294151,7571.064875,
102087.336727,164948.084068,64200.753674,35072.756483,45818.646113,17342.516735,31117.198669,5650.477043,
55555.229383,63738.620826,93932.363376,34393.502388,43954.204597,11584.190075,21919.424070,4666.561761,
112971.066438,177183.852258,67086.976811,33092.351189,33063.107883,11919.895653,23763.067733,6161.022874,
65583.550691,66146.179190,99822.792753,37290.785168,41296.559232,12073.054309,20191.595855,3819.033937,
130037.976646,190196.044357,79872.783662,35221.678722,42388.144896,12201.187086,34064.927106,7171.137299,
67899.159451,63020.675173,105221.433229,32519.159360,38695.759196,16309.963547,24952.623695,2122.562580,
138996.960178,172661.675098,87527.999175,31114.093205,43134.332093,12663.713064,26528.698491,7542.483255,
65740.708084,77727.782029,105202.609835,39373.626489,37933.980053,15492.894534,16484.939614,3678.662860,
134112.866093,155179.545315,70624.805369,27190.589435,41871.870624,17487.188208,28625.549204,5659.973221,
64895.173595,53296.341946,85393.654032,32580.634956,34143.198690,285.845692,20104.746502,2528.072146,
118059.268443,167059.041520,59358.208250,28722.118985,42355.968190,16184.700110,28091.105385,5335.805056,
45590.568055,64545.190883,85222.619048,39003.207103,27696.596735,9447.091877,20478.174966,613.517586,
108933.981680,138543.768415,52258.682463,25141.629884,37457.485186,7534.050482,30768.066334,4331.726262,
36640.021772,57156.620606,66950.455180,27236.544965,28316.324710,5551.057753,20064.983759,3207.804250,
83985.349319,128168.663369,58524.375412,27261.781765,36549.676490,11041.455240,27077.669273,9523.032773,
21434.976644,49489.834613,60056.114080,33670.645031,25927.449201,12049.254656,21532.232092,4464.257805,
80693.114073,94244.701189,44932.590357,28395.639493,35241.808172,11065.601402,23513.878772,2947.513159,
13025.810915,36114.173041,60924.722211,35238.617574,27386.098520,15086.465802,20713.783432,2453.897937,
62591.106462,78523.967487,42165.849539,25257.486841,34133.584169,6701.192024,25078.130168,6731.590130,
23773.436433,30764.856174,58940.193398,33721.555224,23195.271951,5578.014053,16286.604444,3334.848823,
72463.967959,70246.248812,57397.925291,25289.390638,32090.294924,10811.324684,22396.238419,6668.153202,
36066.360506,36059.214939,75577.428192,33376.945483,29144.438926,14483.526713,20096.031880,970.195090,
89989.039378,77133.254290,57200.986761,16202.315741,31654.837456,8096.214475,22220.952486,11748.855919,
44558.635420,20143.363146,77211.212152,22212.530410,32235.556293,8431.538970,20724.765485,12814.888554,
96870.855698,71595.522121,66500.187446,22335.927766,28620.087251,6473.382950,22862.152400,7645.343153,
52856.271300,32963.992198,80275.180469,31043.511800,26474.809099,7595.657374,6833.619358,2461.428910,
112435.231088,91903.752085,62884.634282,19809.709576,28548.723528,12220.377231,16042.681080,4893.796673,
54584.260640,39840.814055,72091.940390,23457.487810,32469.893801,8933.984859,18102.223609,2946.939729,
107575.015850,114337.001830,61321.763921,23973.404666,33200.551372,2786.405892,27358.660612,8021.213775,
57435.745320,50780.814783,79076.554097,27016.504365,19443.265617,7418.863329,10391.411324,5846.444664,
96107.763635,119683.024749,56895.303034,19739.268155,30215.753015,4927.107216,20303.808823,4042.605270,
51752.350568,53932.705249,67545.368228,28810.628613,27497.856708,2824.012372,8760.553464,6210.319975,
80945.796395,130189.919385,36494.214730,16133.268346,30838.099785,8261.884577,24977.119863,3619.191608,
34031.975854,46979.206352,57485.238835,27456.663527,24871.205169,6998.973885,11596.290150,4192.862422,
76879.422093,131140.272288,45761.950791,21727.641672,25784.930158,6492.104127,16306.611835,4136.080850,
18555.707397,68848.117291,49579.864936,22668.147413,30910.182913,3697.389082,15323.928625,4789.005337,
61231.110710,128899.168058,31434.644660,18827.404592,27815.174209,5053.555016,28039.093338,5930.676885,
14321.078435,53928.501412,43158.831800,24485.570560,18629.375549,8682.423594,11611.296047,3853.806463,
52700.071089,128823.738186,36828.973782,21621.826075,34178.182937,2757.801884,19635.048042,4498.773416,
13065.817924,55475.280014,48222.754964,20338.555667,27489.332862,6337.366380,15672.213830,4141.388588,
57804.268404,105047.887491,51754.687472,20098.519839,28492.262602,9598.664678,14598.190157,1734.204298,
27190.079988,47519.094979,58384.150980,23107.866161,29196.570083,1326.420248,12926.669467,2455.378890,
63123.473551,91976.268523,44243.971593,15789.735939,24830.396411,11322.415856,18155.184862,5010.928384,
30079.969125,36757.155979,66567.528642,22294.513531,23833.297085,13723.647194,5671.769708,3438.858206,
77017.274479,86947.142477,51676.101696,12407.266795,30905.787225,6451.058177,23382.119419,7594.153129,
46573.263019,39343.493684,71159.431299,28416.754378,30266.309985,3282.122880,14984.015091,4852.615835,
91591.980246,57139.938012,62532.013680,19774.827721,19813.401420,4677.405267,21777.263122,4826.739311,
40383.507229,28165.980969,60673.752508,25484.754974,26142.950559,7907.758605,15731.834338,7811.024244,
91847.134825,44363.551303,47857.843609,15983.128440,21154.890611,3001.294981,12219.958573,9335.459134,
53030.199065,34961.667451,63214.031749,21996.411845,24083.746466,6080.468362,13620.715313,6982.580008,
88485.198558,44731.814242,45478.902499,19570.797350,22203.399388,8785.600649,25630.662612,8188.873598,
43265.587611,26902.525337,51300.016422,22334.326937,18905.992272,8057.272259,11805.470923,7492.596068,
77653.152207,62333.997997,25746.012069,15843.072470,20968.363376,12645.066528,11276.601472,4986.501671,
35900.892240,24027.459327,49535.714534,14439.897461,24944.745022,8211.671033,6447.659852,7472.655863,
65354.647469,66119.260784,41448.468414,17628.879244,16765.461083,11854.087001,19929.914278,1205.448077,
23041.835958,36891.091206,42719.118459,16170.459168,25803.178469,7073.907249,14696.769532,2321.020938,
46097.291031,97086.590928,25289.255277,15031.333417,30735.270308,6464.669807,16863.873021,5298.703892,
15528.051275,23083.745368,48134.219140,19063.334334,23082.044889,8519.747829,9962.260411,4915.129723,
46239.948524,85007.442515,34829.682145,17670.412321,17636.960675,1442.183023,17965.308808,7277.244086,
7781.950012,48281.771908,50238.596737,26150.908770,29422.521137,843.704360,15255.705025,10953.242772,
45392.152484,90761.125598,29168.678021,17056.747922,17742.184228,11534.951733,14783.045693,2702.975015,
18844.897175,45445.861925,54194.693324,21387.590778,20212.607792,11643.922701,15081.613611,6079.525315,
56928.461590,105655.112083,33735.191568,16583.084232,13870.740651,7188.886912,15556.325666,1139.139759,
22907.962923,61766.913402,48289.522269,17371.075188,24779.297465,11218.108117,12967.380938,5242.926513,
62082.240611,99849.523125,43855.534317,12074.459934,25430.460133,8273.382611,10228.393793,2556.872551,
28439.495409,48674.843377,56992.177926,21092.870983,21288.916702,14897.489845,18414.687253,8049.309514,
69802.036640,109563.902585,38808.056722,14587.475650,19750.145843,4043.251364,15923.188887,2118.539943,
47310.297034,23365.065281,60345.292785,13662.667718,18889.467467,17874.186624,5748.871244,3164.795505,
75107.108889,106993.639386,50420.777280,14171.016583,17170.877439,15424.782442,8293.858864,4603.668106,
39969.403562,49390.918398,47500.816679,15823.966910,22784.111780,3143.802270,13541.873910,10081.360827,
80517.829075,82659.823125,23046.301994,10004.440074,23026.548801,6389.076927,15460.080960,5063.503487,
42091.280708,32608.443872,56357.653483,15494.835657,21800.590315,13187.720993,9829.589204,5787.372587,
73149.567137,67956.567436,55044.619995,9052.907736,15580.048892,17927.385622,12942.867831,6474.743270,
34403.561561,24169.998117,37001.239011,8195.161137,24487.728186,11047.537320,11079.586052,5835.491847,
63771.062989,68504.175674,29286.547396,7713.091975,16905.411058,13059.083426,13598.886329,4474.382245,
28055.939653,45772.920709,38940.922474,13274.896263,11415.831143,8135.232251,7123.460687,8911.096070,
44738.424332,24203.458244,28302.585854,16229.407919,19902.990413,21709.895041,19119.535307,3277.353445,
9087.946665,20576.330375,39630.998776,14359.464914,30590.341882,14724.892094,14794.089935,4466.141033,
44570.895880,29916.684079,27849.258088,7773.033246,19988.083109,14378.820687,14847.379656,5590.947607,
6509.472339,20793.720083,34201.498531,16875.602046,13702.895161,22083.539378,8989.480809,8344.683461,
37250.737798,40307.904756,20595.185721,12341.629164,21539.629269,11808.856634,13932.034612,7378.455758,
14157.561958,24246.448507,42054.901629,16110.878222,23787.606279,7378.647617,13398.667539,7733.780673,
40919.596227,44330.989942,33363.496533,10641.442469,13179.262891,16361.227403,15182.734815,5329.208070,
20391.892562,35986.634791,52426.897938,14344.608481,17554.432401,18713.291275,15165.767172,4816.497289,
46559.005297,60965.013478,40329.418599,10798.218411,20549.988081,6785.358865,11493.482208,4804.859049,
36018.208504,51910.944666,49605.617347,8933.039557,26225.471724,8385.966253,9353.997060,5324.173939,
61944.921104,101844.698744,31116.520336,14326.829845,13105.139777,3754.384792,14702.679311,5014.645432,
33923.830929,34377.945102,47566.798705,10952.197135,24321.970962,8912.798175,6952.439863,5006.234900,
71447.773336,73220.640787,43968.748861,9891.951658,14106.210032,3939.186688,10327.512114,2487.521086,
40794.369408,44427.007687,51938.187338,11035.305197,22855.379250,11052.860229,12254.480122,2599.325655,
64857.497192,90942.123813,36163.782739,12123.976437,18952.086039,14578.116441,15505.560357,2395.587153,
45360.866761,29622.038943,41965.087233,17967.208375,22034.301956,2694.486589,9699.617683,3249.718718,
71961.355360,100301.079984,31617.569820,3432.952981,14909.510886,19550.924264,20806.801851,3814.798900,
30354.843084,56529.140216,37643.348982,11564.045873,19991.038488,16684.714106,23902.793184,4474.929905,
56546.273814,115501.669657,26774.549516,1695.143305,10378.916967,9326.328656,3984.519993,6085.661669,
23332.621442,41913.260292,36310.686031,8273.143483,23779.143418,16904.090127,8698.596596,4577.203420,
43498.776257,84544.259046,22914.906900,2499.903411,11507.939436,9657.919914,5316.658667,2329.404999,
15444.527871,48150.008936,18809.441722,5471.685497,22016.975402,13693.556175,15287.648807,3663.965423,
29434.223885,67590.926503,28076.536976,9999.111330,19025.649081,10208.251471,23646.319026,11858.123475,
2975.912703,43191.163652,31493.092849,8378.042175,20756.361040,15486.067584,17642.620995,9546.530834,
29272.077799,52854.989490,30234.298362,20845.578990,18731.270137,6672.096109,23253.487973,7439.488713,
14184.453247,35520.656051,41223.294354,23171.051554,16200.183184,10653.519290,25537.227780,13826.576562,
36905.086450,32074.991627,33001.784764,6360.632565,17481.310838,14822.206095,3861.477834,8441.996049,
23283.415906,22522.286696,38760.567897,20903.644033,23892.357133,6721.572653,16606.864193,2933.019185,
53322.295432,31847.535364,36383.371330,1014.865921,16644.795326,3129.111686,11875.069778,3057.570070,
28986.033988,24000.359367,50809.731645,17705.528226,22467.232209,5266.417467,13774.669605,6281.888102,
50586.822559,9269.903455,24619.768199,1492.830009,17151.223812,2867.107147,8000.234566,7261.957972,
25554.605762,23951.321572,41666.940300,12809.556101,19302.800057,4109.847765,14772.182576,9182.729745,
63326.823420,38756.135516,38354.767756,5632.874906,19111.048512,4706.125761,16929.803143,3858.547455,
30020.027289,13283.955110,45306.594661,16220.760254,14774.136738,5369.122396,7667.701426,2193.751597,
60155.331370,40495.443767,32924.244209,3528.877063,23301.080208,8364.418549,19301.467805,6089.467264,
37293.214806,35870.400958,38146.604843,21418.442215,27786.893678,4350.727525,19405.878910,7934.183986,
54784.222359,35691.025619,15463.704224,5976.679416,13157.371594,10260.156770,2109.650754,5198.337208,
27809.784471,46035.948749,34396.787436,13883.651908,33020.569518,10931.480912,18674.132112,5599.097075,
48256.941034,69982.035985,23265.398866,4453.852565,28627.251348,8095.780942,19063.364788,6857.136610,
21275.152489,39688.571936,42826.036484,19545.322076,17437.671370,10336.172335,3494.290103,4657.081819,
41233.757110,85616.326351,24149.054082,14240.446330,11956.588043,11377.569847,13219.285876,3363.021834,
20395.872670,34286.046413,29554.671375,20755.071843,23159.303733,10156.157394,12416.451980,5000.289774,
44625.820558,79951.426203,15457.937515,19859.642153,14204.157150,8782.651452,6239.332565,3841.802307,
9046.197536,24593.570121,25329.919106,5397.417452,20251.041198,6646.784458,12255.316456,8720.530680,
25097.079744,82071.698484,21415.326713,2063.552275,13634.741751,8673.436450,17840.288682,6410.317037,
11592.510842,25995.368925,39903.134287,11314.682922,19694.979899,7505.961576,9576.881670,10793.208043,
33572.797662,73760.696918,31366.961830,17252.633186,20146.590544,2290.601179,12064.559654,9889.423336,
18523.196281,33748.614478,43292.449112,7098.876591,15519.362930,3263.228336,16892.060032,7087.087257,
41410.198396,66967.799745,34712.944732,12160.557464,14642.451591,7246.621739,12132.027480,5122.325016,
16424.614447,34755.866791,35014.026285,14467.493928,25444.470197,7461.076871,18011.907584,13783.988206,
52710.114244,73329.046743,19580.545531,9534.174199,17860.656257,12638.674145,14579.849302,6521.849580,
24834.239305,33770.152581,41404.183227,8738.765073,16000.621066,20515.123051,3530.680343,8494.400571,
58037.305148,48757.510541,27688.495297,14363.594473,17673.657609,13818.980427,18572.234890,7287.735924,
33805.629503,30873.670788,37123.171070,19376.735579,11160.604845,23428.962391,17271.121016,8961.214595,
59138.088931,40155.244048,33576.815907,3507.782550,23260.499066,20159.186663,9976.298719,10141.121772,
34276.511529,22756.986500,27623.709240,18420.514812,5841.431064,5150.211751,12360.394067,9650.159042,
59061.274507,30782.142905,24459.512116,3596.910491,22021.244207,10091.696671,4454.229838,5119.707432,
34021.268950,23279.000852,39222.361855,16084.341532,16580.680081,9614.185178,13063.814790,13152.066879,
52783.757906,10719.609895,28594.471099,6223.592845,12794.684174,5347.989813,6917.042546,10768.578986,
20263.821817,18782.161722,42486.563603,13846.663527,14750.180067,9357.612349,10192.385225,7804.639836,
38472.707582,35830.746050,12227.020995,9797.909601,23682.392279,469.000742,19065.891757,15955.366914,
15136.164881,12082.756969,23369.581397,6641.026584,17092.065535,13398.556400,15972.393467,10910.501846,
29390.771423,26112.828425,19808.853435,15674.486507,6834.551765,10734.351888,5179.139729,5823.411202,
7043.595019,25070.318023,21389.052956,16154.233298,17717.573465,4648.112715,6371.000000,1594.452335,
24090.553406,35546.099388,24792.972758,8893.724683,16967.292430,8659.712827,6509.718520,5855.953326,
8745.196336,29812.998641,37738.319460,14561.378831,15794.525385,8319.162497,16251.992646,3970.001566,
30504.280990,47705.601396,26831.371773,3748.308219,16561.497072,7335.443780,18353.972762,5219.643955,
10692.111659,45464.966520,38954.786043,16712.520370,15282.050775,5062.971832,4962.717781,7098.531585,
33624.042246,71821.753442,27761.955475,10987.541842,8951.185333,1899.752513,5861.700746,8887.452711,
16079.969697,36882.227457,30667.172294,17668.065912,7509.040089,15777.518324,2589.726838,9106.673220,
46719.510198,71944.630230,27976.984712,14129.972319,14015.788818,21733.713895,8642.270421,4048.881081,
25335.340928,43529.952446,37699.074180,9459.716565,24814.419783,17962.045872,18727.031823,2433.412630,
46384.596500,84407.731129,33218.890576,15658.535403,12832.550982,18636.718334,18642.329834,3817.178160,
32734.105701,17214.271519,22053.206906,9643.927878,10837.111884,17171.340713,6206.669589,5179.168983,
54592.702396,89419.405734,19063.081995,13177.191165,22759.648310,9089.194097,12786.533828,9634.420991,
23968.685940,24352.297980,34410.725231,13703.205135,16579.063255,16851.056851,1894.574990,10086.173753,
60723.082593,64141.217213,29023.076065,8693.774482,9649.689477,18694.764076,12454.937284,3780.812667,
27559.806334,29085.776975,29267.076322,8606.620724,27827.047656,9232.514664,11663.280182,5302.651742,
45522.902551,68820.566466,19864.010876,9883.233066,15924.824705,18325.629782,6361.277952,3145.505032,
25416.957839,31174.521468,44651.983170,16997.466832,15410.591699,12263.393565,8825.048376,9070.666959,
40721.993481,53184.178666,26623.394108,17105.274574,23488.420104,10790.189378,17478.726269,7693.163653,
17159.805678,41709.787684,27862.539820,20555.030182,2535.763052,10993.852482,5857.295839,1851.191669,
30979.958833,21202.229625,19210.017279,9172.491485,25285.735280,5184.347574,22689.727836,6109.492575,
4341.431464,12144.697849,24263.487641,24682.236054,19284.220045,3952.161736,23471.259830,8568.239871,
27794.454663,34147.896858,10775.361175,18873.529133,7406.473408,8557.399391,7871.049055,6284.574134,
9690.961866,23812.822473,23328.378672,6137.976927,23980.495615,4950.226980,13512.832058,2235.383080,
32339.776671,13192.614150,26845.486569,13225.658796,14237.543647,10371.606130,12908.077765,5719.204859,
12676.656844,22129.927614,37750.064590,10116.946121,10159.710150,14873.400478,23772.354326,4200.215040,
27599.356601,18119.736905,7723.767544,14375.275699,20122.783743,7585.294660,25603.782948,2368.178051,
24557.760724,23795.596635,43327.841530,10989.426866,16443.444604,4639.834553,12352.688698,2928.299981,
35532.765074,31857.250159,32021.533395,6000.362990,5131.213757,12239.509804,7205.822778,3109.188704,
28333.437443,29010.147643,47799.648224,6838.155662,18047.880266,15220.459250,16327.117832,3670.792221,
48017.886947,48755.215519,33518.288886,5595.499939,13509.684498,4125.564715,9029.374962,3494.693719,
13504.351936,16676.937082,20478.962746,12816.973581,16757.810174,9003.563319,11363.876810,5638.553616,
44712.242633,48187.873190,34445.081839,15446.211899,27893.242406,3134.213212,15110.295761,10221.736723,
24617.173813,31226.590729,38333.210683,16881.611542,8233.141280,15708.038186,3155.263251,6793.460228,
45897.382188,77691.389649,8446.657774,11717.727279,17272.601794,23557.154002,9214.018660,6684.579932,
18725.194444,34935.065320,24285.824527,7804.338795,17146.898422,15108.416849,1026.405531,6841.405985,
46369.172911,74209.109609,13408.066920,5026.824289,5943.090266,7469.050055,9268.007981,283.893268,
23460.823056,29751.779894,36944.337455,1413.292357,18884.488292,13433.993073,6965.860592,4481.237713,
45901.717192,47985.493653,15735.315978,9358.326593,11872.378905,22940.877599,11668.305292,2381.876245,
13464.061041,44646.119783,17427.751600,12156.132700,14093.337312,15231.217006,8866.158279,2152.606887,
33100.225121,69981.463513,24962.687272,13892.791040,16522.365755,7628.115809,5854.861904,6367.065592,
8080.467644,26085.426077,33075.873075,20456.279773,5687.670628,10172.244479,3194.109101,10561.919645,
32329.734403,56655.133279,21436.233880,15404.269818,11056.185807,11535.882937,9706.729864,7000.566545,
11084.800207,39254.393957,35432.451297,12770.026006,8728.981171,6360.355219,6709.595824,5494.298463,
20581.667536,63495.009964,3489.393739,7735.102075,12773.506355,12718.782444,13433.130131,8543.351310,
13331.908432,38912.323610,43210.051657,8170.889648,15986.525234,16952.592427,8037.986065,4790.227771,
31315.806419,22838.276928,42069.344332,15342.272062,24555.939603,6972.013652,8461.017391,4453.029705,
10430.666291,10415.933276,36918.509615,11414.750550,16492.175616,18407.932912,9478.912620,3316.205636,
37029.336151,32096.706127,2154.178772,9440.626735,6438.910375,14246.402299,2452.607254,2613.015745,
15710.397404,16993.569724,36577.668271,5748.627998,15040.201409,14507.440220,5950.703876,6441.305058,
42888.416333,19056.862602,20145.725481,13012.581409,6051.793783,12583.751102,7139.063658,10766.112217,
19751.276413,2367.325809,26932.966321,19011.690645,16255.103740,10978.098471,19444.574779,9834.728795,
43913.521494,25240.289063,16613.492468,4744.554774,21573.441682,19973.474660,27292.075040,2424.396832,
9983.893727,6437.976387,16687.682611,9069.569860,21808.895140,21755.720081,11961.461049,7478.580396,
48205.905606,14458.639803,28936.764071,7256.048293,11910.806380,35512.684078,11469.458791,7795.222286,
30950.968207,21457.341329,44815.887570,22289.251957,9034.156161,19169.321441,11683.185240,2060.077235,
33442.475105,27729.767346,2465.338796,15296.794402,24867.750310,16508.961085,20471.034796,1837.263463,
21582.514903,12177.596125,48010.440146,17369.787129,26759.875715,12817.110979,13460.815774,4609.578179,
50879.356595,21227.724465,40091.561404,19981.068161,16006.351284,28336.268089,9118.093453,8397.518934,
30094.916008,37728.567609,29387.437989,7540.923497,6260.222534,34787.992070,2822.598854,8324.033871,
40552.456766,64318.355406,22419.658236,10562.522641,18389.489835,12641.550134,18302.906133,6458.651445,
17293.597846,38760.706620,9389.189740,1415.978089,10184.833680,16524.087698,15125.194702,3881.195224,
22253.353006,47527.138157,25595.848186,15340.631827,6156.063158,2270.105907,20883.560628,6110.823414,
13855.353518,27259.254779,19298.180514,13694.031679,7152.919420,13900.552572,21399.934746,10077.015765,
2725.678059,70883.193413,10887.899990,6854.209615,12099.687192,2979.296795,5673.759688,9499.110267,
21011.837129,42131.244663,22590.163597,5466.507114,12047.307202,28216.770464,10018.188930,8761.609407,
34652.990177,56583.387484,19043.228339,7832.912633,8456.820508,29057.452405,9889.808452,5736.136382,
18926.436335,17916.441365,40511.904749,11995.365000,9009.496015,14286.676705,15688.855326,2458.864476,
34256.537581,48814.091071,29594.874654,5002.136637,6710.860369,12644.453055,7158.822542,7299.845805,
11420.620650,22357.011490,28620.430072,13413.393902,14719.210128,9968.567356,12800.101545,6378.362093,
47836.115008,45523.164419,33761.986130,16032.673936,2336.514509,4400.950058,7641.372015,3112.970919,
25279.801802,27938.991922,44675.515979,1818.368837,18628.939974,6104.160762,20924.829773,2882.127882,
38522.783865,57011.469487,22438.859079,20107.125788,15914.522520,15923.170474,17956.774431,5462.177341,
25477.405598,30457.174041,12940.112648,16234.873502,3798.885170,12807.983450,2971.212176,7246.871452,
34022.393599,68728.696036,18264.764253,5144.151859,12255.436146,10547.181105,11836.902934,12876.516890,
21777.054342,38009.267078,17472.328897,4483.188395,9456.723310,13508.046310,7569.563416,10639.560385,
46246.590532,29137.152039,23269.271222,10415.935756,10970.506496,760.442625,5299.347393,12717.054737,
26554.705113,18208.093780,34269.826652,9124.980626,12139.309246,15110.765563,6322.571655,17616.763731,
28610.490634,35186.159739,14096.437840,9321.587806,8879.004006,15901.051091,9743.760352,13659.301128,
9284.293215,40644.319719,10270.404945,15580.125961,18958.423165,10512.467219,16705.077597,5981.140937,
32175.076505,10965.246487,21732.182990,5731.300156,21211.989486,15612.692653,9601.247641,3603.578265,
23589.410126,17698.930222,44703.832647,10138.537767,6973.103512,21663.772677,2752.766576,5170.067927,
19943.921899,13321.869334,28337.242007,6682.786447,15436.451259,16393.309054,8617.253698,6327.194266,
6043.451525,12970.153021,19692.382041,10019.501591,20034.278900,19424.664927,7486.608634,3309.146065,
22617.680811,14602.085596,8898.597051,15337.338921,16462.242356,18877.364204,12953.811574,2775.035044,
6403.266001,47497.036318,27080.848600,20605.905132,19462.706732,5219.288231,10397.960599,7975.505122,
21975.953565,31713.126738,23912.806715,10566.888615,11387.750866,16579.027625,8632.295192,9674.889648,
14702.584897,35913.289029,21852.348717,9781.230758,5887.951076,14295.332799,10973.366417,2444.934067,
38560.761859,38680.000426,18799.062741,2363.761056,11295.245631,21049.183519,6821.564148,9950.117991,
19180.898396,44105.370674,28407.009926,10576.715699,5521.381657,23483.764133,8500.349966,7481.565821,
24735.932523,70432.922454,16140.992429,4370.022404,13879.443523,21311.611150,12410.830502,3886.827128,
23745.908033,26347.513467,22105.350814,14050.137039,21564.455507,19754.240499,22382.901708,5462.750789,
42496.240464,58353.890581,32973.841239,3538.885947,9105.848669,14481.785643,6292.893041,10650.563540,
22306.419579,23998.940965,34046.770562,13550.624601,16103.432079,22190.823870,15652.038606,10445.144033,
41071.195503,79983.802888,10796.271711,13973.567594,21192.455177,15716.096215,16818.096642,13014.111634,
17695.407787,23722.974302,17542.526782,8434.782284,4182.757056,22163.261492,5696.026669,9634.509164,
42968.518009,72345.658286,18777.359526,14629.925443,24230.843536,11636.272494,12648.199326,4703.312073,
19275.271370,29434.851115,27465.815578,16450.646967,24567.743909,17315.986559,19675.361772,12087.481339,
34028.665876,57794.430878,24643.398403,11242.767161,3673.697578,6755.865043,7222.857327,9506.386297,
7915.915521,37665.259700,15801.509663,8671.978323,15903.742876,20854.104685,14146.356138,8629.867958,
29213.360038,41566.363068,17057.269284,3015.679093,18033.934827,27449.407956,9124.927566,7725.623024,
4877.867819,41935.092564,26048.516911,11011.189772,13045.953795,16675.575540,10894.635684,7527.561351,
35483.166456,37488.934722,10118.616959,3117.441565,3203.404857,14020.349815,7655.649999,1027.107680,
10695.592841,14627.225914,27643.375451,9662.397625,13814.792431,4737.005698,10915.074934,5823.504240,
21622.852493,30894.289835,12364.537293,9841.123521,24612.080252,19460.923027,14230.053657,3480.006919,
3612.176105,20083.805604,28191.700320,5444.818100,23054.461271,18044.074801,3694.696565,9589.636794,
22742.715109,21304.296817,17638.867703,8455.007317,10324.413247,13914.871952,12480.201931,7306.368765,
11628.783078,10660.566062,19273.354116,12765.479819,12206.723423,10459.039227,8474.219455,3938.204675,
35605.103575,25040.917138,14097.424275,5439.582676,26861.189524,3534.394271,15517.257554,3924.949114,
10648.258717,34677.913138,34969.745157,5210.442904,17937.204717,11530.830136,9334.209004,12132.321970,
39190.085625,18412.516087,26968.886491,6495.807770,2811.611684,14790.766774,14966.959290,16168.085197,
6277.152729,28824.453303,28976.916684,14400.018740,6919.443278,10310.783430,5981.039703,19327.001324,
44045.745375,28732.757032,20825.167777,12336.977772,15501.069941,16394.827905,15385.197299,12304.555355,
29775.166885,34321.675686,34412.865143,17033.635644,21876.848351,13108.083162,17523.149913,3248.501962,
35525.192093,51608.078851,12334.021342,7030.524803,12760.024770,11577.538845,3714.122609,7582.200309,
18949.376227,17349.340413,31335.520393,12077.991162,7421.707641,14324.396710,17224.467978,9735.940054,
35240.122228,48626.161958,21813.234769,14603.558097,17401.908608,14469.519840,17752.821133,8350.877337,
15864.931520,24423.847080,9677.803038,9242.483153,12231.396340,20468.043099,8708.569061,7412.335249,
34529.725552,73376.525422,17979.669283,9428.910739,8544.637146,2733.976353,7477.563439,5193.195636,
15278.626687,19554.709996,25123.276841,6325.926878,10098.202992,20838.817929,11192.061910,501.247726,
22703.629152,56339.959986,12588.677264,6065.452599,22435.011646,12066.643142,3355.626083,2541.241185,
4748.324332,42830.801234,26228.985233,8580.203413,17468.571761,12979.863054,13524.231201,4741.705134,
21736.722227,60669.250755,27957.968466,7320.914277,8547.015016,18435.848368,4697.510269,2883.388969,
11929.961012,24950.774674,32802.731016,16299.842574,14944.407749,16790.907271,12820.724423,3413.426273,
23844.890503,41435.123771,15503.155491,7092.996798,15792.165000,12512.490315,12291.377916,2762.398879,
4057.923747,31973.603082,22138.839022,10955.834096,13950.443333,12871.489281,10260.751698,3735.057139,
23245.965639,52771.263214,13847.653929,7234.880119,12429.047756,13096.420873,10186.477683,5184.856353,
4700.470463,21628.716746,27126.846955,6498.785258,13033.763152,2061.040961,10149.663074,3194.304734,
25341.410556,54107.673896,30520.388480,4722.658795,4018.748118,11341.961501,16800.596821,4116.044491,
14574.732135,38629.001226,14757.730331,8652.982566,14401.846937,6026.168537,9783.288001,6066.330987,
38712.741571,20422.543694,33014.796112,13818.505434,16394.345780,263.471287,3644.164505,10675.705133,
9585.385992,21703.889800,30158.744024,16977.937729,13053.492568,5922.916887,5136.961647,9403.284121,
31978.905441,20508.619407,3619.564576,10051.602421,2376.481604,17628.041857,12459.830437,3798.928830,
20510.562222,27664.465694,20869.269854,11349.695424,10899.728872,24761.984133,18653.076045,5952.058961,
32853.886372,9546.540206,6613.672232,13433.538022,12793.807351,17896.243704,13397.957034,8730.004474,
17735.006366,4533.743456,22789.017480,16827.089828,12426.871194,10712.464564,11836.578325,7564.404027,
36271.664886,17429.668863,9809.497162,11111.939127,8817.994165,14847.582899,5040.444460,5259.736489,
23823.642828,9004.720760,34303.402155,9436.619252,19753.913754,11059.127422,6914.859931,2971.866124,
35366.227501,13097.040821,18392.081078,7164.597951,11642.099506,9268.791786,7067.012345,7877.399262,
11210.229035,6085.433806,17209.672598,10339.836609,14031.718432,12393.187643,19451.088053,5842.347886,
27720.542790,13429.922667,23954.414638,5513.815347,15233.175441,9613.667227,14761.011789,659.689197,
9293.336165,35853.389961,25095.584686,6986.787326,6481.462972,13366.878619,8011.545895,3844.848222,
20043.235665,35832.362575,25735.806481,4473.440858,13390.299257,19087.239144,10335.578059,3254.732873,
8765.476382,20071.145427,19369.282527,5662.087762,15010.226684,11732.165391,18579.103076,2050.260735,
9407.938953,38152.589253,18553.463668,8793.575473,9099.094182,1933.501909,9445.732983,4780.580892,
20145.637181,30975.675693,12621.264006,13939.521856,11113.662863,5696.665629,10356.910858,8442.341997,
37484.687132,52606.434939,22431.745489,5971.096419,6615.857617,4830.815500,12442.554888,9203.822775,
4129.087466,20084.944843,27228.512788,10451.251506,12146.699173,15257.649404,9016.243747,9861.756599,
35170.352221,57692.683763,11090.093378,7006.289053,6280.836361,12067.630253,5894.264024,7521.433893,
11551.903509,12493.999773,29698.956228,14735.131226,6148.205295,4478.238026,7219.244871,3165.861819,
27822.784838,48888.225269,10929.196079,10287.447323,3832.757849,4863.218501,5940.800595,5092.007509,
19429.450067,14819.775149,26243.793455,8424.508103,14397.158946,18727.748024,13699.611144,4612.218126,
31507.462098,48037.564452,21033.697381,16001.560509,19336.112033,20194.729156,16467.430783,3480.209077,
11954.847609,20457.871186,18681.408806,13424.136940,14466.181063,13784.303582,11639.940810,2529.224595,
29603.324188,53556.272976,14317.499242,11019.423839,14208.431950,9521.719203,15832.195384,6333.600771,
7786.429358,53962.890384,4287.141085,5246.500038,22619.644666,12449.560400,9232.937451,6983.495475,
39026.424880,52089.459835,22892.335536,5996.733244,6663.410321,17271.771697,4563.098759,6499.869658,
16803.179028,30001.221952,26459.831385,4250.028043,16037.487909,12357.036178,5293.107607,6018.770218,
22627.728663,15646.462363,15400.671261,10272.607387,18348.639803,28076.806292,7100.921180,4176.948489,
6860.290235,11372.921155,27331.788415,5473.559760,19232.954117,20497.375278,4887.748723,5602.475866,
21711.238386,17633.575584,17295.837205,7442.799738,17952.702186,8346.185463,12191.518833,4009.255910,
17377.529339,8560.051240,24290.969330,12055.430294,17321.302083,5616.533763,11069.535699,8089.064199,
32074.825714,16029.108150,25868.199523,8294.002402,8416.980549,16761.733752,7304.728387,7571.720282,
6302.294462,12177.237292,18350.265158,5755.203514,9560.749535,18777.022747,3237.724306,10063.503755,
29524.166150,4396.942674,16460.015479,4870.080036,5914.265396,20229.848912,6877.885255,16013.134415,
14356.459829,34927.396671,26432.075521,13977.384859,9748.381871,22011.451132,10523.919123,11780.639561,
17807.532237,45052.758335,14269.049401,9889.538000,16520.532201,9051.321763,2820.570660,3015.053704,
10514.127431,22665.801287,6006.029760,2752.699876,15401.194649,15356.063705,10239.832620,9966.159300,
28323.826808,26456.869520,22550.184858,7575.133449,5740.419743,13381.355556,10063.716099,13516.743673,
10204.112610,4488.175674,29793.513331,16214.965816,18893.733370,2189.235429,13012.855679,10384.221923,
35522.516154,17828.036282,11330.033651,13258.864869,16229.865751,14237.432052,9621.056027,7481.738868,
16011.210555,42681.271986,31079.036272,6381.605921,7020.398118,22992.628620,3536.645227,10212.396071,
32580.222918,60776.168513,10915.674550,11749.882161,8502.718257,16490.418559,4682.603675,8501.544034,
11320.121945,14083.897698,22356.691628,8479.778244,15122.191092,18444.223448,15317.737559,3134.146958,
33174.010177,35827.583283,12958.764228,9142.607524,8885.408563,16172.796979,14707.716492,13637.010275,
23056.717633,13674.684301,25416.556188,7760.139541,7435.522660,11465.722577,4398.031177,12913.238900,
28949.444581,43208.749767,16783.422082,552.738355,8633.826104,11919.082101,7964.439378,11165.978140,
16703.471064,30207.842169,25647.277214,7568.130191,5409.306221,9652.963231,5253.630372,12193.973123,
18440.718344,48880.996954,10036.116054,8721.120419,3999.331198,23006.468841,13039.482079,5720.796726,
10326.594066,23537.230919,12073.499388,10490.102381,8430.089251,9476.921041,4031.189322,3275.548182,
24630.550968,51860.580971,10443.659600,3772.552101,19556.217983,15578.927465,12323.795023,8413.914702,
15491.502812,15601.688095,29057.319251,10457.849327,19167.150763,15659.714289,17019.521822,7587.222270,
10901.641830,42790.606064,15600.510214,12270.741623,3117.370992,7816.934118,11290.270434,8644.350431,
13138.980782,26758.560984,27993.436610,1246.906361,12202.754772,18976.378098,8480.982660,7091.038532,
19296.313468,25664.254499,19134.716311,6423.850748,12122.575050,8454.614857,5733.140361,5975.054331,
14561.167285,16101.552477,27129.042812,1886.491591,14952.443746,17503.533669,2652.996946,6523.982666,
22110.463345,18107.389463,27897.303467,7930.597502,6439.753357,10947.776198,6228.318742,9583.090788,
12391.212585,10467.931687,20966.830997,5674.244261,12285.165562,4668.616674,2846.239119,18866.382261,
31651.891330,17505.297962,5068.014429,3007.568097,16693.776815,9372.522361,5396.153966,13030.907267,
5801.418702,10074.390933,25943.133568,3413.056381,8910.772345,21892.052390,5762.145176,5183.446798,
20594.852089,15078.083175,10742.811743,4530.684654,8057.353182,24363.359994,9428.148941,8192.704046,
8603.065898,1315.532749,23341.590272,6393.022251,22543.324392,13485.500416,8083.044217,4136.026914,
33922.208101,15807.677730,6033.688499,9076.570567,19570.348755,5375.639084,3172.296734,5685.246400,
23884.931580,2928.351412,32014.006516,11500.908674,5506.788276,5807.241952,5955.612421,3323.624336,
32454.670003,8131.008288,28252.674765,4109.718942,7801.375378,7906.378194,3899.332977,5597.243274,
11047.869636,32560.732549,9487.154441,5205.971090,18532.380401,8163.270592,5003.120316,4621.612673,
24962.612942,31526.745260,16775.655233,11603.619320,12608.474434,14561.273267,4472.285747,2716.043629,
6276.693087,14686.779698,7153.621225,12558.467353,13396.601947,13293.527054,6685.792610,2226.909003,
30993.618362,23776.971992,19853.072406,6334.860246,18734.925996,5495.582311,12678.354176,3771.435965,
9662.098830,24536.723902,23624.518206,7092.737407,4299.125739,6813.830468,7604.133342,2897.827199,
26679.970486,42082.643002,13160.247770,5205.496283,14558.817919,6144.125899,17930.851613,4935.012611,
18818.065054,15367.119042,37764.561072,8500.244440,10994.025749,1028.104113,17221.647618,6212.699305,
13036.567943,33651.229179,18579.424803,5061.752862,9689.686935,7898.076180,9479.391231,10269.624991,
10414.772421,30230.370276,26514.243301,8608.668681,15701.927573,9629.980852,11874.514242,12485.434352,
19150.546413,63142.608196,18866.275132,13949.625536,4835.957731,2915.745381,13318.734146,8440.875574,
4779.080643,18119.437388,15794.616915,13016.025291,12586.678404,7624.855348,7324.319890,5911.155069,
21629.700067,70099.525602,23397.270360,7660.809103,11411.233124,3648.853250,12843.421906,5848.769935,
12018.681419,44887.545519,5220.462083,9550.366830,10474.141907,11990.581166,12678.063317,8615.989089,
29915.836645,30302.811261,24165.211420,13133.377181,6681.861665,6353.622781,7115.285767,9258.497165,
16021.110235,12279.597850,20686.175832,6547.786751,9795.094305,6080.127313,16930.519772,6250.379403,
25153.577928,32740.834023,16333.306479,14282.501638,12689.631413,7319.375528,8102.448240,2912.591156,
10620.985240,23017.067228,29723.661135,11121.338551,17307.498966,4293.125828,3658.475374,8739.272745,
27580.555159,10889.530547,4318.387180,7278.325417,26535.297394,10288.548614,10913.997704,4393.085509,
18783.037207,7100.933380,36615.940133,4708.974361,14279.107690,25910.866022,12293.893511,11721.921978,
19898.787235,25119.734185,15833.307011,7113.470841,14889.480017,26041.171821,10348.015170,15807.376721,
11885.002702,12490.329957,28378.039814,8490.452330,21089.806322,15334.058651,20797.932840,11138.630389,
27937.063869,1529.470951,26341.471473,6992.621687,5338.520993,16393.210540,8495.491656,7136.121438,
4026.807240,21269.908026,7381.927543,8726.821421,11793.469204,5269.985192,18540.327561,8892.313939,
24367.445605,37647.814046,11821.137003,8124.722414,15463.182928,7212.918046,14692.825252,4915.681074,
19786.735954,16573.590740,20104.874997,13594.967861,9718.782253,5968.823628,5977.538571,5580.800269,
26630.804156,8513.870090,32152.301511,13665.883186,6202.721643,13581.583900,5343.864499,9584.153084,
14735.829436,24267.806664,37836.906354,7802.995719,15377.125374,8201.585510,7630.157004,7001.450720,
17469.510466,30216.615329,28670.352187,10216.187224,6536.827594,12045.883895,4583.563567,6534.196274,
12930.134447,21656.399755,14577.267721,15078.001837,11262.161168,16843.163476,12962.106777,6484.399475,
21313.376802,45010.470177,11766.186330,3132.345239,13198.252775,14294.866007,17531.598643,3271.570376,
1583.667480,17253.600412,3422.563265,12255.080804,7621.904125,14245.692919,11096.024475,1246.673175,
17423.744579,29228.046990,15586.393246,7257.905335,9918.514332,9413.369320,10308.230351,3436.740247,
8535.801035,22032.158477,28981.854884,11677.159122,5966.371334,7481.350140,932.336588,3495.123355,
27177.515201,37143.474058,24681.681473,11142.944542,10512.793087,3623.915662,5582.873680,6508.326310,
18823.930913,20475.498392,20905.118384,5300.236958,17011.192839,2813.657002,13550.768345,9983.219318,
25074.758235,45332.249289,18979.571014,3130.485481,14120.554657,267.369383,15124.368149,7019.252797,
21955.050463,18630.885973,21373.170710,3771.493134,6333.090763,3633.970716,10311.677680,6653.365941,
27141.912180,25770.563253,16475.062706,5046.284432,13717.021594,776.315962,14473.600320,10276.748967,
16249.042563,13627.936800,11129.510246,2941.902075,8642.774842,8326.909851,8774.910303,3794.659988,
28302.582374,35420.297026,12602.035642,1197.280211,6611.349825,11204.804913,5653.257754,8965.060563,
8331.824494,15339.438028,13563.801655,3189.306858,10605.352733,6003.447887,3988.245090,8913.593657,
17915.325790,47570.139703,9575.686309,10439.258584,11841.776799,7033.467182,5491.056809,1098.309680,
8604.271369,18114.604108,15938.362824,1995.663703,11345.071642,8752.254791,6773.547394,7559.465377,
20701.231697,51462.088920,19356.849472,21222.667954,9389.842415,5475.294049,3864.479857,6032.632877,
13608.575029,31110.082402,29467.693560,29470.056846,13286.044716,3610.693202,12616.474346,2714.079930,
31682.992837,33254.060518,21014.627762,14858.126095,4684.737297,3420.425752,7320.606017,5853.612369,
1984.846874,16921.921394,23758.440247,15535.093128,10726.873670,1988.633157,5009.600477,9294.110785,
25281.485509,15771.316417,12040.363666,6078.713606,13683.518862,3193.050655,1790.314164,5233.399243,
4742.694758,13132.828043,24377.535939,17165.549002,6459.966073,6019.989490,13971.522090,3176.890514,
28172.924350,23748.714168,26713.850541,14889.285000,7795.351621,10341.016323,10895.138769,6797.406900,
7652.362617,8544.788297,9482.276544,4741.758340,16327.800541,12806.892863,8600.120842,10688.610936,
23997.823032,13060.211096,15373.974717,17528.366776,8988.508691,8693.594115,11156.809662,7701.899524,
16147.057269,34676.787417,25228.787677,16050.819695,6055.624074,1003.075225,5505.408393,1355.565052,
27364.068132,44065.815402,14532.109140,8343.877648,10757.061556,4624.578946,6622.922080,720.044459,
6414.139086,16264.944294,7452.717334,4185.491742,7857.644917,5737.665126,7416.759416,1810.495894,
29275.775132,33886.118347,10173.314382,6520.105151,3704.957766,9225.814042,14055.420488,4369.950392,
13193.958792,13259.046733,22926.612626,7136.569356,14372.920318,5612.102903,10618.730766,7685.149125,
23323.987911,39663.471738,26436.088861,4854.195808,12269.261275,3660.872469,6633.560775,10450.344024,
7064.302200,10549.205395,12725.081995,9235.576064,4693.449477,8005.485224,17717.717436,9555.571866,
32330.728646,40119.955828,18574.001235,338.609481,13842.721282,7996.044386,24844.929932,6847.648891,
10179.497269,3151.664624,26054.772037,9383.549863,14156.269368,7093.204892,9650.512523,4454.662513,
26637.732833,36206.944067,17422.518890,6278.244804,1783.678631,7100.788663,6094.963163,2563.758067,
6480.024904,24922.079468,9980.170808,8087.941156,12937.525161,4299.665281,8355.421700,7780.579356,
29904.078742,54027.677965,20074.607124,6247.804145,10338.590917,2599.211917,10903.599669,4001.534965,
14006.074490,18253.320380,19343.009235,7934.218539,6387.226262,6010.468381,12194.647862,3330.210904,
20558.591016,34384.232761,15527.808309,4940.703062,13891.697815,3472.187463,15376.866244,759.094744,
4026.602583,32012.131607,15308.862877,6471.650260,12592.882432,1191.162683,12382.091730,8839.578359,
25056.433014,38552.592342,20796.333736,14095.278990,7564.191178,3625.220850,6890.172888,13106.049797,
24917.068778,15022.255038,39155.571621,16740.178437,11895.240547,7802.882293,8565.236957,8906.552001,
29958.234603,18284.963138,23555.449044,5103.650414,11130.105076,14686.231440,1816.958884,4646.279173,
5009.519356,10811.312508,12941.429159,8299.443765,8035.028160,15574.729012,16492.727799,3522.956478,
22840.240021,31245.299482,14072.103051,4357.054137,12412.657331,6820.208456,18949.066273,1701.871777,
12383.708822,18454.980736,33416.076336,10086.141665,8979.924271,9895.448817,10642.309173,6838.361029,
22819.187951,25250.401388,14907.717232,9384.319113,9330.797318,10016.067031,17885.821889,10540.126098,
7599.947033,10679.567553,16064.597393,6236.764383,13948.365190,12220.527310,6145.441601,1852.429486,
30093.578918,36176.258172,9538.644296,6867.023418,7441.872404,14176.617854,9017.097706,10671.598219,
17164.450310,23980.173368,21579.248871,7897.882967,9609.865276,5254.161621,4253.621644,9274.165972,
29060.983433,30507.818416,24219.771891,14280.187920,14975.387045,15978.057956,8319.096057,2246.807833,
11216.731340,6707.384239,12293.848435,3347.911680,4394.928673,14594.519604,4811.097273,7006.159660,
20031.138991,33020.998685,19632.513895,15883.395722,7273.271458,9163.257583,10974.553024,3645.076570,
19534.483822,3914.269161,23532.424407,8861.686420,9965.177896,10014.462364,9203.721627,8701.381044,
18749.928225,33171.636607,6549.047027,10638.710963,20130.388641,1868.139919,9720.534876,13301.992477,
10848.883218,16077.013519,27797.711225,11143.460694,11080.464078,5614.634985,4344.214128,10214.179755,
20430.496466,43300.615474,15881.231662,8669.934359,6838.884655,3869.355814,6913.373682,2178.685004,
6649.799293,14577.160017,22081.472715,18608.017888,8982.280253,11198.184102,1109.347478,9612.974600,
23880.648137,16584.381532,30252.691450,10197.127638,8565.748022,11779.740709,9596.598887,3992.373740,
4610.361724,20743.032124,21048.767068,9054.368481,8832.095902,13712.342289,7280.590683,5168.023217,
22384.170620,53159.332855,12389.333709,8428.801505,12287.256446,9416.692469,1488.577260,6375.343067,
7775.065904,20586.452411,6704.141869,7491.273116,13202.854779,6633.186039,1582.376803,9159.251643,
26131.788138,33473.076299,22522.884152,7821.406440,9856.463250,6268.313382,5651.021698,11981.830753,
6802.446365,14871.502578,14759.252189,7031.477747,7265.994171,8078.911155,16640.975651,5728.199909,
21004.620411,31004.972357,23178.572562,7697.344613,8314.661415,8705.089115,18471.598953,5596.570732,
19051.585126,12193.397678,18288.754836,12711.412348,11455.118081,5066.328107,5432.588067,9673.720729,
27722.141459,18848.011989,21233.048103,14194.727961,15372.372801,7180.536582,3218.964045,7129.697293,
14576.557125,7917.686315,27296.792421,13030.694527,13910.879619,4603.244180,7043.706239,2988.221555,
21337.971785,33807.136871,8137.661975,8823.551638,5571.624557,4831.065525,13033.533982,6838.107240,
12037.386970,14632.977736,30024.536863,16989.925065,16398.956464,9297.341806,2171.240808,10242.697425,
28697.970914,11311.217669,14558.608052,5995.715608,11045.585717,7123.966624,13263.976794,3739.009879,
14582.372395,7857.013338,25477.113968,13614.671245,10921.103020,8567.184861,5917.823370,5661.203143,
27978.862471,26516.492597,17383.768660,11003.320592,7458.718892,1669.527205,10587.821616,7878.168188,
4766.094467,13867.035540,8937.303677,1414.336654,10694.652865,12796.219547,11901.536840,3547.070643,
22672.662212,30903.850928,15573.806839,1477.988855,8659.736401,14404.319825,10390.259693,5723.793935,
9965.819574,7824.673432,21123.788303,14438.675902,4665.390076,13727.104893,8366.224612,2101.349197,
20080.242219,14794.959869,7576.307568,15940.095997,12188.234352,14871.727364,8049.382458,8265.989262,
7887.093404,17322.973947,28874.344759,10094.375246,9461.436411,5973.832700,10579.136295,11982.762204,
16886.516513,33172.931917,18852.394266,12810.543129,5521.693874,4418.659529,7615.329039,4409.398219,
14441.117247,10303.007832,27275.270860,9654.020613,12484.796938,5527.685026,8993.273480,2614.124520,
23027.226684,39750.993103,10855.785085,3400.954544,11970.742796,9046.454366,13844.718949,1536.454314,
4738.259496,8838.755613,19648.193566,7684.601573,11370.311765,3256.641105,10235.007706,8768.983742,
19559.603767,32287.430416,7022.294070,6268.894454,4414.654059,7033.765907,2417.755773,10167.868125,
18353.017498,7166.204888,21250.836058,4926.580647,11013.948188,8949.456744,4028.838984,5587.472100,
35193.476456,31042.946270,23903.846527,7812.407515,6247.340060,8875.959248,2654.893806,666.693724,
9776.918897,12447.617145,16777.488601,9261.263504,3421.517097,8262.745252,3166.938352,4151.414670,

38322.000000,1873449.000000,916187.000000,2840969.000000,1151077.000000,3490798.000000,2185204.000000,1482604.000000,
2855010.497007,3898697.730260,3059130.280576,2109934.081734,945649.114930,2100214.756221,1478458.714857,970334.732207,
2519348.272190,1987053.998565,2084654.607148,304074.189817,412034.709205,886436.202714,478856.913302,75566.663373,
1236424.908667,2309935.938553,2177942.872373,1113406.356682,358551.080706,1374417.606400,486488.677750,303195.575257,
2047953.550907,1768869.137393,2434846.800645,607548.528920,867067.818663,851233.425395,232216.598596,268714.765350,
663019.945590,2573855.798567,1182894.295879,1221263.135203,2130785.607928,2934621.206592,1272871.690686,304255.514228,
2418488.514406,4373228.148434,4339478.719176,2225202.045346,2698086.222018,4139789.078341,2510182.590396,516242.328962,
3681691.363528,4794643.905139,3971792.745126,1555347.498238,1869298.574240,3938021.446169,2539861.940202,717834.810110,
2107920.541002,4088857.980541,1662582.312252,353104.227963,1479552.217899,2491967.487280,1061641.378064,465744.192742,
445858.122020,1761333.105121,636164.399434,262293.572852,1842235.242344,916402.119471,664842.945126,214922.821316,
897917.295222,1754954.853746,151646.563544,441140.775803,1352453.594034,761642.025312,840549.215600,123741.590669,
730754.104411,140632.110802,646801.891257,303679.495276,548205.702063,535757.650102,316806.840549,110321.313158,
1071902.320607,1687840.149670,448605.436572,91794.736642,446771.965204,298781.585304,403864.736039,204362.160524,
182492.870024,986070.965779,619020.289691,101489.334747,533114.431792,354675.859699,442739.994804,121226.048426,
378359.664541,1022256.041024,716395.741990,40167.977164,401515.847716,226024.095064,398832.699157,43025.381433,
352815.517672,431249.491669,253897.477819,98102.298878,207721.272128,184693.002635,99627.730866,46213.002265,
490382.600780,871123.724464,400227.150912,164458.881645,139881.677345,165739.412818,368656.950198,46620.498140,
102918.157206,441029.078240,298479.080949,70733.071755,222345.223318,99100.417327,157041.858363,52230.124682,
438865.148538,567752.512141,281271.632922,151138.764670,149160.090829,204353.389391,209836.389219,66664.803145,
30766.186869,246467.007123,383418.139519,144811.516154,339516.918384,153059.925988,233049.930299,62718.167820,
233325.353621,502811.786951,73079.388176,52467.430992,123890.705919,63340.687249,136455.118551,19723.639590,
123978.722590,210582.010741,281890.038506,68515.264826,120234.212470,20586.342301,92483.366987,57874.645499,
260617.156391,394410.361372,292957.089334,124084.104156,60624.213390,87592.314080,82263.535793,56323.251236,
159657.342637,169203.446962,368700.154963,82972.131061,150492.284774,75658.813089,101841.913465,25469.117551,
293827.450606,307627.756050,252459.894571,81166.591778,113791.098090,19465.807784,94190.950684,2372.424054,
163764.145539,190594.895161,278244.786118,79078.092370,172055.842324,2783.594263,83856.331845,25387.257651,
324817.063273,242706.773255,159417.993178,74661.802328,84092.084423,43783.717256,43580.761408,9976.972638,
213017.142435,79262.981321,280470.530455,75804.165913,142692.250686,57415.521088,111222.681421,22221.067024,
383480.570771,167505.423571,129687.586874,29780.235998,158383.361584,29884.630220,59684.821736,9759.953479,
214130.366210,111844.944748,266147.381086,60582.602199,76043.484922,13397.227189,99046.926565,35889.854222,
314996.850500,273930.884833,207189.034411,48160.708950,72719.754189,31624.495904,89934.622107,26609.073238,
129710.574693,72550.786182,226176.452675,51617.970891,89507.827721,41268.438799,77610.738464,6611.130091,
302453.191616,285364.955182,142064.216604,62905.134497,100545.032694,17405.555062,67642.426876,4574.339518,
105073.091517,55142.981604,199990.547307,75977.998274,73100.188145,41084.444023,42530.573525,19624.387163,
265083.525531,242143.704779,130302.059976,29281.701362,44233.447255,6740.581843,37215.105232,14557.235562,
116967.969927,116342.134785,175776.524239,54260.014048,94589.274618,43828.266943,46276.025598,14265.337563,
197318.079484,330697.386885,145126.829347,56843.218661,48503.338410,23101.387946,55818.981338,15386.186399,
52833.074533,77065.532852,165728.034468,59249.212326,105211.662859,33001.344896,39015.394388,9436.429252,
183752.933846,303022.211394,86563.305251,36446.446371,61075.393997,21155.657159,51666.380948,8761.544707,
57538.467576,147664.261207,102936.390506,37968.115345,75113.932425,24781.406540,56024.840320,8553.393221,
165522.004364,299860.270809,112336.138044,44714.820028,66365.612155,23220.668445,37140.438821,10048.582431,
10593.944420,78742.905031,133768.839348,50822.396589,72802.611939,32284.178378,54384.852759,8509.366829,
138389.596846,319223.318510,102976.470520,50796.137261,50921.597203,26284.711931,53088.750259,5888.371618,
55478.710855,118908.774300,130763.749960,46886.205526,60730.620153,12761.963143,34165.435052,7677.174438,
160181.338792,265070.328880,98004.379429,44266.627464,58585.452630,28960.336661,47222.495921,3781.422212,
53914.351011,89592.475117,138299.208714,43875.905073,79189.001781,19638.497661,37617.492852,11610.577194,
161162.968854,279040.404733,92356.422243,41058.812678,72521.421942,5861.761267,43142.611466,8911.356172,
89081.847333,105238.496054,123972.207737,46249.758914,45647.448631,30940.405615,25998.706914,6846.586379,
165359.913243,220059.560354,122217.890202,31815.159956,47393.725044,22151.076094,34060.038666,7214.396404,
115574.285154,90223.318272,146141.610130,48972.194473,46931.689305,9683.594481,27450.782603,6843.384837,
178419.504061,184083.464289,109252.126963,33370.726689,58751.041965,21877.531818,47735.239887,9316.025994,
89112.955023,72634.013997,138951.122914,41888.343968,47055.092288,30391.623773,20595.355379,4140.314559,
184343.978707,161089.238065,118017.983837,34387.162666,58227.444080,23195.485323,17964.824493,4915.425694,
88055.402292,51563.329454,128698.970351,37520.272957,57212.128149,17887.310486,33823.036868,11104.659262,
164027.776953,140390.328407,90920.004127,29046.949766,43809.813803,26429.996821,39479.781505,8575.560384,
84829.068176,49010.262499,118794.284114,36311.975489,46783.327065,15303.490078,18583.535496,5186.822640,
159572.077970,106159.312887,82607.706977,28821.060318,48167.773716,13385.166300,31603.065398,3501.114949,
58489.358305,40260.507355,103615.572509,39135.214827,52520.991806,12220.324855,26199.503633,8021.340908,
137517.339182,104381.890760,76731.146576,33237.939344,57797.567472,7453.221565,34629.644304,6273.681138,
34893.607350,27831.485766,87182.861429,37776.584278,38153.546106,15412.817567,24594.679018,7996.057392,
110395.146026,96115.585259,67181.431913,34081.082495,45130.164615,11190.504490,33689.641777,6847.377523,
22363.977482,49132.360184,94013.008782,38499.080793,37382.014400,11668.806940,25518.464912,6883.283940,
102075.933679,128154.992729,53121.206440,30548.618083,42657.013507,17249.753308,30790.617095,7642.125481,
12582.530805,55051.001883,75266.537168,33894.258254,39614.153978,16900.493903,18364.682633,4088.000890,
86756.198071,157720.412461,72147.146235,27572.621968,41090.306187,21382.185432,35321.573668,6394.784580,
44993.733814,55435.797420,84082.798954,37035.496886,40821.351796,3452.647203,20652.173770,5077.174507,
102207.873802,166345.518334,64387.735104,35501.744475,45786.081660,22037.604764,28662.950303,9464.041100,
51084.381692,66438.650492,92059.768710,36093.417435,46078.762098,10460.104979,27114.791334,4546.037928,
112800.303598,181020.179070,68159.919138,23104.426665,42440.710450,17479.269797,33265.194474,5055.705095,
63493.687685,63576.977301,103821.908394,35452.557750,42149.993921,15093.362403,15800.166160,1491.187939,
129867.864123,192172.021886,83389.189418,26916.210231,46877.132702,19506.463724,27345.680136,3947.529523,
63838.365795,65591.793524,109525.074962,35396.141131,37295.134790,16995.927792,22344.095519,2926.972817,
134132.930592,165580.560719,75696.351828,28120.535046,47005.561345,6275.164258,24841.037266,5441.890646,
72122.248666,74736.533883,109952.072897,34131.388600,32370.702327,14101.290519,17460.623022,4258.752318,
133292.003892,159049.124515,75404.735165,25858.504147,40522.010011,15513.651628,19405.714851,5793.009752,
66803.630268,56079.479708,92342.688556,30934.582288,39932.849231,9067.777257,20890.854643,3693.632249,
121416.995548,156265.569840,60254.027957,22632.954533,43393.916133,14125.349312,35987.778789,6619.515040,
49246.843359,62570.897751,86406.884734,32093.571375,26551.882078,15434.798559,27961.231752,3120.096716,
111483.172216,137921.925773,52438.547425,23857.338683,42180.772951,10197.333498,24734.627887,3892.902887,
39583.270968,47463.755072,68683.606294,30550.849305,30668.153875,14424.688280,18909.702975,1559.365881,
92326.088265,127949.205617,51022.066699,23956.419816,34758.018155,11366.037634,27559.192860,6745.036106,
22049.650169,44016.244046,62985.345864,30550.018481,33906.520511,21504.554108,26677.444683,4083.373097,
75398.490498,103393.810674,37911.296075,24730.939714,38952.084995,5931.000046,25430.414656,2441.459371,
15205.272833,44409.288018,67174.598136,25679.981260,27253.953467,18480.794980,15388.962678,6947.841918,
63499.562992,71866.960311,38492.725496,24190.502057,34405.793317,11218.196401,24176.754468,8768.779196,
17659.928984,28164.203379,59726.354000,24368.396442,31765.842409,6179.959108,17822.144060,2815.457116,
71347.732847,75189.117394,55228.572415,25112.786764,35970.717334,13714.330960,22649.852167,5808.033513,
35135.750459,34823.332777,68271.473974,28962.532942,31733.678518,19529.234567,21548.578103,2505.419738,
87783.792879,75938.810024,60748.238779,16888.738666,34672.150875,12241.073520,24377.498725,5323.536352,
42787.040590,30544.350052,77277.053455,32686.321178,23361.676571,10101.493148,13732.100588,3982.987691,
99726.026180,72305.270016,60518.824997,19162.953790,33522.235521,14072.627712,20426.217261,2815.565969,
53869.985869,39870.087806,82396.403986,27580.638054,24644.908197,6836.924776,12675.136334,3595.948923,
109546.022920,98627.501386,74351.033760,19262.786367,32880.348001,5549.982141,18465.326393,943.447626,
58216.399335,40877.078527,81224.972264,24864.846542,27193.421184,8933.981079,11630.818394,991.542987,
102199.321974,121462.572237,63208.658912,15792.794430,31840.817465,7123.214419,19309.816243,4249.070113,
50905.466799,51333.821406,69901.576682,22963.108381,27457.627386,9355.744850,6916.550003,2878.459755,
102329.392186,126572.364876,50527.447175,16464.668074,32196.101552,10383.375145,17616.513516,8194.897965,
47035.530015,46716.479356,60853.316739,22199.799961,24657.937057,15289.105030,9415.238196,8501.947922,
93657.314839,126223.112829,45068.993365,17140.121112,25826.103402,6751.662317,18056.814491,8487.231902,
37972.659330,41490.548252,62475.358199,26575.519388,26314.921488,6128.810939,16731.019391,7535.959803,
76206.352910,128479.697518,39083.670095,16698.359638,26033.989561,4107.676980,18269.530751,5647.719105,
23238.650340,67366.794363,52349.839470,21049.570226,24952.922005,7616.511844,13926.716028,1391.639936,
65084.692980,133378.123450,41842.551642,16757.465161,26488.374257,9555.743404,18571.110794,10871.407480,
15681.190118,45261.981595,52005.075597,25971.904437,21261.466887,19647.475107,16364.316966,11174.238710,
53370.477043,131263.881309,25825.329162,18899.299400,30767.260848,18330.899509,27224.378324,1825.183599,
7126.633264,53362.602807,41819.159601,19798.711509,24032.772594,8123.632218,19187.966957,8835.325492,
58156.929052,104080.239568,41024.120368,10643.743184,25229.420284,17129.457674,19501.099191,6544.528597,
22129.970965,51761.104551,57627.805570,22535.511542,27509.608244,6889.959777,16937.296722,4909.607861,
67448.244281,92096.188468,50406.287603,20588.559267,24838.104228,12105.513989,23473.161470,2128.073818,
25067.780103,30860.023157,70051.168943,21838.965828,17645.286361,7365.812109,11520.803374,4619.638226,
70287.809941,87582.108363,45714.733300,17589.127020,23302.471159,18325.352109,13905.194138,2347.889845,
46260.103094,40759.021302,63579.405006,19136.919543,24292.428551,13353.013009,6473.959507,4323.191134,
83707.301412,57473.157729,64491.551789,12622.459442,23987.935114,7499.425910,16510.960432,3346.191872,
42976.813965,26522.458988,63806.042204,17810.782356,16098.908286,14023.537039,8650.493042,1802.517840,
94163.531889,48901.657170,51902.759852,19217.795604,24564.553712,3663.205028,17443.300272,1744.620258,
47536.613164,30423.866367,56848.039725,21512.993788,23500.895393,3575.736519,16085.265947,2945.104266,
94798.313012,59356.983420,46261.190821,8034.672613,22434.354879,9251.661739,22751.623545,4694.587392,
45758.166635,18838.369133,63100.634807,17153.110022,19899.734531,12093.028699,14099.267151,4462.432927,
81752.339011,46828.182366,40388.260838,9104.762282,26692.490768,7657.992104,20948.457527,2932.390665,
36472.014436,26680.427614,59036.604841,22123.959771,27580.858696,10425.379334,21169.185457,1754.379678,
68591.897582,60774.025154,31931.602118,12699.155030,20724.821071,15687.252016,11333.207416,2083.627279,
28845.167744,41463.254638,41484.635901,18721.789966,23890.158667,11082.210566,15185.123443,2732.276218,
56885.611944,92965.280060,22401.474458,12348.831411,20141.481194,4859.728698,7558.127535,5020.432559,
18231.089974,36567.706203,40455.817846,17627.888688,20191.041967,9886.003055,14616.890173,1255.130619,
45048.348211,95263.775703,20486.266191,8073.548007,22408.821693,5307.333086,12150.652985,7155.890167,
5010.932587,42931.569184,48400.323165,13201.333584,25021.178395,10505.853382,15067.237220,6041.308326,
39462.580852,98640.631416,29823.482098,17244.660293,19825.633920,6584.921611,25216.373038,4963.504642,
15652.750972,29891.109855,51152.389614,15657.741939,27569.757154,14110.216885,22075.186044,5462.423771,
47628.734734,116778.489407,45347.086261,9525.123954,11824.284334,5280.954084,21408.915021,2306.216944,
25417.144164,37368.244873,42572.752495,19020.142193,30365.826808,8338.281678,20206.299037,4992.645185,
64345.399446,102864.364872,52464.180613,16787.936394,25540.253113,4428.353190,27759.327861,9358.970681,
38471.239869,34010.822282,62265.951648,16982.302262,23209.447461,9543.898929,10638.908473,12068.885641,
63509.555671,107219.058052,41263.230996,8505.439214,19757.804482,12267.039126,13662.071974,7541.137172,
45404.097081,45455.388633,55139.054569,13032.234799,25555.756657,3191.470198,11948.275566,9911.056176,
75822.611571,112888.872221,37278.216647,17612.389289,14714.101241,11915.750574,11962.163772,3326.253885,
44200.528836,69847.192250,66626.327268,18769.984012,18419.274203,5631.507299,10879.682096,8074.257347,
85584.257528,65689.168938,44218.305123,3593.401462,19141.837401,11465.848877,14310.338956,8443.755733,
36873.764884,45367.894271,43186.323028,16858.486736,22643.571382,11689.601735,11005.766424,2411.079030,
76017.192911,64206.468342,36198.682054,17875.706868,18048.950572,6371.950871,18354.125912,8363.128104,
44868.631875,32808.521135,57161.857195,13458.072027,22941.096314,12988.500869,11762.836060,5959.931457,
60032.137432,46151.146893,28208.413538,10049.488032,16535.582243,3227.627150,16510.642425,3775.032496,
21451.454861,27023.334941,39136.673927,18316.516644,22222.435360,7316.834124,11944.891914,6638.887209,
50385.841196,29065.003046,26089.035903,20904.269641,13841.238082,6215.671698,12316.780949,9549.568334,
12416.052818,6689.398113,24847.918983,11668.907137,21403.134065,4321.070753,16632.700509,11733.459925,
36653.926419,37026.517715,19693.283060,5038.623458,11446.755426,1594.152295,12228.728381,4556.680303,
6123.911815,29011.880086,29118.984040,3034.348807,13518.722069,8246.520084,16524.633927,5444.168405,
48576.374413,36410.866235,38392.950505,9596.407119,23213.792180,10856.700178,21771.030316,8040.125499,
13208.630587,28151.088127,44685.566145,11423.635668,25518.126407,18595.151038,16426.007446,6385.641085,
38878.727366,50046.101425,41671.696774,15544.169274,11245.904802,19914.500837,5416.031017,2696.771612,
20405.423735,31937.999908,46033.021006,15672.445268,32521.617035,7726.775755,18644.016232,9712.865720,
55734.567423,66187.730136,45118.225092,11300.291101,17056.883207,7328.569810,13829.898126,6470.712508,
28655.281320,35989.579763,63762.184369,18470.753812,14165.056252,6571.685140,4911.039077,719.213141,
48721.020036,94253.605840,26887.218530,14336.666706,20878.947833,5168.765430,13795.919012,1779.882088,
29263.534918,47926.396906,43039.619910,5894.844969,19700.435129,5956.587157,8045.691373,5099.096982,
69189.977783,72542.496843,37660.284801,16691.798230,20564.294317,8053.957237,10561.765646,3361.586780,
33803.511528,36502.955508,50763.458075,16360.228983,31854.365564,9613.342493,11091.063855,1025.994810,
69026.472940,97259.599487,37172.385818,9272.190532,7464.905803,13901.727030,6560.173992,5831.579756,
37027.435816,37475.014072,45025.346767,16394.986238,23536.851958,16822.510260,17759.500236,12018.608156,
68275.254288,92025.302542,30681.905837,18368.969401,19039.461190,2349.864470,20002.108504,10143.372743,
43434.270056,39664.811162,46097.192661,9561.575184,16990.087574,11255.249678,10692.409182,5548.961270,
57051.289673,99164.536886,27127.018461,14525.454293,15172.467231,10875.513305,10147.225540,9563.320670,
24436.880519,39837.784160,30713.176006,17182.886257,17306.283898,9935.321659,14684.410545,8328.291326,
45008.845709,85484.581393,15893.011485,7014.255855,8013.121830,4607.122766,6622.164670,3111.641002,
17553.434439,42908.339651,28794.816504,12433.567487,24949.906353,9070.398917,16361.175080,651.757798,
41245.662097,72867.886299,17332.182001,1544.180971,14319.806321,9874.255423,17748.773152,1250.826086,
7509.067358,51991.261841,29867.948685,9421.404240,24214.173586,5892.274083,14721.966898,2887.349185,
30353.249127,54844.724213,35370.097119,6188.400028,14911.720048,6621.000602,4608.111522,2899.250403,
6987.062449,34892.286702,50292.189258,12832.308860,19095.324543,12236.081185,18586.387054,4345.600383,
38972.030491,40026.852207,30361.520633,9972.421483,11313.945135,15461.385519,10898.808851,7427.880528,
16176.051440,31931.073919,41153.877254,8555.801430,13375.760622,8447.162433,8184.882618,4005.337143,
41280.368027,26069.708357,30641.017175,5571.872233,5842.053658,7092.774689,9362.532408,10408.034120,
16204.092635,21034.349082,49759.897493,12071.002441,18542.539456,14481.764274,9672.477877,10497.684952,
48162.435658,5750.591755,27254.664088,11086.457513,13402.232865,13092.936665,2240.007161,3415.211494,
22323.703464,24044.355513,44955.933407,7471.400711,10688.691796,21717.964799,16028.838615,3334.984769,
58971.278005,34617.661440,43730.335783,11212.863410,6588.972940,17251.860668,15309.651801,10332.496360,
35472.257010,23628.234524,33773.617853,8389.687704,17204.320238,4989.886280,10832.993732,13666.802443,
56322.721535,44024.483667,19973.236709,8042.278999,13806.055031,2876.171841,5002.878510,5957.208997,
35010.669472,21152.274417,33778.492714,13067.493582,7342.477307,7752.034747,4372.443836,7333.137612,
64069.414536,47036.338780,29992.617802,10103.158435,20044.888836,6814.235326,5657.297686,9283.771660,
39986.368228,37291.808570,51605.463523,17396.905648,20505.762020,10853.951469,6121.235389,4627.970434,
58433.320520,73652.805961,27886.305395,1103.184091,7791.047991,19050.261049,4865.209292,7434.582138,
29954.724743,28749.368714,33188.218721,16157.139839,14033.530281,14512.391826,18249.727175,8698.260528,
49352.735188,65299.060338,27520.720114,9597.395807,10906.592252,9711.808819,15094.699911,3551.503182,
24791.611528,47870.142980,27519.083063,9751.628119,6370.183523,14040.884045,5069.423317,10096.770080,
29472.432376,74614.230248,29010.254312,8084.058928,12224.474422,16113.904119,10702.230115,6761.252154,
6434.321029,30343.059336,13008.372246,3589.114236,21630.932054,5226.449790,10932.096149,2953.590222,
34331.625413,81015.724440,30048.110113,6130.468051,7467.409108,9836.402749,4356.080734,996.446547,
9177.019908,45086.282618,25058.900822,4625.108387,22847.329759,11440.311335,6743.207744,2826.517302,
23943.340443,84178.154197,30847.239876,16394.626351,17286.770162,13561.354852,5662.469343,1942.389825,
19514.376435,40989.342640,43197.178404,15489.360434,13011.102584,13396.918073,8059.336657,7365.513729,
41337.562386,70287.238241,46100.022250,5279.659656,8403.936495,5450.332738,13113.420101,3862.980555,
18637.765641,31289.242790,34051.821774,17850.437910,16714.923699,10491.637523,7185.281549,6993.916619,
45765.031488,72731.697172,27758.659752,10452.175759,19752.781895,16436.439640,15698.626942,7851.387613,
21777.265594,51296.936401,33461.173072,10374.769063,6207.931070,24267.229234,6678.259936,4381.833182,
44389.090393,43679.467355,13224.654471,6140.929298,12557.329221,24191.963742,13414.755771,6044.164368,
30642.703543,34314.596380,45474.762128,8993.632611,20953.639075,8946.430563,16388.727276,5805.979996,
62489.793328,35790.815691,34965.081325,11139.089856,12720.780402,4954.335577,14201.088865,7746.685456,
32576.847901,15191.076789,37777.391338,16121.476645,17981.638074,4225.946994,19298.501540,6857.276969,
57445.462714,31681.446554,40912.043226,14060.057499,5143.721166,18104.095314,6801.060633,7695.907284,
31208.174488,25222.898866,53340.566663,8252.849612,23070.566098,19167.536512,23209.393510,6599.568839,
54455.703065,12619.573428,37666.138487,11407.676078,13551.569857,23197.492083,13680.109353,7306.082041,
28576.077039,17463.346858,16635.109249,7447.679040,15775.639125,19882.473446,19898.772980,8195.518479,
44040.996096,9143.930178,10260.759657,9067.520721,20877.950292,13529.840429,20439.608283,5477.017202,
25025.378307,43111.726015,13849.934776,4883.278892,7040.553609,17129.971192,5475.442887,4273.258138,
32114.197908,41958.420835,24824.936880,9959.825186,9945.735969,1075.633226,13280.989663,10524.547392,
19139.206174,25924.449683,34392.547433,16269.291238,20419.120751,14069.020424,15225.482403,7543.920435,
19426.345224,39191.811122,24304.914206,6435.651874,13365.531879,6281.630291,9064.417619,3321.365726,
6442.970171,55843.098747,43711.017066,12973.196971,12419.655041,13361.096303,15705.922303,8186.944769,
13700.187115,79350.127483,21725.754163,10726.049508,13985.203036,13989.108307,12782.785019,3991.873077,
16525.237802,32069.896646,34857.537665,1799.602554,9524.257998,5559.177056,11863.747759,7299.013218,
33586.821030,75933.831351,18614.929414,5239.865033,16098.406493,6990.717885,20204.302222,4957.235200,
14700.072048,24105.000334,31855.709442,4984.672755,16300.807418,2415.905329,7860.240037,2976.359913,
40742.072156,78398.155454,30954.423179,13000.696944,3758.926362,13139.938545,3290.320601,7593.709405,
26816.806113,18054.783197,32546.673916,7588.400648,27628.702392,14800.603879,22299.074630,6725.917179,
44730.003501,88260.489029,30916.457620,13917.365529,26824.906055,3872.960837,30481.037793,5052.439570,
30637.679990,52536.839281,41122.595999,7728.309813,9303.327663,12589.327337,9338.518044,4819.145066,
39391.343855,84859.959521,13238.881942,13028.922900,9613.558431,6601.063757,13105.055229,6205.272436,
44121.498225,53958.300045,32220.275665,20401.536927,19140.299476,11103.502335,7059.800010,3331.026668,
60185.311306,33635.354707,38946.393188,11996.500501,6082.661534,9986.477752,13467.384265,5635.221425,
29661.016663,12432.557307,43505.261546,11564.459946,16504.504476,7285.830771,17227.581410,4552.569011,
47516.949441,53871.515285,31568.830691,9403.403440,12575.963203,14225.234647,4688.537017,7130.750758,
22657.979196,26559.947695,21198.641738,9893.120285,12171.349169,18669.164832,4357.061955,11265.058299,
42081.180124,52446.389842,18318.448397,12968.578114,21352.830873,8876.222017,10145.896697,2341.813973,
23140.068675,34298.010965,27599.154196,9485.645328,25977.010924,5129.574281,18071.573253,7287.188749,
22714.443363,44265.178510,19048.117974,6895.067337,29206.385778,2598.993736,13840.419253,5858.712356,
10768.092397,34663.519752,7993.750682,13967.870921,8367.000706,8328.469274,893.116234,4100.092103,
17402.033796,15382.915375,18082.791534,10261.548312,16554.798290,12721.940224,11563.937240,4931.918064,
11848.941092,15157.378578,31811.907780,7531.354471,18407.919412,11476.303559,12657.804141,3248.864022,
23596.989360,24549.817073,29924.322478,9077.888998,5815.106651,10463.089744,14310.517733,676.778920,
13926.918771,8372.885824,35775.054032,14453.549422,16270.201771,10083.176338,20543.914894,3496.675169,
31698.642988,7192.683438,36819.597107,15105.346052,12512.372667,7003.764254,18781.164294,2341.985238,
21951.063892,27219.178835,36733.297245,21422.183928,12670.116546,4575.649614,4976.647053,3870.718411,
36598.279232,30272.860064,28239.688042,3739.907555,9529.152234,2496.453374,10229.801021,7680.472426,
11393.081578,40220.483692,22802.265919,13896.326034,11886.127709,2393.506295,7488.697153,12688.568368,
35876.632957,69892.150863,22529.523945,8987.920081,14357.354285,7270.008143,11986.155444,10984.074721,
29497.096343,9559.001236,28390.876419,7023.518049,6529.662071,10073.378836,17784.280840,9463.632451,
45359.778245,50187.652938,25517.918315,666.876404,12217.746246,2335.488273,10368.652651,11034.368619,
22521.193549,33814.306179,34047.555233,10687.083505,14853.693574,6460.428627,8355.081984,7922.479385,
42787.519021,47577.704476,15229.529139,4321.001109,15543.486761,9003.118638,4183.379650,1697.577726,
26504.714958,23947.222662,27084.078823,7904.923385,9911.938476,18549.442471,5984.462825,11696.689101,
58462.360298,34586.823603,38186.697286,10566.684167,15315.092730,14807.043169,4854.193810,11657.428369,
20777.330486,45707.994378,32201.999600,12288.223438,13650.507376,2431.218746,13942.101902,3149.761779,
38226.905253,69270.256721,23382.326286,6718.785245,8479.280420,10368.513873,12852.690639,11477.113723,
18039.202987,33280.577889,7430.747793,6652.676636,10078.254419,12571.548907,3892.596242,11493.766908,
35517.220924,68441.072244,20097.328155,3634.838294,5239.536525,18662.551609,9600.813675,3020.695258,
7182.311506,19907.861436,32733.834594,10264.814612,8304.138927,14400.475575,4847.510433,8337.576468,
34215.180630,52020.280933,24474.518110,894.740395,14619.395019,18472.313189,12038.070309,15002.641678,
4014.999205,25728.407205,16186.239612,10102.833527,19144.268862,15160.365982,4128.152861,14888.341706,
33142.936405,69914.339395,21490.337557,4803.389720,14261.383874,19652.186003,6971.125555,6129.188458,
12847.820594,44689.482997,31163.095724,3056.630435,8846.635364,16026.031698,3192.850204,7907.448737,
13697.930197,57326.796145,23256.147520,12323.788466,25013.143284,12286.713401,14213.589358,11554.689551,
15370.984944,39268.341864,27405.572829,24387.542305,15978.598934,9110.576031,19622.197349,10141.816495,
28135.060909,16544.519914,31636.176013,14384.055426,10167.782087,11543.402761,7674.114091,8473.329098,
24640.063996,13149.290695,34312.634663,12913.997766,15083.116758,12996.423754,11921.119621,5384.726891,
40213.949776,26191.304381,19886.741469,17067.019271,10114.075066,11964.917758,19464.960415,4368.044033,
15761.091326,10159.978427,27315.044720,7623.669440,8145.454767,17818.158831,8913.274464,9394.087773,
52131.854465,19355.116042,24053.089802,7484.649958,10743.874953,6442.728149,10488.010774,12212.051834,
22234.464072,22847.619629,31349.695688,13284.289977,15841.783269,3177.502928,6861.962556,6277.636424,
42297.214677,16500.086589,16636.223659,10172.746460,9164.307960,5849.604360,9508.641304,3928.436602,
29770.547138,25011.917568,29641.224562,16554.700299,11056.911265,14407.758606,15674.153447,4307.732296,
39849.130410,26264.482381,12171.620110,13988.270734,18463.319833,9706.380905,3890.047302,8134.376362,
27175.501385,32663.951023,25242.952390,2565.514870,20911.906717,5953.624012,12018.010127,11860.836276,
34561.029362,48777.397299,27394.044784,5758.055396,9553.495232,8003.977478,9980.011443,8503.525888,
20688.552881,17001.898929,11562.024972,16294.549733,10704.847538,4628.631262,5685.867993,4844.271779,
47220.305000,38111.254512,24744.463634,18914.509945,15166.716396,5251.419075,5619.789331,4903.184691,
20153.843450,36544.825523,20479.253466,2578.389679,11177.038077,11541.074342,14786.328923,4849.258600,
18643.823454,67117.472664,17200.087082,13058.215545,10809.650770,15871.265866,15604.707052,3019.643655,
2368.782349,26245.776489,29442.721056,4774.534812,20304.184923,15716.594403,2520.611336,1469.570067,
19007.876034,70468.140262,34203.138618,15962.591912,24583.046651,13629.598338,12861.246932,7478.999192,
6734.898262,25478.477910,22926.337903,18579.689306,9492.964603,18557.388353,6259.243233,8875.108977,
19613.356511,83997.322853,16368.597961,6992.644918,20503.737152,12721.042623,18290.424111,4547.094591,
15653.226357,45361.711745,24621.187970,8507.286190,30613.189565,6001.441533,20336.063158,554.048300,
37344.300098,59618.016268,17401.341311,11583.630419,14449.616912,16579.609563,5125.315536,3062.632353,
12315.657650,22947.289504,32253.031306,22147.813618,11341.756146,15327.588184,14774.073194,3863.502967,
26774.876194,44341.575353,15825.003772,4541.136183,15832.774394,5229.912122,6319.857251,2109.086222,
26234.550157,24958.694953,48532.161552,20783.585574,16931.436863,10221.647704,16745.465922,6899.027290,
49124.687626,33477.804686,45638.918177,20918.322104,17539.969665,20565.211883,8002.943253,7331.580925,
20643.295047,17888.794083,19047.878773,5395.133169,3196.481448,15486.316777,12585.665242,371.042904,
37451.373956,40437.043736,21568.500869,11417.140900,7592.705105,10210.198597,7528.712267,6630.144133,
21100.642819,13629.931812,17110.978572,8014.928289,6415.005089,24491.036816,11076.858290,4176.283258,
45189.129783,37105.541236,8928.375618,15023.663595,22279.522131,12796.732565,9261.101481,7814.966198,
16006.079647,17589.890922,11658.601168,9622.816970,17969.109672,4775.746423,14761.991851,10390.918713,
32224.300849,42420.353939,18499.904786,13847.472310,6949.792675,6835.700231,11397.345317,4830.513022,
12670.940660,36109.117131,32559.279342,19653.792590,3088.741753,8667.178231,16041.983223,5875.369157,
38590.666480,6271.898024,28711.415615,20000.490565,14221.064447,1654.819190,22178.367372,9072.080095,
23105.066523,23818.731190,43572.751945,16846.922727,14417.799853,15785.909775,8079.042443,7354.484970,
27544.578496,20836.988257,22377.240485,3771.401351,11172.049466,17507.683347,13288.919204,6319.719368,
10482.730864,16819.722840,26618.121322,14966.117818,17785.996155,10098.370394,6277.003559,12470.305844,
20148.915551,26789.598810,19044.700686,8547.656237,7007.040150,23593.607312,13164.644181,9241.770750,
8821.236165,18688.674868,15003.719609,6278.571684,4243.524027,22191.266659,3891.490705,4880.981043,
9154.529877,39085.580776,22787.439970,5488.023953,2897.495700,5800.519123,9159.404421,5633.482100,
15053.281974,19139.627778,23402.847368,2825.398727,7084.939604,7312.898783,8435.148741,5160.478168,
28037.421486,39487.142468,25082.903265,10802.489663,5127.923456,14574.550682,16651.044403,15935.918496,
17694.095805,27177.381850,9665.178172,12230.259818,4189.695019,19900.298802,15221.670120,21255.499778,
19997.747453,73561.160363,28635.575283,14471.370217,8124.933652,12706.454526,2384.411578,13620.757037,
26148.068071,26168.745727,25404.331055,21767.154591,5964.383666,14265.960029,6544.051547,11013.577392,
49636.444103,42516.573380,24789.911361,13448.973504,10054.654736,15609.438814,458.565696,4756.073290,
26056.242403,23455.260067,31077.500406,5451.414974,19837.943255,8019.243370,12091.627273,7750.157647,
28593.556303,52514.602192,7582.613375,1746.346501,11890.778202,18957.373265,9228.476176,11342.264107,
21646.603620,34125.434643,19322.202623,7610.156407,3427.824993,25767.166641,5536.503150,10032.677011,
49782.999608,30974.482539,18312.324032,9737.598449,14848.590336,19711.942011,8909.216821,10075.327700,
14190.767238,50212.367660,26497.004246,5255.948172,16629.373435,20809.842651,7050.286924,3281.365790,
38912.054588,59285.286403,24724.690708,10744.439955,4384.287650,11427.358539,7197.678760,3395.698707,
23180.069562,35891.772182,23587.726260,19386.832684,9785.026053,8937.715872,9897.776221,2809.915912,
21081.678779,50085.464383,23441.806275,14886.757916,7742.432987,12282.248210,8916.510656,1414.011776,
21419.240053,13455.036581,35642.065385,9970.796388,9520.106778,16913.814360,10187.219544,784.251732,
22796.319897,33876.135111,12847.440021,4929.796521,8524.907655,20590.144996,14807.957955,5797.320954,
12702.102534,2447.831234,14370.988283,10296.894220,17993.603633,11684.500133,7694.230880,8710.205240,
23704.584719,59068.240413,18026.628211,8173.650202,10592.453455,18749.550705,26002.689524,8120.076285,
3621.687855,49323.320053,20854.077662,13978.197430,3685.268701,15996.679251,15277.206467,5073.793307,
20193.163928,10488.242186,28372.023698,11179.209269,16788.044812,2145.917054,3572.263259,5409.023778,
4324.048879,19022.694534,23846.074353,7871.508506,24275.376231,5397.084981,7204.214618,6348.744120,
23089.968543,24104.577894,10712.716289,1445.486795,6579.124265,14992.659845,17778.973276,6953.059247,
23754.563291,12719.408441,25653.524443,10742.368978,17080.319384,24228.487100,15177.041458,5895.899984,
23938.035741,26331.048597,26392.714595,11510.419948,11557.107156,21473.774929,7421.146128,6218.079662,
24775.386280,4887.423197,26780.811955,5553.750251,13925.929201,17891.855364,8698.821096,9477.269574,
50168.758511,16265.813492,21935.693679,124.910429,8084.771675,5552.416620,3122.676506,9364.662511,
11155.798641,26584.942537,16808.168608,4644.468733,14167.001345,7201.066819,10859.171003,7306.240564,
42665.507091,41891.576814,27330.820853,9983.374199,18779.939454,4612.410232,4808.255501,5047.137657,
23582.406099,13698.264504,46484.443664,11509.064579,5400.287130,10932.142431,6714.487554,12918.375255,
29015.874329,36201.938045,17394.161644,5828.235004,3249.774614,3687.802540,8643.840146,13111.846300,
22361.911657,32991.627987,17753.355927,10283.977093,3955.501357,11824.119957,6802.567443,9267.607159,
24707.492513,44581.473948,11704.822705,5351.049374,3844.425982,7303.676051,7932.011250,6886.502457,
13678.466447,21501.411844,21035.798831,13018.661369,15497.990890,12059.459073,9307.844301,5808.909060,
34186.814466,59437.898642,3151.595453,11717.592827,12708.180872,20550.189386,7401.051215,5916.259529,
11809.270887,35388.067461,20212.201755,16171.706383,8751.531007,12447.294385,5499.590092,7316.015568,
27146.008940,63651.755312,29489.420880,16469.174843,3447.244029,3860.973430,3970.308922,5409.933751,
18684.948860,12564.948957,32644.831241,12988.305792,15973.467247,809.845485,8452.793964,5170.392045,
18278.399860,68465.922716,11874.656999,12411.056209,16556.663733,7513.254640,1403.654926,3077.625835,
7445.633929,37854.146704,21737.889271,9272.779920,13215.909499,11029.243959,10221.100180,6716.596287,
5132.576902,46399.362008,15392.662592,3837.268143,4878.942918,9538.499541,3503.256735,8552.343757,
21094.599229,9854.515750,34450.335209,855.548118,17340.040384,15158.089525,12029.716755,6889.372859,
24950.632898,57688.998729,17102.881596,4076.059545,12266.047380,8968.260450,11600.275234,7157.189625,
12116.232436,35241.218542,30978.773962,6000.983168,11294.409572,16102.916296,10762.114882,6398.538437,
29429.281695,38697.645237,30257.354867,5775.759815,16210.278563,22650.966284,9066.375318,3083.956164,
17789.553898,46517.190729,25324.645157,16801.531862,8880.340921,17770.379826,10963.921672,3723.593141,
30626.309532,10482.892449,11141.413154,12966.471928,12224.963123,10297.393098,12300.504378,8986.825205,
18236.565798,16116.835587,18725.346920,3591.648489,15007.144912,15650.752777,13740.690709,9151.514479,
35969.962882,14115.115512,22204.198730,7667.716308,10656.029278,22307.956253,17208.849309,13292.359462,
21248.708713,21948.134755,27328.731472,11961.385477,15470.950842,6580.216314,3507.474147,13499.117720,
36362.542445,11619.222424,7592.759143,5532.008296,24440.222164,16473.726232,12818.746355,4142.470106,
11642.148845,23313.222118,20431.714563,10431.689478,2478.902833,20301.380848,14710.671526,3541.136403,
29888.905032,33392.699872,14224.303051,9679.974518,15467.412034,2609.995246,22356.851991,2863.527263,
18960.763255,11418.296590,16031.807797,2300.600037,4074.194226,16688.134306,8007.696767,4162.415336,
30143.841259,50471.399379,12556.505322,7729.801467,15244.704581,16205.552123,7172.887058,3697.894735,
3606.831785,35349.368317,25043.312279,5841.176370,11545.300726,5232.328275,2863.412651,3184.113649,
29620.310527,15363.419788,31668.753272,10366.934718,11184.390260,10480.392211,17850.998152,6361.981487,
11531.984960,23185.648343,38531.342026,15323.619911,8436.654695,11616.015819,16784.398351,7424.760251,
28052.755103,53996.933955,34577.086677,4900.733685,21641.385571,11529.117884,13045.759575,1866.600666,
10239.049261,51417.800739,15120.529424,8918.075493,14391.985332,7930.311008,8487.928156,9985.082866,
14385.659801,30022.631707,12354.039211,3809.205562,6029.538136,4542.632872,5023.374354,5690.696020,
15032.386161,28529.958762,28122.942349,13707.566764,12269.861825,7687.129166,4878.010368,4854.399231,
26465.393368,54779.870163,19944.381033,9514.108321,11251.054493,14960.388421,4489.614014,6537.060952,
11827.527152,20662.955996,13646.849401,6655.915079,14392.243136,9472.242386,6432.418016,2434.016391,
29581.913714,47532.805126,23930.791867,5068.100575,6208.060892,7789.180725,11411.404721,4948.073027,
13271.727707,16048.985351,24289.780930,14451.980862,9995.974816,7900.407854,13303.971606,9487.996661,
27340.263143,38625.825340,28284.478024,21413.502502,16446.493834,9583.615277,25101.458127,9754.920745,
16669.547900,17437.823867,20628.642460,9432.416637,12057.905385,6046.859693,20332.828260,9101.461375,
27710.716759,30272.061446,14142.163557,16000.035230,986.848779,2710.801228,2666.179647,5482.095661,
21094.593158,26123.242757,25135.426975,13383.365503,12686.283313,5476.177501,11936.057257,2775.223876,
43556.231430,39686.421160,14981.092351,4309.372795,9543.699332,10001.613057,17699.055437,6058.375911,
16393.916132,7507.460555,17693.284513,11379.677004,9496.410624,9832.961094,17130.304881,5235.873122,
30382.807683,50362.568116,22552.129704,13696.833797,17866.972619,5898.637047,13791.454870,7484.092298,
7893.995715,37563.622837,36545.165566,13016.015553,10440.164282,4633.914523,6908.495905,5103.354538,
25797.147949,1489.101464,14359.785217,12490.129508,6407.296822,3652.949062,2302.420339,6586.938098,
11695.484637,10291.616305,29089.078697,7811.642680,11131.126984,4854.367200,9933.913530,9714.654863,
23836.797018,14510.370281,25448.324270,9709.085255,13797.130430,3408.741622,11484.260097,5164.167012,
3729.983846,20665.996665,9954.961124,8514.410061,12040.187707,2944.360528,4856.674208,3378.348408,
25117.603972,30829.797840,23044.900437,5136.200180,8688.885688,9205.785350,3765.384899,3977.442655,
1632.361991,18427.241076,10443.213722,7443.560368,17188.729397,13463.476598,8880.635295,2097.338384,
22994.807053,30058.029995,21102.484422,10002.021498,11151.903310,16274.584904,15018.802921,4635.237432,
6719.635978,9624.771537,27884.852314,6300.318495,8310.414890,20345.089032,12237.111437,7255.201067,
26820.179788,30424.623031,16596.941446,5564.059261,9859.620637,10534.877374,5938.675660,6995.534146,
11025.901698,7261.921537,23927.059916,4618.915999,12584.366609,11993.449599,10220.836106,1651.513281,
33106.425607,20405.875226,15053.152932,8629.018340,24064.307579,7548.525387,17156.706707,4830.308553,
8234.728566,21425.584107,17703.679165,15390.563090,17145.142816,18051.709765,4564.384201,149.113685,
31299.151935,43163.863602,14297.352876,6301.382221,3433.270974,21368.955869,12476.650914,8031.464825,
14665.939596,15035.379569,21269.685764,9957.261780,16920.424394,9366.193826,14868.910909,7643.853129,
30301.398728,40555.869016,11275.091059,7543.718696,18105.169119,14805.981755,17049.112472,5744.964670,
13849.008915,24975.707550,18971.114616,2509.658450,4259.485030,11315.474985,9626.856368,13465.183895,
22043.907903,48995.027788,7034.894080,3330.339136,7419.559280,10703.458361,14770.171317,11144.382350,
16635.181168,15205.515170,21532.152233,6034.119086,6772.478359,14566.502833,17706.668103,6598.527315,
26548.376971,32520.820438,25285.232211,4312.662634,10209.491552,16045.703465,10358.828293,5518.067691,
17139.508488,11716.172650,26339.348066,2997.386398,14806.914443,6083.961947,19812.953918,2478.429299,
26050.793916,49180.095058,4722.089540,7706.144540,10804.250737,18107.949414,16302.177082,5713.018065,
8794.760093,27592.057357,27198.258813,15979.805017,9888.395087,32048.042656,4517.764031,4606.503748,
22323.737608,42325.211663,21709.096943,20252.443090,22090.123055,29423.217126,7847.687438,4379.386974,
7285.595282,21900.682369,39412.066968,19767.706811,9222.607076,16429.961194,4299.427845,7053.719340,
25444.267669,27969.009087,23749.451187,10266.688685,8108.497521,1436.572894,15662.341321,7246.384609,
3046.162617,7161.831228,10464.238533,13062.563688,8202.885205,7688.133335,21178.964457,6322.207183,
18358.310397,27257.685933,10047.117064,10373.465630,9273.527322,5696.261545,10626.928434,9579.998870,
15952.614580,8300.177545,20912.398028,10111.810313,1666.632250,9396.378964,6507.333062,11972.283407,
28007.398471,31184.175718,16564.788614,15883.272303,12667.007566,10697.621685,8548.050643,8816.579603,
7572.523577,12992.675362,18687.525668,7650.501995,12320.759613,13438.988981,2858.210935,6588.938881,
33921.642191,27262.194697,19145.854005,3716.291235,7025.377278,13531.432200,4043.144539,5855.170114,
4629.003094,20546.783619,22468.830510,5508.062408,8884.010032,7648.951034,12034.779749,1813.390701,
29046.883727,20902.831872,6649.085581,8316.491892,3032.549710,10115.958538,10966.833410,8197.416445,
21028.446000,8353.556003,33183.355196,8117.985202,9422.561112,13652.846506,5548.925017,7838.831989,
27482.367914,7983.227196,13086.553904,11283.201413,11535.088468,21640.440858,10687.837987,2724.153703,
16978.595789,14231.033850,25157.241159,20743.261918,7120.240285,20782.556206,5662.026378,8745.664362,
23140.216577,27409.889570,20905.937572,9573.944809,13279.472431,10809.747390,17585.742044,10187.222934,
16914.566001,6685.026167,22457.471876,11006.009985,8638.435333,4733.359994,14185.234442,6560.910838,
31143.871748,26476.278235,25558.278517,15416.119163,11844.941209,3623.615202,6079.702177,10376.536114,
9772.576192,21412.612674,12076.026587,7928.752188,9598.994241,6406.267672,4435.252647,11248.825895,
23377.214237,38407.984673,15713.974560,4446.673541,11077.486859,7693.996341,7334.689304,12039.281263,
4985.364687,21517.694987,6716.600802,6314.696255,11053.687251,9847.990132,17655.587308,12938.542574,
20711.017681,23513.957889,29655.216331,11120.642979,13296.679128,19300.281746,9199.483668,6089.252484,
8003.306872,16602.233076,32769.174061,6808.674298,9666.084738,18262.959811,13476.084606,1545.606385,
21719.636797,42084.760773,5494.664799,8068.518068,5937.186663,6363.594216,19482.102992,2692.079948,
5374.571911,30787.066104,30674.058793,8857.596029,12937.575842,13478.283896,6785.603848,926.858577,
24991.514536,42816.219728,15000.668020,7376.679793,10522.751631,6063.789228,19485.411962,2653.927557,
17068.547540,14029.784092,29292.556631,2680.163748,7119.369977,17862.566851,10984.752517,3651.606483,
31621.783594,33079.097024,18862.147055,1596.866036,9657.731200,26265.661302,4895.540023,5756.166196,
866.212390,11552.190980,20945.149734,8284.366252,18497.327931,14917.665990,9646.378590,7453.288199,
31163.268366,41378.683058,29200.782089,11047.336491,9830.123245,7477.154041,9540.112607,5051.526316,
16966.161528,9552.622670,15863.111106,2150.574367,8964.140786,6931.878765,12097.775459,2373.234166,
22434.607929,35003.729649,17664.447950,7717.988806,10769.408443,2249.626787,18390.032340,4312.070991,
6431.456826,24932.550544,5694.002548,3722.934974,12837.207831,6983.813557,6420.023635,5119.489887,
25929.526317,34920.014869,15496.003362,12763.970786,4467.693830,7908.208803,8230.885957,4893.786378,
21725.369242,18231.992039,30598.185930,16004.605845,21846.844174,10620.332851,7219.403714,3612.448141,
22238.847533,16633.071392,19451.706119,4476.818969,17943.517527,12104.814477,8261.397638,9249.408291,
10819.137309,10447.746556,14364.985190,18864.832287,3226.269246,15900.569166,2710.454159,9135.962925,
27081.648516,6013.038098,13262.668883,13855.348048,12490.389918,13293.209179,18454.486172,5013.255528,
10931.516319,11945.303308,19963.273252,9555.989931,13694.771434,2821.962046,11967.589965,9130.483770,
25951.148179,18326.744738,24979.512212,19788.201318,16015.188944,2447.892785,15426.436733,7779.480192,
4262.092520,12671.150145,21968.865461,6632.457858,5836.959654,7846.383413,26825.773779,11798.599744,
21183.450523,19704.421791,3294.005635,9631.370822,13400.820789,18149.302397,14516.843720,7962.080197,
11221.469309,22098.144398,27815.120878,6546.093446,23942.273183,18314.578201,6379.435075,7827.011631,
26151.152334,42021.310467,32024.975432,8931.818160,15005.108055,17653.479263,11242.903631,6205.452461,
5849.195427,7533.339119,14610.937502,10189.558488,10095.999672,15122.198671,1369.548785,3875.943062,
26290.589541,25094.026330,19286.131569,4943.801573,20076.380069,7025.150355,8706.374348,6915.733694,
9098.129873,17181.968515,15980.903414,15383.474943,14860.166981,8694.046920,5289.241231,4526.852652,
35482.989550,33547.176680,22066.603035,11366.529872,12871.314184,13380.052887,7667.233306,8346.931995,
13271.974160,18374.156326,24707.190162,5977.673044,16367.454262,13081.368171,13863.162555,7091.148797,
17149.544486,51716.963920,22306.445074,3185.004639,23848.208073,6782.006760,12970.605402,5930.994782,
9940.220551,15660.307519,2984.395596,11912.327035,9653.431531,9118.122770,2670.115325,3289.713244,
30186.207876,32969.370309,17805.955214,11464.510740,8888.429694,8528.846499,12407.598877,3149.904359,
5454.028251,17514.544126,13017.497764,4055.839167,9401.919633,3377.261268,12573.577841,8365.932289,
29563.919852,47085.711078,15583.985005,6577.507543,5741.158230,1646.074856,6976.498163,9020.879949,
13556.621078,21026.311270,22400.443738,5739.022801,13160.950414,9629.556949,12960.536595,6193.398419,
34680.487791,24428.098590,24998.837020,16567.837795,10359.508312,20438.508365,1632.379458,4107.941098,
19473.150804,17329.600001,28969.332890,11345.206032,8770.731058,19914.871116,17432.052594,5995.990253,
17514.143776,33947.389436,27031.162261,6749.264544,13743.286068,14289.779348,20652.023930,6367.626611,
9431.215142,6824.688569,25314.165481,8802.033965,3424.063095,5699.426821,4361.832151,2958.202871,
19546.479297,30387.255554,8196.056874,4436.754118,17347.471514,6912.195791,14488.430760,2244.769306,
9671.718868,16335.515969,8784.679814,2652.300006,11880.727151,5855.596537,15218.687538,7493.763267,
28761.850823,18604.159084,21605.304644,6691.991438,5472.709073,4850.343534,3728.693301,12564.565872,
4019.689298,9896.352979,25055.273712,7312.813882,11927.495039,4062.890693,10847.844757,12795.573691,
28526.127708,11559.160065,11030.675208,9895.516784,10243.101181,17991.393236,7255.927047,12963.076847,
10251.635247,6831.778363,24045.819214,14599.152370,14887.067000,29228.549912,6693.876538,12354.626919,
26066.647124,17232.518231,24035.497527,6987.821039,24326.101232,22005.027800,11728.573041,5418.970284,
10945.762918,13474.402978,22828.183894,3517.161432,13279.616666,14659.723612,4698.033213,4280.445007,
24666.034092,24053.794611,21145.607732,3204.314145,9608.826406,15451.543290,326.410185,6608.666263,
6531.032742,24507.294731,25699.870233,9976.280925,16428.068188,14164.251292,10179.957668,8393.077626,
26887.473055,35127.535514,16719.665622,6751.545707,9403.014910,13855.092724,14260.370175,4262.185629,
8795.917161,10246.169141,13474.183016,6100.384375,11348.756706,15158.375575,4922.975047,1727.477323,
28271.009807,27832.231419,25322.589862,8283.752737,12556.833693,14325.052259,12586.861062,3696.837105,
1873.791792,26432.471259,19681.099050,8828.637160,11888.617741,5852.648098,7518.246233,3025.355977,
27056.679893,57346.373879,30272.527387,18854.422869,9893.339797,5956.177469,7660.881770,3029.012703,
18960.358017,7843.312986,15745.265365,9735.348352,13097.320136,4526.102469,2060.197245,9703.772448,
30308.976668,40708.895069,17395.076017,13645.573240,14822.892404,5825.313864,9752.040836,13343.565314,
7039.979989,24058.041818,19950.530178,12150.010845,14973.529034,9456.230686,7494.188407,11609.075625,
22433.272648,49813.364119,11568.736797,5986.466710,21516.379648,6925.704022,14649.729935,3414.752640,
6040.111420,19103.075276,24948.749527,9966.763043,7672.832731,6327.943252,10469.826476,6391.035611,
22988.206506,37623.009036,11253.523825,5995.564171,15373.566531,2528.359269,6111.074434,721.099858,
5926.357547,40818.083557,23546.248348,18309.240842,9517.116556,7733.639643,7749.771210,10714.599402,
25141.457687,18254.165392,13874.061865,12729.847329,14829.238553,1011.234814,5100.787439,8736.262164,
6014.136631,17750.741461,29285.066844,4522.981357,11841.647574,12300.553358,9305.020647,2329.990897,
28345.214539,33174.834752,24483.105470,11465.449846,11307.035122,12415.225996,4966.605336,5675.279565,
5938.017111,15381.989378,9359.183737,4319.343146,14705.939591,6263.692575,8568.320771,1508.729413,
37493.429570,13565.253165,19405.829467,6997.164701,4995.512109,5998.086282,6693.882673,3875.512013,
10676.344345,20754.061480,18004.392800,7498.521505,18574.237404,9149.515015,14777.679477,7649.225864,
26404.050468,43196.108741,13775.657420,2698.734771,11535.670710,9345.560849,6872.076717,7828.683295,
13551.540273,12790.861260,10438.653634,9765.657700,10819.014235,7279.400238,12788.053120,6525.971061,
20664.231584,16884.614324,16692.500583,8414.801886,9577.229749,3416.525883,12124.619358,7973.302481,
8078.810449,16026.256336,23184.439333,5324.938360,9567.171672,1900.600359,1645.934386,6870.215034,
31788.150808,21363.310193,12362.316985,9651.227065,14249.515290,4941.427867,3927.668501,3302.507290,
10804.145918,16873.358788,21130.273515,5886.906832,11565.708017,9707.830543,1596.295615,4722.862412,
25436.100224,32159.188830,10436.177511,12225.220476,18182.860757,12514.090890,1580.350582,5741.838415,
8033.167200,9741.422028,18024.661484,4341.058250,15376.968047,7497.532618,10782.176128,8088.057323,
31259.102168,21477.925096,17967.231097,16618.544449,13015.313299,3236.310730,13699.853094,10773.646545,
9631.958190,34506.255188,25442.603580,19781.703498,10838.096204,5436.222043,6818.788801,5074.422955,
23723.656562,64044.503685,15376.378122,4445.611969,3169.658991,3072.091798,7241.782965,6207.709765,
11775.399953,14076.729664,21801.542519,9108.629286,7605.026867,4173.519454,6961.956012,10122.996375,
14457.171091,36605.862413,3598.542246,8444.906114,7941.672904,3001.872237,11870.995465,5806.202772,
7576.591696,17938.416209,19807.169770,16936.367564,4810.909584,7307.766051,10206.707513,6944.523274,
25361.969638,31488.536404,11648.428377,8133.539911,16154.510660,7999.958810,6470.723565,7532.101974,
13589.922438,7703.526526,21394.400169,6611.342726,9451.023028,4534.594907,3979.116139,5193.071551,
17035.256731,48478.026834,13788.829562,4295.263457,12922.599707,8295.635011,10673.385272,6507.639586,
8831.855236,20921.171077,28331.561168,11101.203593,12034.037271,10106.062661,2209.944764,811.861882,
32499.026432,32060.469330,20707.672705,9810.203746,13054.949727,10507.160930,12485.791707,4689.949662,
17081.578432,13078.403723,16392.740922,6902.172139,19739.053793,5994.885180,13167.050702,3977.688829,
19958.480002,30709.637156,15626.312352,16804.777399,14411.831072,8344.895645,5461.344983,1503.719247,
21737.261115,9979.283612,14972.822991,9403.371254,12383.912420,13167.203549,11648.802890,3419.692776,
29749.259477,27945.144133,17005.528929,9502.683763,6994.362476,5374.299971,13733.270625,4288.183448,
5859.243775,13293.224371,6148.733799,12170.557099,11776.552658,13178.086208,7052.051590,3600.748854,
23940.266550,23599.857177,21018.389030,9471.391152,5212.681256,13642.070811,8130.576144,6958.612143,
10866.421806,11912.136156,15762.773569,9061.996253,7200.064527,16635.218926,7802.317123,3418.087328,
27336.986174,22978.169029,22183.498735,10197.095438,14440.514076,6873.832783,8766.976595,2283.963590,
2766.695168,19788.696652,27329.550727,21040.481125,11519.518617,11033.657771,4756.747638,6608.407905,
24733.923329,10105.760420,7928.637338,8010.721415,10178.636182,16292.235878,4978.587793,6753.861173,
7708.832079,15718.687834,16303.231430,16629.320342,11015.822645,11352.795793,8772.424883,1561.623675,
16422.619076,28860.764096,14171.903185,7062.315601,6604.190514,9648.597083,5384.428406,8223.498252,
12920.524836,4260.693557,30194.159521,22702.456245,12518.437381,11266.810665,6220.626024,8123.761056,
22143.228357,22973.160602,21097.822293,21080.871577,1568.773829,12902.964887,4237.517414,5318.261857,
8432.072470,17071.404309,8909.230806,4097.767792,12403.292330,17822.233587,6114.589154,1793.619262,
29203.433208,33406.645061,24277.470113,15456.344781,13734.063904,21230.027488,11816.139659,9649.026701,
8742.716489,6505.587058,8933.280976,1273.934683,17030.881975,14258.085763,7195.734001,9805.212589,
28575.397669,32899.835142,25740.745230,16399.175643,10022.590900,6455.920849,451.352284,4352.218271,
4778.092386,13156.779962,30259.306873,13950.027399,9890.088938,8641.852051,5339.702505,7792.178046,
25526.411749,34288.931779,3129.323839,3737.905459,2879.226302,12507.905418,6559.371080,8447.166944,
13383.094064,2249.506106,23230.180422,4302.114735,11050.751249,8566.178569,3319.444278,7554.743509,

25850.000000,1877714.000000,974625.000000,2837994.000000,1167036.000000,3515862.000000,2255194.000000,1490136.000000,
2723558.170530,3744081.904736,2993007.043696,2109734.459416,919141.658588,2199996.606963,1568453.191799,998657.103606,
2325473.707302,1817487.906850,2167647.478699,354071.843787,429559.200325,901335.786574,538727.629283,131983.106197,
1278930.440967,2410393.468618,2212599.333327,1112317.562986,413691.888828,1305943.667459,444479.286558,267003.395997,
2068548.521378,1760136.664762,2418628.862466,599050.148221,869798.292380,854749.284570,226888.338450,261411.419031,
634049.374958,2618407.623106,1146639.082841,1220429.560676,2142503.378875,2891235.792386,1286905.762767,313103.605034,
2435966.175960,4383175.769688,4325186.726275,2224353.183219,2693938.520848,4137077.960523,2525955.317053,525760.737717,
3690722.466797,4759466.466430,4004888.029487,1554120.333712,1860990.610199,3939233.020337,2564156.750407,725828.838428,
2131108.086751,4062673.646108,1635580.605313,357812.926411,1498408.082211,2470303.497461,1112353.080034,490176.312147,
454388.838787,1792036.953329,643236.300497,247294.102129,1857674.328456,911990.178494,627393.385087,207777.127424,
931776.377475,1767028.890847,129176.688608,440902.352833,1346442.580434,753656.044479,818071.117958,109612.612241,
726531.011052,154727.976195,648019.415987,310536.568660,528783.121697,517112.775398,331037.025366,114156.790533,
1077695.248761,1689071.791355,445907.246038,86168.036433,432275.198239,287304.550007,404597.262650,204674.881378,
189182.060707,970892.078461,641160.204667,113280.961858,532277.752269,357589.076099,457602.100716,127887.765383,
394070.966043,1007745.642266,701812.137731,36102.376408,412399.072972,243721.432893,403161.197149,48592.623148,
353747.767273,420733.382857,244457.407086,97439.111311,213385.454522,194700.995357,89642.686350,43129.677033,
481894.397495,879784.044490,377261.299382,164786.925009,137430.068097,163839.605427,352077.278629,44558.912733,
101060.015132,428248.223570,294981.382277,74008.656991,221156.177439,92917.273263,148285.919901,48317.789771,
438736.684713,590463.589031,280824.546337,156866.716832,149958.605583,200064.063922,210942.512978,67394.530199,
43344.492331,263915.712040,389558.976792,161249.319791,342836.295527,152294.726723,225015.152649,63973.255151,
215765.870890,492139.430599,73717.869149,46540.565978,130173.604965,60860.535680,137548.957415,23995.750984,
125627.048753,204600.123690,292465.430113,69976.186705,113235.617970,21510.963538,88164.253428,59507.476744,
260902.039413,415954.576133,293856.609405,126725.099730,50791.061220,81293.200278,78840.945130,62137.096493,
153254.615714,182338.959356,379186.311849,89916.714872,149165.532611,71843.761572,101076.381666,29285.351578,
294613.523653,311412.260128,253423.885234,81609.614355,115664.710510,23066.216795,101090.154031,3003.578420,
160298.829015,192678.180972,285529.265881,83122.225670,170011.207237,6152.789735,84437.697288,22656.563043,
318398.138114,236649.655426,153962.632936,74484.484814,81347.653358,41420.635053,41415.278196,5946.506701,
213614.366865,89017.507197,297880.666323,81696.449292,144791.819421,49842.574339,106603.670019,23281.928203,
384180.313684,171870.519885,125224.449336,33393.974916,161696.253190,27511.302930,52484.548828,4470.449494,
216009.576338,112377.518343,264796.398230,67815.078140,72237.838497,18423.462325,98697.261532,34943.646930,
318596.406491,268116.526313,205662.701711,48633.335297,75532.365413,40459.455067,90966.177525,28797.421299,
137470.109375,69282.228406,229788.731829,58222.266311,92537.907835,44333.429052,77264.705664,4641.504746,
308473.107816,278128.713712,138411.554345,62755.107697,98923.178400,12588.847416,61505.645527,6554.987191,
112060.383309,60084.870180,205385.722263,80303.315533,74207.173063,46274.112496,36174.830832,16945.522418,
268794.517124,252618.637585,123120.453265,27697.995386,45365.692725,6814.749882,37143.832608,17484.627763,
119772.067186,108571.391493,173903.889262,52359.334914,93073.577511,42478.270012,42604.601429,14269.951884,
203945.973361,326687.901772,138947.263715,57851.634970,52145.904844,28869.363618,55359.681723,15810.742559,
56305.084085,78734.983517,170421.569704,62954.901838,104878.825046,36476.024149,36597.060479,10689.879856,
188389.289877,303367.749161,81557.990195,33076.760257,57922.601370,22539.109471,56673.948718,12139.257971,
57230.584232,147817.586380,107249.319106,39425.914953,73169.523302,25107.867771,58278.363799,3907.050994,
171490.769739,299252.232718,109015.575198,47806.532227,66057.354281,24530.500129,32409.757887,8039.506174,
6337.651233,90507.194693,135235.539688,60728.834791,71071.977037,26993.091020,49787.788626,6552.090445,
135299.466589,316373.035608,94456.040046,52741.521963,52175.002445,26371.600296,50834.248042,7018.192913,
49372.964984,117352.116886,134247.452412,49334.620446,55757.669821,9311.298347,33825.666305,8126.605829,
156816.903526,271309.701178,99572.122067,42192.980194,62536.513724,23810.515901,42887.780810,4576.301519,
52289.724904,89021.138211,144798.350635,43668.229799,80657.988571,19768.798886,39573.604318,10795.647820,
155477.545424,276233.171689,93799.849009,39152.552843,71818.774874,2982.886483,42229.814435,10824.260200,
89927.696005,108771.043930,132032.476227,44890.644467,44050.186036,31933.846903,21563.614618,5735.543853,
163477.191632,213540.896790,119866.989760,35541.074896,43548.587303,23485.400738,32990.040139,7367.524250,
112777.728229,83851.765713,150660.570100,52837.783063,46401.459213,13785.589634,27418.899554,5717.903191,
182989.330746,196405.246838,104689.002708,34020.562248,51570.836728,21816.459094,42355.391650,10454.599606,
85324.051253,82215.500729,143896.138964,44187.093641,46426.902566,20536.513348,17547.593117,3285.423713,
182411.071146,158343.879528,113663.041431,36884.504249,55772.848988,28864.307502,16564.990657,6510.576278,
91158.076297,58789.235458,137042.432282,41351.517957,55491.935306,9554.654505,29313.118092,7745.060122,
165275.796966,127248.201295,81440.655136,28938.917102,40004.554142,23334.932788,36094.132488,5718.422453,
88825.508511,40739.234981,116319.595116,39947.827403,44109.244849,7127.429889,18546.063072,2117.544419,
166028.764595,105746.880252,75012.422773,31453.484157,39814.641981,13502.287397,27134.464825,2073.781797,
58659.457981,42726.333720,105168.832192,41743.580002,56010.487851,8285.939021,23617.309450,2959.755794,
141823.027475,104723.096655,69868.837766,33518.709554,55612.298833,12681.820707,29387.444400,72.144522,
36927.985930,26073.675964,96065.833428,36744.855837,33354.533521,19216.318167,23506.068164,6828.818573,
117823.581619,93746.618140,61025.041041,34812.583529,48516.493779,8669.942440,33662.430099,3280.243825,
28345.324779,59993.810520,99578.409134,40282.235956,35171.789255,12297.722585,16930.579964,7560.608537,
102946.190399,142940.016870,49574.260236,28062.917955,43476.037779,17415.851080,22113.383424,5399.290202,
13769.050872,43162.676454,85440.401445,39948.982478,39448.779600,21357.282238,19953.598260,7900.423487,
85211.050749,148828.803688,60445.053274,31617.382167,38415.927697,21130.663042,30075.037772,7414.254954,
38800.873638,53321.039912,90730.876810,38768.110497,39176.283783,2135.687957,26318.953935,5612.976772,
98645.706499,166209.663146,60051.320242,33769.644765,44271.038940,18965.706123,34299.602618,10119.597707,
42655.917995,59716.784931,95599.813425,40071.827396,39881.913801,8051.161407,22351.730449,2849.374386,
112229.465074,185435.134324,73034.708409,26729.578007,36368.586519,12486.075729,28596.560531,3545.693145,
55174.736435,59841.756326,103678.437065,41858.841634,44281.094080,11812.188203,18352.662870,3423.457098,
123038.849467,184466.823079,80747.613872,29236.775461,44352.926285,15192.136753,27275.258137,3031.779355,
63654.731020,66263.476089,113509.021851,39340.554927,35330.430464,12847.506043,13802.828788,4366.408288,
134219.676918,171966.273231,78874.796960,27428.833218,41395.712076,8208.314259,22723.565257,4490.231961,
69685.039215,63052.920154,108872.580474,41050.774087,33615.433928,7273.761002,17308.036091,3355.964231,
136912.870491,165933.090251,66862.856398,18889.266571,43645.022965,7874.089830,23028.089722,5349.519453,
68716.247952,54934.039062,87628.135672,31239.994693,31915.231762,11296.514108,16796.249370,1332.609036,
127943.756214,161514.184500,61266.649274,26320.607600,39183.427670,14726.230394,34269.598661,4080.868506,
56810.689964,72712.808704,86988.412272,33626.832902,27652.135648,8673.310280,24331.563648,6985.141480,
115647.265409,141262.985389,47108.257809,28556.172790,34657.305031,5882.876740,24622.615658,4733.076572,
44415.856957,55830.939779,71226.234248,36381.095188,31700.031824,12452.599739,19145.809522,7627.031116,
98407.201331,123035.947463,51436.138006,23588.180884,38413.206198,9994.424028,30150.873678,12955.297068,
35559.669887,51442.833306,69551.053553,30139.807492,34674.452560,8524.035939,20394.970078,5099.656330,
76784.281783,95943.436975,31951.611454,22242.511614,38557.898977,13184.938206,28314.121619,7316.403172,
17257.601879,40716.461713,61193.828967,33413.691608,28205.007011,13044.637190,18114.037402,3840.999300,
58483.101573,77022.766244,40158.444923,17922.285840,38725.006361,8091.257659,25099.981184,4703.900430,
15805.614274,37827.226854,67123.433402,34240.164081,30108.543915,6341.817174,18988.498924,2607.718823,
66684.784701,69917.307197,56600.815407,21977.382946,32409.656564,19249.612975,17604.826035,3110.296006,
30999.653227,26660.562302,72442.942454,28488.063453,29863.774479,16117.451961,22734.606945,475.660678,
83155.605836,60336.944015,54648.429330,24664.215443,32507.769046,6238.968649,21025.358216,4761.244273,
39584.205458,28334.617895,83866.164137,29692.655212,27280.355811,14842.157098,16891.760329,4278.767427,
94962.953538,81464.136903,61237.360949,22556.829295,27747.844751,8393.540667,16789.977997,5459.085483,
48501.272414,30489.603583,88115.799138,22283.549865,26834.087000,9057.074005,7289.870845,2021.604409,
104768.900403,97445.193998,63916.721481,24662.236923,30972.758572,6634.917293,18592.803845,3968.023039,
54846.215164,32980.226804,81043.021526,35215.807815,27337.761953,7482.623250,18095.238534,3395.615805,
110281.147326,111070.761955,60732.996200,19613.483079,31786.405911,7125.355256,27791.689980,971.674235,
51262.020322,49524.497377,71310.919140,26170.279351,26999.049374,6428.289070,10967.735333,3699.169339,
103259.553199,118894.343387,53010.140927,19070.856102,30733.000155,10753.774937,20212.320958,8422.965630,
53634.556364,35189.402095,64436.938245,28481.833866,24732.663846,4147.240887,13239.861225,9092.819000,
96055.043876,122313.408434,37743.424370,21652.790443,24566.411415,12909.538397,16996.418171,4801.818310,
41959.290884,62752.204615,54256.694070,29426.125698,31004.128418,4873.103426,8681.657560,2221.784556,
84663.483306,123783.097596,41626.453394,15754.513930,26756.912231,19301.308648,23573.467658,6456.613064,
35876.894449,61396.711127,57196.577818,30140.374346,25111.790107,13154.246874,12296.438780,1576.382145,
61424.831861,130620.176691,31784.268554,19297.489785,29168.254489,7369.861575,28630.957183,7533.124648,
19280.606671,50230.758590,50722.250961,24814.509690,24887.316746,5673.806805,19857.575350,7226.700649,
57110.438623,116149.523651,40567.452815,20317.734874,28019.064127,7495.241580,20108.330637,2007.498513,
10066.729881,46296.650086,49052.348028,19157.826178,24659.469847,6179.650121,18085.926346,4975.914092,
50077.361485,114547.881215,36581.359277,15348.906693,25462.588255,8396.434629,10749.896900,1918.983791,
14950.918826,48779.077001,50145.045903,24432.112054,27638.691427,8425.048349,15090.078424,2731.172333,
61147.294282,108665.626900,43534.392059,14281.845895,25210.926604,7750.446914,19736.130113,3998.924069,
23583.725157,46143.506543,72505.521785,20538.242679,18431.827738,12924.114289,15397.315754,2958.451106,
67337.212908,76112.739973,54030.031166,19705.728006,26420.319809,2692.114145,3503.123918,4229.117855,
39518.730125,32174.211568,73158.358614,20116.044025,25010.019590,10613.741407,12111.171380,6368.589332,
83157.642127,64237.131244,46758.801864,11681.699571,22648.927086,13809.932047,18690.347628,4108.787218,
42795.338602,27525.806447,74730.638420,26777.638629,23751.280951,8485.143842,18520.884311,9503.559343,
89802.491908,50081.112966,56244.530158,15714.994765,30090.115848,6878.908705,17657.275696,9610.640444,
52741.990531,31390.191949,62807.661002,20859.584446,31723.977659,11897.625960,18852.387121,4565.018749,
92016.171635,51434.836094,39510.845123,5412.647661,22120.070270,7837.204134,15820.524568,2794.464707,
44709.078774,17299.888041,61574.356092,20381.545146,30013.109780,14595.640723,13438.189782,5377.127760,
83398.407370,42490.748389,39564.946624,19647.865759,16969.050295,10970.583240,9418.148798,3536.488674,
41242.043447,31128.581576,48112.113989,18785.036432,24549.149449,1482.538148,11155.234811,1004.168937,
73484.277280,69386.330610,24380.440060,14975.932528,26798.251765,8741.616317,15483.240352,2189.171625,
29541.199751,23290.084912,46368.703457,23204.468226,23216.221185,12840.045014,13241.801515,2009.121760,
61458.371633,70306.038476,24535.507888,22181.857793,25568.828828,7014.157394,18924.187908,8111.314238,
22706.400740,49059.125680,41985.066431,17731.358320,29847.471797,4548.805186,8173.054264,8161.124015,
56412.684093,88822.621877,27154.215602,13126.285843,13100.452229,5908.861234,13131.465815,6336.987837,
11709.818099,47477.628070,35772.182695,18339.331730,25742.571558,1026.340114,22405.466224,5406.126370,
40445.594888,110657.889198,41993.013980,11823.257446,21075.869156,4972.622554,18000.156759,1876.471488,
9024.458542,43221.672940,48449.971603,19216.332402,16309.962965,5039.863396,10612.505906,6647.568073,
43355.900552,107550.647825,53419.982742,14215.604453,16501.390282,15255.123084,16018.410483,6680.695314,
17839.467940,49496.262203,54750.636992,21684.450546,21145.998924,11357.595555,5554.729763,8953.789831,
61555.715677,107361.266963,33016.711801,10960.854137,16780.483149,5927.338402,13505.551036,7116.083103,
32403.445293,37877.158103,67687.307073,22007.497905,24807.415530,9348.966853,11406.363570,3590.724115,
67033.301901,100883.223086,45575.115667,11539.954508,19704.597409,7047.799227,10005.161366,5527.836460,
33530.494213,45124.340233,63397.121823,15549.722995,22415.714462,2652.655730,10128.117070,7223.269512,
66167.798676,85800.619115,42392.502606,11853.454085,11441.876360,11849.747981,11741.336639,6115.993829,
37347.494079,43522.082238,46139.360409,22092.076771,21141.743913,14224.918441,7255.718869,5100.739176,
73923.498314,93405.214949,50749.733519,12135.919207,19998.771070,10018.014969,10394.900972,11906.914963,
43985.278401,39219.810569,47920.400596,19587.385660,19937.967053,20877.220284,16622.034990,12381.785179,
77335.921463,67742.036319,28290.046918,6452.246552,17699.831577,13357.894406,6888.826335,5068.046703,
38510.310153,35878.132669,40515.616413,12410.230660,29051.090707,3358.941745,5108.853098,2695.034616,
68012.163555,51943.155175,20873.717321,9547.387223,25742.116261,6191.976945,9244.831514,3718.626300,
34993.301806,28981.006468,42289.616655,13266.564997,10308.217302,12974.567008,9181.137265,6389.018669,
59472.977818,41279.469368,25397.092703,13298.372442,20985.129071,11599.319564,13381.817595,5132.313988,
27933.103837,24401.774396,45959.775018,22266.086531,29545.186914,12478.715566,16541.059669,4684.026911,
49487.093570,20826.206784,24942.694856,11613.846735,18965.026271,24945.536897,10111.152893,3113.316845,
10198.615520,20136.939815,40153.926175,15134.778573,14721.158240,13582.694556,14262.352119,6392.179689,
44412.247486,40838.109420,22096.226233,11642.890403,16793.272036,11462.262845,12689.135455,6279.944505,
9327.905608,17094.747331,29620.600831,8037.892573,30448.337769,13845.877704,11499.089885,7590.724758,
31406.516811,46341.922185,34827.013302,15565.263315,18705.691978,16097.673599,12149.509742,8158.622948,
8693.693477,25852.907089,47285.429117,13325.769118,19415.736931,20169.276099,13058.416384,10663.292262,
40756.956699,54904.642447,39720.113022,6323.527329,11651.672461,5179.193286,10579.369232,9651.433068,
29491.516950,35877.719644,65256.590309,13457.960312,24900.971742,8862.187416,14967.516275,1709.949582,
49871.857630,65333.914407,35967.647935,8494.013361,27542.468842,4345.332306,15080.640134,6948.327430,
28223.549084,43451.471807,61675.710111,18160.431714,21898.260624,13437.330601,7134.048351,4416.144822,
56843.520914,76729.951374,35728.799648,3006.514743,19770.174904,14756.124220,15038.353803,7212.774414,
42511.375449,37376.065010,55084.909290,12594.012419,22506.386050,4765.741125,8234.318545,7078.089236,
69060.119990,93320.000791,39618.052240,7591.364662,24962.965544,11304.782388,9983.010763,3385.136041,
36727.168337,43061.151613,36123.758583,14890.835463,22672.995271,8213.763815,13685.785620,8655.670201,
71831.923276,78729.953806,37881.645156,9572.306451,16931.979329,18160.015933,16773.107550,4883.544737,
34641.432062,41370.445304,31311.431556,15888.591547,18639.048013,15435.556776,10930.590414,971.158770,
64421.856985,108898.119859,20791.714303,8666.057807,12766.190041,4123.831902,13035.275710,4064.276766,
35175.169735,36898.921091,34138.125893,17642.982006,21837.775995,9324.284750,14374.741323,3742.255451,
62989.306394,86533.956797,15894.510655,12013.308590,25821.651322,10436.099099,9217.822315,5503.992795,
24527.204085,36591.569263,25683.162321,12734.393263,8685.838034,24912.518208,15600.923418,7721.688846,
47780.513516,70168.850669,28732.066293,4074.381667,19217.012825,15364.164216,9528.955601,2772.635058,
16311.673707,20800.412510,37589.352069,15946.303699,29492.219400,5105.462234,12636.133197,3150.882895,
41813.961754,78163.651880,36507.735434,5720.137468,15684.214531,6173.466009,9939.085697,7274.927474,
14666.123310,42236.094556,32550.814064,8185.189887,10075.243595,16416.773088,11052.800573,9320.566953,
32380.511474,41626.017105,28546.117447,8732.071388,10284.187546,15144.557173,14050.174351,2859.709173,
3504.885230,19865.407008,38255.247248,15943.522785,17954.997372,16273.731100,9727.389881,6670.414343,
37810.238931,46112.726529,31647.810076,15261.027559,13961.614335,19335.030770,19331.412858,7957.411181,
20758.972309,38939.289604,45954.730780,10921.342532,18051.991736,4151.150021,1797.487419,5409.482248,
38275.996579,32824.546957,46137.825283,6992.421734,18395.198367,9678.739567,15014.540248,3552.969696,
24491.913102,11620.634414,50472.704177,16344.130265,17095.604130,778.262829,13244.313636,1346.653453,
57673.745867,31234.192456,33512.336408,6824.016775,13293.209011,18726.675507,16314.437669,4241.429914,
35994.576247,22198.764220,63158.843516,14122.321187,19390.838616,17082.980613,6558.031701,6522.442671,
60945.008626,49245.239054,17388.831377,9414.110692,18155.944666,6102.980562,7674.855796,4863.327114,
36341.398914,10460.503988,41392.947383,8233.446125,12106.235203,15216.169867,7810.881415,1518.739744,
65681.495069,49087.522064,25217.104791,8562.559875,11011.713837,13302.608550,16046.049520,2378.082498,
31810.231189,23116.923832,34140.569048,3404.908830,24673.735143,9774.890449,15638.382609,2083.582559,
60655.008644,66259.384742,25775.269361,8642.520077,19090.763622,11411.092275,12455.935592,7547.281984,
30547.624845,26668.299881,14671.505492,9545.530819,7977.449820,25257.929150,2141.742799,6398.945888,
57407.568354,56322.000295,29529.141072,17856.578513,25362.850533,16487.924284,19136.265114,5680.411787,
24094.629850,48239.231855,48256.881775,26500.372005,17917.433717,9750.194272,20869.681414,12205.680994,
43213.965581,73824.572308,8861.485141,11152.775876,8993.597182,4290.973278,6978.294593,7821.969263,
16793.397361,33262.446837,27388.411123,7668.403208,19735.919691,12602.586136,18049.861271,218.083481,
34709.623759,72240.899177,29530.110049,4720.491910,17587.296698,10841.470887,6389.661447,1576.465535,
13917.860972,33071.898497,51936.156452,15340.878467,17697.212387,9058.408142,20539.101672,7778.758561,
22992.865357,74104.885470,16871.328266,5468.851168,17624.654088,10561.980368,23080.055993,12275.174762,
10352.904637,35991.035664,47650.262089,11120.297910,15335.793138,8101.479757,15698.472533,11640.375066,
22309.457949,80077.285095,37542.222289,15424.975409,16905.428440,10111.781768,11951.653945,8087.943668,
17994.064117,46640.541228,37328.104694,9657.586296,14838.270334,1354.340358,3748.799189,3856.776939,
37466.824256,63049.028115,29759.315378,4464.425943,15085.924385,11827.828983,9137.681077,6728.936156,
19432.231246,34517.093413,34093.220503,8076.008241,24284.202793,12062.889582,11360.980605,6792.346409,
48528.442114,60458.644429,30949.982631,18834.064267,23441.998942,5480.089374,19580.001106,6848.003624,
23865.611131,28480.676872,47537.116071,19263.304167,3378.629606,11440.956437,6231.402484,4475.908880,
53024.764483,35803.953543,14587.410726,5180.120375,19747.837492,7322.025478,11820.520222,10286.022985,
27235.584265,11111.057713,34461.313909,13806.946583,17252.287382,4345.813002,9738.011438,14966.161104,
50668.154779,42394.531033,24712.278560,13474.027660,7692.929046,8940.345710,8638.434352,5414.367424,
42558.099585,26850.168563,46394.218072,10654.123372,22750.714837,9524.535753,21543.139517,5354.299455,
69300.160391,24830.113128,27434.203487,7233.647323,11227.868581,5818.514893,17192.746315,5089.846455,
28120.925777,6756.714911,25714.270671,11804.112599,15087.396259,5851.968360,16472.231421,5949.005214,
44156.701836,17233.654454,25748.765052,7604.566515,22226.364022,3884.085616,15576.835493,4774.420936,
31494.703470,32470.370760,16880.309437,7885.329746,5159.028774,10989.668319,7195.321494,6869.473540,
46359.746550,41089.103772,28024.235802,19180.066813,16220.309183,6423.650000,5525.742014,4728.614446,
19651.425355,18561.264338,23596.131560,20926.055977,14631.372322,5618.076850,8897.725113,7643.723757,
23520.310440,50091.774804,25217.671350,6216.634926,15864.194085,6394.365783,9998.760526,4271.444881,
10652.359646,18645.707515,31018.704858,18375.576775,24443.029346,3621.355532,6791.855321,2821.991731,
24910.370825,50081.772599,22529.220044,9120.574334,10490.336896,18778.104926,4712.947067,1683.463142,
8561.419786,40045.319001,32690.806738,17018.049520,15017.348378,22748.234279,13859.254373,12259.094680,
25300.467789,63208.363117,23217.419565,4408.489218,35159.058713,11570.606451,21184.525184,12705.385658,
15039.324038,38524.556916,38686.832031,14426.772312,25779.088001,12755.611661,5082.339769,2197.771532,
38914.242845,73682.600184,50850.780072,17375.266326,11179.608001,23209.867651,12050.166083,7190.425926,
10458.124794,45169.999221,32395.214831,15014.291230,29871.523812,22578.672778,14137.402320,2676.446055,
47245.253335,48333.269650,31925.043899,9174.460243,16118.887483,9597.480196,7425.360581,4496.510177,
19590.223175,42224.493785,26742.045440,11281.426335,15916.881945,9422.728894,10023.055485,1811.626778,
42742.890156,67602.209157,24365.230645,13195.240322,10899.499409,7163.690797,16652.036275,6100.575003,
27866.087271,25244.220153,38339.581563,21439.263525,20843.573232,22914.553137,2675.113080,7898.454100,
52189.802829,71132.668648,24868.994889,1888.441905,21821.887452,17098.594196,13910.980477,1382.951527,
31895.223525,33843.686916,31013.078631,22701.730405,25068.547459,15653.987232,15349.806238,6139.035328,
55428.055476,60635.357806,7974.959000,11437.305464,9441.796601,20979.994555,12731.099343,4389.251058,
26231.225138,31316.137030,25438.122202,11149.675669,22741.197307,9798.977229,8742.188570,10346.682233,
48709.903174,61567.754939,23673.414762,8668.861207,22392.125511,17270.763043,9067.982959,15080.562869,
25935.903562,28208.056615,18322.050251,8026.650188,8803.837354,17444.651535,3708.384070,10805.399350,
27641.619250,47538.537470,18489.980114,12979.120121,26102.837769,4178.503867,6991.717780,3509.459087,
28215.847319,23872.268920,27428.997037,8683.423663,16648.868961,11188.567432,5099.059430,7412.745229,
29618.293949,32345.786456,31664.894185,13556.160019,5406.996319,1790.159783,417.697089,8433.955760,
14576.483425,20345.193576,49377.825623,16529.818490,16030.490660,9320.973759,14023.110332,1764.873966,
31983.031460,23875.720896,16520.154625,6391.770091,21784.083763,5911.442811,15514.433476,10859.395740,
1863.489085,27209.224262,26183.601109,13806.500173,9483.089503,12280.218596,737.010402,14496.434317,
26966.447808,18104.709965,36946.045711,6966.678610,12588.388555,9178.471292,3037.981957,4937.980273,
3548.909900,12794.153300,33856.694999,12921.107207,17287.272705,12333.363271,15935.173737,8674.258809,
26577.372431,17593.668641,24965.492733,3249.924243,26466.227710,17522.115779,25596.950536,8474.121410,
9852.942276,26844.781761,34013.574524,17248.421547,19954.035519,24162.004481,8636.701584,3158.126139,
26283.491074,35260.829902,24271.293777,11391.428424,5817.602285,17441.191454,8376.237129,7013.927328,
14078.847301,43359.596487,33613.016585,18737.781869,14044.127795,2907.066976,6916.132072,3940.405927,
41491.134048,52107.209694,18038.954028,8452.899434,16313.224268,2808.482427,11235.530793,11430.494608,
26740.439620,28661.113204,37042.137494,8098.367517,17428.757173,12387.196536,12966.803160,7890.157144,
47399.129288,44175.874198,19262.767469,5769.480611,13788.793230,8858.866504,20371.408724,2837.861372,
38201.332912,26763.988925,22748.270828,13031.535392,3096.476527,9091.277254,4297.560499,3949.339809,
41816.955522,53887.659322,18488.012733,7125.024278,21897.287465,16080.127109,21996.029235,7101.894862,
27784.648535,25503.639053,17626.452780,14699.114557,23002.438891,7021.565673,12184.871260,4293.264862,
55569.769559,70545.429955,34386.596294,12948.205097,8796.411444,16284.353662,9686.927909,2848.644503,
25678.290098,26747.626844,19251.011966,7285.578166,20336.067322,13403.509971,8707.340041,5212.984440,
39753.266584,67651.174780,35369.286714,8038.391385,14453.731433,6382.020426,7489.207204,1897.312723,
22678.597050,42251.938435,33813.247929,18493.446968,5837.050926,11543.409380,7882.034005,824.065335,
32083.228141,77781.557950,13839.258098,13326.234496,17940.466341,12670.914694,15513.014751,2500.988748,
13890.487228,43814.183459,24160.846455,1029.891353,12879.553498,9873.232042,5924.182281,5657.410954,
23027.878800,85115.726003,15392.589004,2971.445998,10603.133545,9507.964037,24229.453450,7039.150822,
3880.247349,44034.004935,47499.285168,6533.657988,24692.643849,15265.147420,27578.541118,5271.405584,
22294.117741,41251.991160,36509.479034,8296.860900,8864.546732,12037.241087,11243.818976,836.658446,
4543.782366,33804.069401,25620.797339,14232.169082,20289.869336,11666.689394,16664.016187,6700.802293,
20555.018066,32394.383626,24534.773136,16559.642211,25159.327942,20199.151948,12337.916761,8633.697494,
18410.985431,28359.252472,33756.109681,17743.665553,4995.790603,11879.426377,8952.610976,6505.540443,
31025.640508,11859.080538,22538.932726,20781.346921,31417.930252,6832.951025,13199.556059,6745.829463,
17407.300852,10397.150646,21609.294782,16200.110353,21663.644068,8457.019198,12188.173298,6923.996684,
46346.261381,25888.308790,21882.127342,7810.617645,9497.839123,4584.085514,3853.218914,5707.647151,
26933.102550,38388.625819,37938.598932,9169.970617,22973.209415,5711.095253,17646.618674,7203.196502,
41099.380640,34571.208011,10437.443869,12855.924636,23106.186740,15957.138176,13890.835724,3928.535284,
16019.673352,9324.086012,28345.568898,15392.478428,13256.543003,23530.734544,5122.443362,9294.141442,
51450.426889,21282.583118,10074.354813,8045.215773,13259.930935,16708.700018,11102.606500,15695.806274,
25415.500527,26664.951699,34157.538240,22836.118919,16221.268136,13582.352901,5407.557624,11431.991617,
45455.835281,27185.054723,35273.467578,16098.834681,5834.758074,7866.565550,9546.256156,1724.479967,
23202.911745,29013.225173,10656.492403,5539.271479,19692.608669,4174.258651,20245.475752,4503.668099,
33142.407698,37230.634558,20968.917613,17131.815571,14212.133368,9785.534303,13369.820783,4222.328699,
25378.106356,39513.356570,28036.969475,18488.078224,6335.524457,11212.320684,6650.925474,1622.842817,
36015.136858,53127.839400,14876.838295,7386.533853,18338.389804,7823.480962,15635.738859,4869.771338,
11753.933057,41512.075044,14748.478809,8646.447941,25015.037438,8123.325413,4109.883064,3440.859172,
22587.552456,83114.395856,27860.535090,1035.024735,12874.600672,6863.355579,6923.908158,4852.456771,
15258.290292,34051.751732,52765.055755,11044.433242,8284.417923,10154.277066,2208.602251,6087.686259,
20836.533204,57352.486841,21333.874658,6710.467694,17196.454772,7252.346830,13728.886551,7080.837140,
5342.364258,20719.121437,24800.809286,3741.515750,20848.864714,4472.249321,7897.265563,9601.566876,
19292.246448,66787.260337,25261.954510,11942.806386,8282.027054,9721.487437,8433.536791,6238.815895,
16852.967086,10691.004666,31597.872934,21152.793246,6385.513752,9383.597576,3706.320534,5142.253882,
36135.241513,57227.685985,35497.640801,14756.611876,18474.919669,8738.746249,13233.254407,11555.941780,
2485.264364,39653.048263,24963.648630,2208.445326,22612.167632,10055.793695,14502.508272,9898.154971,
35300.641232,67979.735573,19655.291073,14683.864917,7259.954445,20155.080961,17363.181878,2389.858902,
21845.739900,41728.912551,31270.955435,18158.426662,8316.948100,12516.545859,15708.878746,4065.609836,
31900.111276,43275.780904,20167.009490,10972.017138,9593.732212,13156.275028,7903.887749,2738.521825,
18942.150094,24144.074470,12847.275012,7271.548955,4887.685247,23133.635776,7166.378731,2807.164722,
31626.318319,41007.029775,15742.439443,10406.320867,9211.130026,9457.580056,16633.740141,5463.656647,
29936.830832,28678.055774,35131.288637,17479.486607,12834.796990,13779.336862,17444.940943,11313.499801,
48086.392181,23010.873610,9775.853446,12465.953283,7830.639319,16957.147613,10565.657821,12354.522485,
9162.187102,11750.294863,28847.702253,9499.349500,5516.687700,24557.528262,16285.710288,13287.020966,
41458.235956,41336.307135,31551.532724,10216.164826,16126.266459,13944.676038,9924.661975,8557.946586,
27215.279110,30001.300297,21133.674738,7803.846343,25274.152638,7860.566719,2887.490374,3462.052067,
41319.294895,6483.045611,27945.503840,12693.330268,6382.430293,8419.772337,9136.538771,3388.956323,
19801.427755,38227.859631,30764.018562,9506.397496,14867.705775,12397.221998,12158.758466,10078.709729,
22044.823971,40041.612205,8344.236797,2160.137694,15813.051750,10738.704629,5093.441055,12394.163476,
9245.610857,11354.514834,30133.470783,11083.852196,25818.244531,5860.777620,7172.826074,456.735149,
23208.000552,30574.303884,28083.055441,14028.336692,12398.794648,10921.670155,4241.100095,11083.686772,
5275.146509,22612.199410,30572.620622,4977.965193,16182.493266,13821.214125,5699.871195,9851.769085,
17261.147750,49535.756719,26993.219179,11428.496988,18556.857478,11589.368266,7726.980443,7219.594945,
4646.102296,19115.578218,14729.186477,11520.417591,18636.135716,13489.917626,6791.367016,7284.784448,
11433.525604,53841.467852,12543.813986,1551.731866,8795.200522,15037.647565,2763.878904,8001.055252,
23385.910342,23572.048316,10750.427101,8288.637430,13836.940813,13074.359595,4958.994213,5334.529413,
40339.112718,33422.997550,25110.138369,3109.056577,17284.946484,11793.337327,4693.968137,3318.403131,
20272.900369,25528.540999,27697.526823,7988.034133,5611.652242,17407.843475,3678.933562,5614.524541,
37761.827087,68738.395524,30966.449898,4335.283837,3227.421305,18455.028957,4862.681646,1841.279414,
23858.680282,35976.118807,25449.292145,6977.299111,9058.311892,14817.709260,12292.194016,6469.768756,
38080.616906,41108.719991,17299.062355,12823.177147,16178.518861,11678.004738,18313.135814,3860.955557,
19408.448180,52432.565424,21903.199101,5459.289051,4277.574287,27038.338297,11361.029427,4212.092138,
34308.291404,61691.890777,16179.793603,8540.912292,16738.344281,16216.793988,12364.933162,8651.150691,
25525.176205,16394.237284,22465.976091,4858.327348,23299.251192,8012.558262,22728.124038,8483.844717,
33170.495654,67598.634095,14200.223571,10906.236003,8387.476888,7365.921555,5677.614209,7254.412048,
14224.509952,39184.408075,26079.580493,13867.902498,14050.986439,15693.545984,16710.746815,8290.083346,
34497.345125,58569.758504,8720.204568,16917.730238,22033.822804,20875.236328,18129.847128,10930.656858,
4407.802896,24200.905535,16044.896267,18222.956491,13896.251618,23097.695832,8722.764834,9192.697599,
30278.370629,39310.433592,28382.895349,10600.208189,8628.269809,27503.897953,13519.237700,2624.384310,
5976.209133,26997.562930,27048.128563,18277.646726,22514.176388,12069.834382,21809.495905,5422.327688,
30444.556295,27047.128537,24031.267488,7804.201279,8266.537322,13739.667622,10289.145426,4189.296454,
10684.921257,30073.105285,33914.497440,7916.568671,16446.156773,15945.443565,18092.038310,7740.203273,
13491.050270,20683.510032,21631.205997,7249.970187,20611.244518,12795.399076,14490.176503,14382.174121,
14266.355908,28922.883112,40903.838818,3768.300717,4249.910560,8506.439601,3006.587174,12235.088062,
28813.978905,21281.630466,24256.104561,5655.690047,12037.621413,2409.149430,3095.107774,6380.329425,
6383.094788,24050.248169,11789.798767,7547.930216,12011.243639,8179.761819,8620.256491,7199.483517,
33128.731994,19683.767463,8474.079133,3117.753929,8514.079131,14288.294230,6606.431233,11080.586611,
10647.805894,44727.611070,13314.825567,10234.754378,27735.830683,11494.467130,14757.290934,15542.339575,
34472.882694,49859.957478,22539.101870,11027.141953,22339.551153,13328.619361,18370.650718,16092.939938,
13149.061635,21101.668076,25747.393650,14085.748911,4712.948928,16776.389808,6382.098089,8522.928866,
37341.516414,45573.272564,12171.368281,7700.684769,17582.667570,8036.300982,4972.830767,2776.880058,
30036.740214,35601.538801,34318.426821,3371.832039,2436.187823,10929.532720,4637.904366,5340.674886,
26962.774746,81144.387998,17579.732751,13274.431629,15237.942663,7117.705755,13782.527577,4424.153398,
16595.855216,10833.752681,29463.053961,13174.752915,14909.384194,3034.775682,20044.921777,9563.600626,
40047.689114,54593.275054,16074.990525,4223.637771,15961.964589,3465.967032,10834.025564,5036.089861,
10524.941426,27622.856487,20706.080159,6500.494520,10466.573449,11253.101284,7349.538322,3663.418192,
31517.612421,65980.622975,15748.318651,10936.696225,22291.904183,9142.712004,8510.727348,5208.269316,
19019.188840,14251.429794,15953.144596,10227.056507,16593.786904,6112.290048,10087.504616,1294.142244,
27721.651086,65762.106547,17138.993445,11470.274429,14148.392973,9911.310365,15246.812924,3153.085582,
8775.254076,41052.831282,32247.009992,18321.088445,15576.611073,14665.182140,2398.383531,2895.919533,
17464.936918,50886.253721,19270.850383,2797.064446,20375.529108,12227.489290,8329.931514,10364.832095,
13350.519639,37240.127395,23018.872334,11194.737365,16450.310430,10687.226958,6200.193816,11904.511695,
32519.772939,32607.266437,24307.951685,11389.551889,10521.037439,10252.295519,10843.767306,6377.502527,
8185.256089,34996.902699,20999.681952,11839.380654,22937.790968,1689.459340,4910.082190,1479.339116,
20921.574423,19346.717590,13972.070306,2176.241765,19689.122143,5860.862225,15739.384758,6789.071246,
5378.383129,17157.233967,20797.930497,12677.954892,15413.428004,23633.343385,10922.208866,9294.397094,
24242.244628,30365.915696,16763.577248,3307.156729,10359.803620,30828.824287,3886.205571,8909.834646,
17738.139770,16349.562813,23857.134687,11317.659888,23962.127010,17870.171740,6520.569249,6852.178586,
19427.073586,21167.176990,9096.642143,10405.941177,4540.841693,12822.574253,11936.528280,5966.683782,
20682.501589,19766.357836,19110.807359,7944.709635,18013.578372,9665.405991,11244.991239,6158.765362,
31352.463855,3759.423045,23524.261460,6792.588108,5968.632115,4621.772112,10506.739442,7791.106199,
17762.852358,20747.156654,15665.075545,8286.603830,15292.491282,10155.729568,2879.479034,10188.846966,
42280.159823,28103.727808,19356.906545,4444.581527,15743.784659,9535.177009,12424.652081,7819.371250,
13846.901294,2845.905494,31897.371203,11304.090082,15159.661725,6217.716235,18151.537436,2179.214100,
33972.583417,13638.378949,12421.485796,12972.691990,6754.907307,4419.452815,6818.041615,2783.358901,
25456.570927,22628.688950,23691.291198,11790.829425,15950.437952,4684.128135,10591.821799,1750.469163,
27926.807380,37012.466881,16664.315244,3275.586261,11898.652933,7045.720847,12811.111780,1441.463737,
15142.161425,8708.760371,33961.439398,7444.281725,10012.575610,4137.980478,5063.632822,3831.403596,
23389.615524,34152.753030,20401.818573,3663.605333,14993.754343,12374.476690,1842.118947,5560.062862,
14969.187959,17860.476610,27479.165457,15266.160850,3610.955493,22708.856378,8905.555222,4569.661504,
19745.526074,47577.209103,2191.714672,10980.385294,14887.557130,9612.857675,11730.492097,7074.575855,
4456.855706,26950.597027,28159.383888,9865.740836,14079.686591,16981.838036,9822.612108,11122.614770,
14021.755478,46968.796953,21954.214108,14201.816946,2493.776936,20649.249534,2269.469349,11542.109172,
12105.419441,30411.776226,23014.840883,3842.629121,15300.437331,2048.156541,12527.388114,7470.507952,
17618.002208,45746.750921,16294.949384,10695.502792,11746.762162,13135.042170,7637.530112,6217.012274,
19102.484583,36702.705093,16766.998896,9660.625125,1275.717789,11695.296216,8440.039969,4804.355852,
36616.395109,59733.704627,18390.932317,14040.265114,7344.308750,8040.852734,11190.173668,3009.480477,
15518.999330,25185.067989,15379.572107,9283.334557,5317.497475,8969.902106,3931.649653,9202.298533,
30445.132044,33645.195456,18009.797685,10878.749919,14554.179863,11777.523011,5421.460226,9311.784703,
14529.378406,13106.438061,38765.395966,14558.988617,14220.301339,14770.092708,10578.874829,4070.033842,
32742.077294,33091.257242,20246.092181,6407.735636,11888.706822,4845.998246,11004.861577,12272.893421,
15087.968293,9587.014346,23047.290137,16425.458382,18133.769236,13730.706730,11343.317693,12649.473007,
31967.080796,40867.729720,4293.509977,7432.917644,4861.773797,16612.382450,14560.574730,4753.628304,
13893.445415,13486.757813,23340.865425,9307.428062,15961.410234,4468.275170,5361.730065,1436.232262,
31514.813506,34273.619825,25567.299002,5377.285000,18935.467071,8850.987253,11857.151001,8999.086149,
3903.534505,25368.360534,17061.487604,8361.651046,13396.993601,8252.701667,10484.553533,12925.989651,
42203.269702,12332.896318,14351.254119,1466.111985,5160.020579,14305.929712,7011.333327,5394.656035,
20888.916590,12386.099785,22007.092858,5230.971702,16725.754722,4770.063148,7762.103532,5796.320347,
16200.189906,28488.757801,20970.669060,4242.835323,15036.787661,14116.354974,14854.693284,3874.132311,
16244.079563,27857.143408,29972.910332,9109.021069,9680.043876,16497.706776,14557.039977,8327.562574,
35428.974599,24838.235509,29161.260310,4333.558648,12094.781902,6915.286281,18824.035656,13622.764744,
13822.304165,12312.866338,30486.161040,9733.102165,18072.485553,9803.082207,8311.958057,7470.872593,
15544.728996,31121.771026,6144.997589,1550.463607,10337.088826,14738.982110,5635.781548,1137.136425,
5495.170777,10491.451107,33105.492508,3405.733336,4616.076751,10359.593340,9557.426344,5200.233449,
15702.104440,31233.720740,11130.605827,10157.346026,4658.342064,5792.176293,10077.452885,4664.686806,
10988.873358,11295.127136,21262.939554,19045.046494,8355.011995,12067.391087,2248.509583,2554.659543,
32190.226693,33694.088708,24220.344381,15342.313823,3144.493401,9692.012529,7845.162765,6791.562678,
12797.857781,14765.559357,25371.167916,11840.154779,12061.452704,1823.304615,8416.389654,7915.395365,
27308.551122,50880.311885,9272.541892,13100.803903,429.674451,6201.292870,9833.697876,6642.019995,
9648.772175,15560.426560,28772.556008,21362.243954,14127.050710,14586.472866,6180.448416,1553.543920,
25738.844082,43076.224847,11137.590374,13175.219471,7754.047122,16969.025442,12866.100117,7740.977861,
11910.352278,25776.116597,25005.189245,5373.184911,9882.544001,15028.422597,7505.456198,7325.772115,
24434.972342,59258.759012,8597.160698,4602.563364,19558.233583,6745.588886,28003.785446,10527.039140,
25442.626638,30211.069488,15692.729398,9974.788842,18715.759039,12647.922149,25556.396031,7984.151017,
30720.693145,35995.086116,17670.628565,7809.677460,7583.972755,18641.656141,8740.005126,6290.032283,
15294.813026,37519.877399,30996.359030,13585.719921,16473.036781,299.151787,6659.164076,14726.603437,
32829.875832,34617.850554,27851.143181,8625.974943,8288.914708,22571.600128,4324.005816,8175.256069,
22486.088522,13643.188335,37400.594866,11949.858413,11806.730259,26822.586424,10613.694472,3606.042288,
23041.433259,28566.371886,19520.323265,9530.481109,12315.370570,20936.854141,9510.800289,7927.864951,
7448.994891,21454.081063,25572.973953,17372.332496,2703.965217,22875.750554,6084.754374,10020.831529,
28867.662909,23006.217799,11845.980330,8889.587151,4745.399226,13528.792903,10266.827788,9591.008166,
6410.398252,16629.102085,20104.952532,11147.040402,12964.426759,7739.545425,21873.540100,7314.470984,
21530.019176,34387.552208,22819.148442,4609.403585,11740.845027,13054.336847,12890.885927,6034.474926,
5848.698156,20310.926519,18418.057026,4559.216514,13364.369897,3147.149708,8816.657042,11665.185262,
14234.938485,24810.028621,6009.827560,7829.680298,12771.810567,13612.920988,14882.907450,11771.045872,
11592.588652,9195.114275,15576.316640,20608.795357,7695.886271,7137.385277,12272.360830,2342.131441,
28708.063671,13468.876335,18581.561070,16707.716577,5536.563190,7099.401471,12423.348099,12892.284295,
15523.426605,19339.472720,16180.229616,16240.208968,14607.925826,6573.157580,14791.801628,9803.549398,
35818.919232,25046.131028,14746.335475,7089.486358,8599.682594,4088.975325,5989.378945,1871.673985,
11755.311519,7484.516285,20483.192761,9981.773166,13954.825076,7940.178333,11729.073446,7227.857749,
34067.689649,14664.653902,20030.566493,7458.316368,15959.474768,14882.307712,7479.791809,10619.724761,
20728.711065,24430.231071,35014.363716,8547.885434,9803.702596,9621.421061,6659.246737,9976.297629,
20837.488312,43227.619428,24418.019909,14172.791930,11516.519642,9086.730833,3907.153669,2416.845673,
11407.949449,25206.086978,24680.708979,11422.799114,13932.949281,12843.298048,20133.636053,5505.772873,
32166.891349,41612.427555,17792.366775,3552.063613,15221.185301,7505.193301,22135.844709,8561.627517,
11191.195479,28763.346604,17929.166642,7152.301556,8930.626097,1087.870875,5086.500561,6665.368395,
31818.298431,41059.863145,11450.912658,4951.522969,25706.486868,5512.849375,22485.964219,2019.333630,
12355.702320,22245.837724,10551.274801,8765.650153,10231.296120,2730.327837,13615.877324,7187.369979,
18213.287202,42069.508078,21153.145675,9213.451024,18964.705985,9450.970715,5138.834986,7764.517673,
5116.388815,16649.873011,21065.228510,13641.440779,26198.190441,9673.702382,2460.161776,5464.302965,
28412.182145,50397.009124,22816.220671,9777.868882,8529.055450,12828.858286,7097.381870,9514.919940,
18072.110290,21118.530534,22643.256547,7896.436693,9173.450012,13107.937441,9802.847736,3860.260807,
13147.958306,27785.674408,17545.123756,18946.467032,4803.848400,19647.557391,10908.345405,4829.211343,
8295.386678,16708.397185,18809.497020,12086.773168,10126.516152,24400.796174,1476.363944,3121.068405,
26209.821484,35301.091924,12998.068054,4351.434863,11895.180389,14578.914006,8484.568470,2779.914735,
6189.116486,23543.017739,16378.640779,4808.061243,6630.545997,11290.209611,8745.399815,2773.741859,
19415.140312,37335.325692,8720.522812,9227.330664,16010.806415,8135.971185,7556.604066,14077.004280,
14085.189215,20251.047617,26378.884637,12442.792513,5519.845133,5631.336544,7149.528478,14981.746309,
32140.483920,8342.978117,17937.044218,4082.906023,11873.073160,6571.699331,9813.687715,4614.562681,
15515.208293,8802.101462,13227.887685,16858.738425,10397.124359,17821.352609,5091.366339,9978.405217,
20291.283721,26593.972263,16606.173065,10370.515284,4277.026209,24258.486854,8747.655134,6514.509201,
11111.875389,6057.165889,21086.163681,4373.868573,3019.516985,18084.213678,9574.365214,5275.267083,
28692.526696,19166.567877,18334.050335,5173.216768,8719.340721,17247.185666,19891.253761,3857.917420,
21341.962431,18987.859085,15876.645178,9194.885503,11396.022583,18424.359360,13471.437496,4780.999553,
25920.560281,37358.189576,24198.902493,2206.443594,8615.814494,15726.244806,3041.410386,5169.589694,
15475.871400,10586.357786,19300.743411,12022.246275,10745.585102,5900.407975,10861.886888,7551.612536,
21904.639615,17629.647172,17068.973028,16591.929988,8924.795544,15408.883294,13117.632791,7622.719592,
5748.353094,7304.244523,32858.587233,18573.579705,3043.099716,3822.617315,2952.171326,8724.770117,
21187.869171,20811.931442,8095.169182,15287.627541,10220.824247,16417.385103,16193.498310,12243.750832,
12714.392935,17214.376259,15483.347379,4853.423436,13207.226788,17143.807726,16339.283804,4784.555949,
23215.137064,37874.666985,23919.561523,10804.641450,2722.747463,12377.078277,8750.694858,9691.844403,
18769.863536,13034.528561,37109.843607,15478.043215,9366.597425,14403.498569,5238.086996,8615.144655,
9630.942309,40609.648330,13945.298860,9393.156235,8692.428753,12034.706207,2944.521642,7937.265035,
14484.682379,12572.739896,16856.721211,6762.244083,16093.424635,14348.286994,8957.289974,16753.764276,
27479.846423,39891.741798,23441.264101,8439.657020,19089.167703,8250.608838,15446.772370,10361.307137,
12215.659151,19323.943084,23866.632878,5403.830925,11522.273216,12669.154755,12472.307940,5327.206439,
27811.741176,22513.722769,17348.550803,10314.465537,5658.011007,6185.422261,3615.871548,7888.485704,
13367.231898,26079.897626,22122.100358,12834.091238,12358.674968,1719.485586,7998.680076,7258.858865,
12088.971808,44320.885321,752.462756,6944.199263,6448.781834,4975.249947,3069.515437,4658.439114,
19314.611985,13844.028350,17666.280643,3343.704308,5412.781290,7552.087207,6555.476018,3170.565204,
27912.693997,20559.299707,16602.720666,3453.518736,6674.792805,4320.159054,8322.984189,1411.882087,
8363.679498,20450.796125,26213.748974,3566.991537,3047.276381,16831.453240,3904.067719,1936.092787,
21057.573937,36488.984454,17730.104683,3997.411331,8148.867722,14291.735440,1156.951968,1646.045102,
16363.488218,12681.567929,29981.041572,8933.533801,6937.088885,1186.722167,10244.019143,6183.272503,
32251.275686,36084.005847,22564.527722,2924.259822,8001.013856,11664.037929,14257.452017,10343.816557,
18316.074301,8673.220447,22198.417480,6729.463086,13230.046925,11268.488364,673.923145,11515.797662,
20734.446716,31529.279795,6919.270545,7226.288589,7737.581101,5317.327957,15254.850459,6031.332856,
24386.632408,21993.439143,23448.575624,2902.602677,10101.882825,4817.277656,15979.475127,1183.421653,
26667.916572,30506.489972,3915.649761,7433.769165,8511.902830,8877.084178,12754.117833,3796.159485,
4661.656851,19878.314571,25626.269706,12953.276127,15966.377945,9473.996160,9610.421751,8573.130657,
24191.607863,19275.757044,7968.300083,9102.592633,4474.223817,10188.257333,1524.736877,6235.848361,
3206.190831,6054.609892,25928.986071,9613.856939,12584.299106,14093.575862,7950.236948,3247.678686,
18196.322959,16326.429793,23136.007627,11234.440679,6038.246783,10660.030153,5119.010113,4357.756637,
6795.391759,25671.228333,10362.616289,7784.029677,13828.975568,1400.517141,6084.814103,2278.027454,
20301.862755,32669.904160,8160.390512,6465.811179,8753.110691,2593.529422,1274.033871,4452.098593,
8213.329620,16191.288501,16087.828590,3513.335444,5353.182839,6656.973392,9363.523686,10204.054586,
23859.301779,33453.446977,16836.748401,8120.858311,7837.795627,12198.908579,11737.902584,5784.209189,
20618.029938,9707.959957,19649.253041,3005.578887,13364.096078,6719.076950,3305.795434,3634.272149,
30787.863566,35155.924781,24479.747205,6546.066490,7890.478993,7724.423934,4209.667293,6712.186807,
14760.876699,11622.988083,30611.077749,3344.902127,4828.369209,12303.740544,1972.628914,9230.320603,
27245.914339,41200.454334,18527.184615,14419.667578,7362.823505,4765.059733,9151.276900,7390.553555,
21593.112214,12157.169176,16348.854889,16848.271549,8079.648955,4812.690496,11920.324621,6292.420427,
26149.130982,46558.941842,5967.744013,10424.080860,4747.992685,7324.215507,3227.749105,7341.068698,
8049.653141,15840.870621,21544.997461,19704.170063,17390.102994,5804.951603,10352.020357,4857.345824,
33347.292062,28208.898917,20938.633878,14421.105973,12166.905661,8686.851643,12459.793329,11759.499522,
12410.613260,23999.586620,17193.253324,7688.793691,8561.535972,14103.581064,4831.651641,4820.491374,
21501.762346,45906.208663,10679.162261,8287.908345,15095.546322,8994.388049,4681.239958,7195.484095,
4521.727452,21910.796449,26501.212210,4340.312383,349.025979,4781.636060,8582.771424,10567.192946,
22792.573322,22038.356496,23700.176437,9055.724894,14212.765739,12411.938136,6963.804940,6798.398399,
5880.272050,4329.301077,13533.039588,4814.925939,12739.075427,9279.078542,4708.944376,5156.457857,
10826.075517,36488.350235,7760.195209,4562.087425,9297.408508,7026.136387,10376.126667,4460.474970,
16398.333211,14368.397135,17697.356023,1744.861429,6319.202247,13810.195853,3556.862772,3061.009177,
32114.499094,21402.981622,19056.773209,10751.690504,14914.329484,14845.503499,2497.613276,8329.573791,
3981.631740,11175.342957,27274.673233,10183.670233,25179.262479,11518.023622,8210.224463,4718.321226,
24990.395796,23253.050312,1273.182324,7243.980089,13767.845370,14589.763420,9250.086784,5915.566817,
18259.225578,4415.182404,30926.062606,12441.456229,4290.008555,9009.918267,6558.731578,10701.633876,
35104.948679,15862.004801,33336.224121,1821.207669,5518.778898,1390.406441,12167.020655,11974.638822,
15425.360216,6817.056931,28902.345008,11253.726533,8713.275947,5246.121827,6922.575385,19057.669461,
18344.181096,27736.374633,10089.669973,3853.169578,9484.049398,6810.610468,9907.398469,21785.173782,
11713.633379,11861.804001,15273.281219,6513.624650,11258.794093,6740.066341,13893.244875,16839.907333,
30142.979209,8886.837356,18036.645572,4579.358661,16073.727318,8406.450064,13917.670119,7851.158532,
16110.264783,25876.416307,23117.846719,7575.411241,4416.507576,8088.247160,4383.465017,1848.813187,
23005.293783,42504.001953,9152.707511,2394.789481,9338.413682,11750.452877,9436.164592,4611.952140,
2935.279833,21605.911569,10054.813238,5085.873091,5777.420738,9532.731596,7061.636768,2013.614078,
20520.636616,22847.488351,11425.448196,9050.013606,10057.351912,3411.143209,18681.107276,6832.112504,
13895.893210,15758.029818,27134.665700,6744.817983,14851.989167,4253.696625,16600.257370,7692.459158,
29581.812193,36686.173502,17059.250428,5263.782385,2314.914760,12225.723322,6002.196001,6489.237556,
6853.683166,23836.002905,23990.369594,7892.794273,15419.953308,12717.723966,2202.796287,9409.109350,
38504.426563,37249.592616,29072.900296,2418.965213,8724.647023,3428.985313,6525.718255,5815.442105,
14467.756155,16268.983001,21839.921444,7333.596873,11372.187107,10513.358077,7684.439489,2477.302299,
20306.718952,45790.932582,1457.523638,6073.621706,18449.738518,8833.990300,11881.026087,4341.396441,
4292.037312,12672.703133,15075.034509,12624.820367,11221.202566,4765.355542,5294.680483,4620.908531,
17064.795124,33362.842775,14609.407018,7186.257784,6820.303122,11457.984714,7899.951015,3988.290425,
11334.221941,8051.274472,25528.557233,8349.400006,7239.962461,15823.609778,11528.040213,1338.935868,
25366.158764,50439.664593,20024.982874,7621.054567,18681.904528,13739.723863,13989.941692,5575.204120,
13010.837751,20039.637479,14527.079276,2610.941818,10115.196310,10368.691587,7743.012329,5211.749404,
30775.151448,33223.098076,13430.916223,7964.877762,13641.099619,9955.377287,7467.651516,902.763007,
8533.258687,16769.204884,29868.127921,7647.367743,17157.717955,9517.212389,8387.842730,3706.429892,
28819.387580,21655.976595,26933.800662,10028.101741,1561.384730,7634.012689,1653.038618,5480.514791,
11233.524802,9223.396072,16586.875830,7881.344479,16470.339983,8661.102239,8704.697759,4592.874278,
29015.251614,15924.902507,11079.448591,11088.964127,12093.040403,8587.055525,10691.236219,2704.171068,
12394.814189,11586.615281,24589.788526,17012.445174,10964.714648,3855.787563,3623.173492,3297.791596,
21305.067831,23978.592842,7090.900055,2259.297094,17872.211061,5023.797370,19669.620170,2415.670599,
6498.708567,6343.209909,16813.293408,9391.220844,11159.954595,6143.132561,18202.271212,3019.301565,
23193.283391,10835.696699,17637.309492,17454.101325,12982.532755,2089.077648,2396.988328,4583.081791,
3266.285103,25238.872289,25878.462957,21179.263096,12210.228608,12337.742159,9171.851156,5527.888135,
17262.607683,40884.281557,6652.492318,3079.846758,6750.261411,20503.360775,8574.776629,2617.045717,
7605.401021,25163.751316,25658.399717,11984.182374,2495.328536,20032.964108,2628.115314,1620.702173,
31224.638067,30046.310893,18748.515351,3361.290491,11460.738136,14219.086155,7574.529761,1960.984942,
12299.330189,22518.464515,11933.287785,12636.492551,11732.509295,11601.236818,9938.922419,1748.041063,
24891.934821,47157.524309,14933.399299,6119.733297,4180.582588,7424.605109,4036.500362,4423.223585,
16652.687241,18592.885800,28558.083445,9065.951379,11492.538943,6930.351521,5767.535889,3795.712225,

82676.000000,1884021.000000,1053216.000000,2864014.000000,1226587.000000,3576110.000000,2367971.000000,1519709.000000,
2522537.185479,3605113.461349,3060572.877591,2177382.189103,978929.616425,2376534.643335,1697686.599558,1050629.658229,
2107520.343395,1732181.882070,2352629.990390,493816.004167,624689.819467,908674.887856,597054.621329,201501.179940,
1380568.361603,2521040.810344,2157307.365109,1057231.426489,494614.930790,1165111.043257,368039.918048,208187.577858,
2083784.039756,1758489.102679,2383104.220254,595849.017722,883110.569546,853807.723991,223752.698385,249471.418731,
605395.613638,2666017.989586,1088795.638745,1197087.421850,2174299.822668,2808176.226104,1304268.296772,328879.936047,
2487027.203024,4387603.236901,4302671.946648,2220875.263625,2682862.384423,4113247.225559,2551059.974818,534688.120887,
3738890.523834,4702681.194506,4029020.628594,1563160.612713,1852677.886113,3924300.129163,2596867.585695,730938.707717,
2161107.119586,4020392.766479,1587242.604713,370511.282798,1528339.761261,2441299.065595,1162726.226307,507629.153163,
488734.770273,1800509.970338,644052.530028,220076.689151,1852475.377767,916181.353620,592971.556963,187110.986376,
967187.471002,1761554.264221,125300.933766,432694.879186,1310130.457327,726893.919449,812002.939850,108653.580693,
718833.405954,168005.146655,648458.772108,327676.319747,499643.605156,475071.573379,328490.616600,100117.195823,
1077015.533249,1697521.272499,428736.656721,81716.971840,406610.400199,264101.663383,391770.579413,195324.341693,
188435.294135,982463.457119,642454.039262,134521.778461,527149.654534,370148.271709,471715.889954,137094.019315,
410511.480077,988577.408519,678326.467127,24901.838580,427082.652366,279295.215078,399994.036991,55488.347280,
347015.647851,404798.454030,237858.170211,99161.075832,214363.259344,207348.085718,74596.043702,37074.654886,
462766.920789,873149.823822,359614.112021,165370.098123,132190.351221,160426.540405,335461.033245,41154.012324,
106481.538365,438334.401684,286964.946460,80619.448947,211991.533339,94372.504534,139036.410266,49991.392991,
431579.601418,586374.468579,292368.101234,159420.710040,146388.354365,197875.636654,215281.012448,73386.501648,
42242.621213,286494.708589,401288.012481,174979.217837,340371.049471,159344.084199,217421.679598,59473.313193,
206267.226953,461436.856808,84855.521233,45873.915397,136922.312265,61276.307581,133951.642739,18046.394277,
127586.450674,192345.759062,316940.233358,78273.107331,103547.593631,20245.663749,81851.645929,54511.344472,
253318.209544,404455.937798,295222.550370,126195.932503,39933.146365,67618.148303,69484.824944,60399.349912,
163470.082389,160081.848262,393455.440882,99847.965406,137655.436478,62700.373636,89359.435052,30324.538302,
300363.785711,319330.236544,245399.398344,81770.330078,106273.013203,25093.523458,103231.870327,3061.771238,
165379.497752,192724.023730,292952.623675,91566.658689,161219.682421,7712.488226,76788.664217,16967.017337,
328014.461662,233475.424900,157306.814467,72829.781763,77373.417437,40057.766249,51532.043809,5132.230799,
213414.488026,78182.207202,313439.036613,92831.241542,140353.873593,44709.207598,106440.442462,14516.868765,
387178.840585,182961.164812,119780.018110,27089.731073,154830.309296,25337.961783,45334.614351,5237.784282,
219428.678873,109677.882062,265287.670657,71067.972701,69547.683925,22228.560809,91117.166349,32092.278967,
324365.062341,271665.144537,195706.282829,45786.592788,72822.632877,42675.050308,85771.717749,23721.023545,
140447.253012,56882.640181,229841.303296,61470.521923,88689.279265,44151.462127,75322.911603,6841.576389,
313107.295062,262283.841409,140858.545936,61764.086434,99506.495119,6925.490088,62386.634413,10439.532921,
111026.341936,65434.012119,204997.580727,88435.116244,68183.594995,42058.176573,32194.650266,13214.821321,
268428.578459,258159.804830,107922.769557,22392.323370,40921.862697,13116.604886,36914.718871,18311.359659,
119017.081750,105919.150836,176385.006875,57361.622094,91614.761498,36468.003120,37450.796338,12173.030244,
203593.224369,326639.360827,131674.117705,56269.317243,48186.840834,29226.819028,55038.520804,14290.217011,
61888.730579,89510.315323,163883.912965,66110.903294,104944.442587,35652.979309,31132.851631,5176.324722,
190405.042461,297408.419305,68954.545199,32188.592009,57977.528434,24023.560984,52016.532132,7750.677099,
56911.241590,148261.795335,113427.428907,47339.477987,69547.593197,15726.150793,50314.535743,5103.579176,
172558.432339,305140.797318,108873.947305,43034.404138,65128.752045,17272.996516,30553.456315,9898.385738,
3556.891881,99394.359236,144264.020918,61273.275870,64917.421953,22321.356231,49636.485081,3519.997713,
139912.051612,301623.592298,97777.355839,49403.519065,49292.133514,24648.975188,49384.437014,12140.900068,
46000.325863,113688.767578,145491.653830,53560.094459,54051.322608,4926.791319,32174.589056,7190.909944,
155636.584730,272297.688827,94698.445906,40482.855859,61216.695833,16899.417814,41116.673987,5020.081729,
50629.441065,78409.568238,153875.536520,50591.447910,74572.757291,12887.375810,31585.139876,7828.000485,
154512.492677,276840.592452,91539.105120,41524.382836,64842.889207,5463.542459,35896.999694,7000.943905,
83723.309568,112981.405572,144225.164905,47588.915128,41591.425133,26333.989105,20644.590828,5331.100632,
161558.549242,216187.801469,113851.280416,33746.409887,38955.316961,20850.629706,30208.788332,3613.899996,
109885.774229,82750.207953,153906.752272,50572.826521,46660.830997,7932.396467,23457.953841,7555.598494,
179737.592303,200136.520544,105531.910311,34104.391544,52231.112862,18215.271439,36135.771588,9316.341149,
88068.944482,85345.645452,144904.866590,49313.627988,46947.955073,19402.215547,18774.259290,2030.979473,
184991.766033,155758.851297,110137.457579,32922.200546,53058.916707,15548.363579,10808.946827,7380.687820,
88258.204702,55707.741467,131591.503195,45424.372849,57278.016575,15056.873732,29035.466140,8495.756223,
166555.732680,134135.838610,76202.592534,28048.374590,41756.889535,22657.022684,29574.305390,8226.577216,
90923.590055,50266.725486,116527.771661,42970.690100,40760.051413,7643.337114,18761.712984,2908.583523,
171895.215060,100851.521114,66673.003073,31496.477462,37309.652800,10872.316766,27390.307503,4937.941486,
61440.417840,37176.685200,106730.068565,47173.689273,50206.615810,7931.530021,21217.141967,1325.450106,
144236.118126,103794.823648,62071.448252,35375.931065,53356.317343,10188.202334,31554.521406,6681.448144,
40250.329486,23561.146918,94743.511093,42856.693590,35410.178459,11644.681615,22147.883887,6019.950542,
120819.715577,101329.207747,56512.483931,32915.290628,45630.403451,16005.727634,27992.189050,2148.576462,
32389.351028,46878.029939,101695.071693,43266.698679,32812.901746,4725.818257,14639.196346,3245.796351,
102205.302902,136331.345388,50192.888949,25410.997813,37863.732656,17526.468970,24740.186769,1824.998783,
13097.492369,37551.817653,85963.493730,40315.435451,39190.639104,10340.113917,14306.863652,3140.714559,
86602.932563,140983.849619,72268.305577,26223.222466,35295.550440,16028.768724,28598.043556,3077.960198,
32104.581364,57251.730285,99344.817592,45685.291242,39802.726897,3374.246518,21884.183029,1909.715772,
97489.913407,156085.320866,66517.965164,30355.430899,43107.228037,14476.578339,31058.702758,3395.038669,
40369.533727,71284.031469,100274.061447,38085.811916,37771.599099,9048.067433,27351.898483,369.285090,
109895.010794,192669.748719,66016.377164,21605.698007,33980.834377,8462.183021,27393.504238,2739.151629,
54195.331682,68823.582203,113095.084766,40924.482698,39783.768729,8458.772734,17611.706717,3167.394863,
117477.598922,170946.752901,69468.721870,26657.778858,39856.882519,4268.230672,23149.490389,2827.009252,
62139.867225,70895.779049,118442.207422,35311.636703,32916.303342,14762.857793,20375.259338,2273.594423,
133267.190967,182877.480139,83261.682861,25033.484216,40504.861108,11697.919049,23824.334318,2040.757190,
69145.769183,68285.712617,103465.900273,42226.209547,32711.498711,6827.172921,8794.462800,692.757215,
135175.104311,170476.495939,62679.411109,19780.323498,40819.349085,14874.204308,21134.972865,1035.223993,
71575.317868,70241.380518,86978.305066,36409.166741,31498.829110,2217.720537,19788.641522,3707.544724,
127271.633018,164247.076055,53701.802736,22123.595187,32805.176302,18559.240168,20764.238460,3615.894847,
60292.701864,68273.710598,88008.120543,36134.455247,28019.888873,11814.547628,16814.635970,4903.249990,
119122.730273,137069.740701,41822.626071,29577.368800,37269.842310,5628.348794,20723.050519,4618.411144,
45215.069862,49378.960482,69219.440194,41297.830534,27316.906970,3259.859862,12298.865978,2670.576520,
103529.467495,121596.889353,49855.992439,17918.234577,36065.796341,12320.327651,27039.417716,6748.840369,
30619.896296,60994.760468,69045.523833,34610.845632,32843.420199,5496.631334,18329.247437,4007.562540,
85561.235649,82721.518716,25571.823797,24924.930606,30272.685021,12629.826833,18885.765441,7852.734703,
17475.914200,31067.322496,64393.282804,31246.358879,29327.016747,15441.963096,19308.514224,5052.361598,
66155.638335,80635.910063,42214.719523,16884.035813,29151.871009,4788.425686,19526.380730,2849.828618,
12052.260168,43758.059015,75083.930225,30135.122154,24707.443443,3378.266532,18433.584391,3337.395352,
66633.223250,64049.076272,58319.639120,20454.991742,35066.674074,6009.566339,23806.926693,2321.910043,
22666.602267,25845.283261,83495.857202,28909.653883,24671.959873,9387.487997,10466.558472,2381.358324,
80559.693587,69667.227222,61282.178192,21999.911503,27570.812429,8734.460852,21701.446216,3327.376808,
34147.025988,22362.308683,93805.423986,29159.003687,24716.033226,5554.054030,12907.442525,4395.380852,
88626.347677,77084.005846,59873.472834,21983.147036,32978.139288,1842.616683,19341.298756,6496.551327,
46826.649091,34518.008527,88516.409527,24114.998967,28446.217879,5252.209442,13836.752526,3961.463324,
104070.931563,100830.616067,60184.346611,17823.678427,25771.050750,8646.046233,17783.061809,2317.137538,
50202.394291,39097.416692,80131.095770,27797.575593,24993.706925,9111.840937,11876.576494,2102.980584,
107323.688080,109125.358639,56754.576361,25479.000207,30701.361958,5758.781795,16692.853829,4180.501455,
55728.878676,52614.084619,74349.342232,26542.586720,23575.274497,5601.169759,18805.068507,2802.563400,
97738.704247,125056.373791,42181.058810,21349.455028,27102.284009,13435.146132,20977.024393,4381.974571,
55034.106423,36958.879371,60056.169828,28231.056556,23904.219914,4699.112475,12726.489039,6409.634237,
102362.456905,123194.788042,34359.144178,13485.480313,31648.937432,7292.410435,15422.882553,1917.505094,
45660.801079,59406.797517,49365.930644,23811.148574,25404.082931,2105.542167,14997.794396,4882.647862,
89127.849956,133220.279222,33529.014939,17836.822198,25195.254425,16800.369665,14653.135179,2921.945406,
30692.995783,49447.767402,57997.060139,30126.982551,29373.326360,17442.693854,13503.205622,477.624452,
75143.780498,134711.255853,32665.896159,20101.411472,30811.106241,7736.823360,22939.462757,2829.985287,
23548.023338,55081.082859,48247.511588,31058.218063,24471.014958,8483.785002,14550.118726,5378.462965,
59237.730669,125097.263901,39048.586379,18021.996680,28262.171195,7349.777447,17895.938202,4562.392145,
5471.908577,71448.773840,60698.965643,22476.378680,24213.339890,17023.364303,14487.040312,4541.762912,
58366.402425,105421.437868,46142.949995,18370.058662,21792.715703,10690.130561,11958.753380,8325.991689,
11192.536778,37517.900371,58160.662342,27741.043096,29534.238764,5813.683673,19347.028765,4263.267863,
51414.120024,88239.979484,57785.090286,19887.379292,24292.041027,8456.658344,20454.936215,6034.821676,
20511.309824,37143.178579,83306.186722,25173.079215,20779.530692,8691.674750,14412.656500,9951.610830,
58493.764731,78580.914490,47428.217778,13260.054038,17834.801624,20480.507324,10358.205251,6234.207104,
39940.865328,27645.881688,73646.556270,23051.971702,34668.333002,11242.482947,14923.267436,7013.394367,
81757.527194,72007.405059,49301.800257,10610.045020,24565.238324,17553.190692,22926.999196,5403.364300,
34381.340999,35515.927724,55363.561152,20891.316613,17862.437296,9414.561553,17146.700719,2039.370736,
95195.479345,50450.837566,52079.811898,8711.443686,24106.477339,11754.448628,7621.506900,2159.254296,
45066.769849,32070.421572,63005.238084,20791.190580,25306.107727,14023.437983,7872.126791,1644.712051,
82538.787256,43283.824340,35327.866301,21775.938365,19912.491240,16575.317706,11979.246237,3631.992193,
48589.512807,23234.711803,59290.579531,22219.099358,23665.214850,17550.973331,13834.746040,1170.047234,
90825.007261,51257.609660,29544.190382,12531.940576,28020.729401,2819.801903,10905.742748,3997.025066,
38662.163670,21798.262002,40308.631274,22342.225872,23637.631104,8497.146728,13185.020512,7494.008495,
83675.708129,63729.366123,25387.016421,18071.831550,12921.539993,4785.991604,16271.494261,10334.286728,
39469.362379,29093.158705,43087.897558,19512.598634,27602.050021,10400.781992,13732.278954,8805.437321,
73273.353901,76707.092436,27260.984913,13829.602909,27532.458208,5021.528778,12433.155566,4097.180439,
28622.033111,43199.868772,55629.909137,29116.382171,19427.340658,13544.041537,11489.258037,1632.737040,
53048.455675,92796.358241,21266.427717,19383.457583,18261.241277,5579.736204,12031.972109,6193.154117,
14673.694378,48675.514420,52424.142742,11506.820685,30417.343706,4946.804888,7290.047272,8679.058314,
45960.051995,96025.612089,35413.944565,16476.733553,22917.525389,11237.106080,12904.103223,2979.992578,
1636.008188,51110.905725,56026.593728,15076.181512,14081.782820,14438.297260,16965.917320,2692.062262,
45347.697462,94101.562332,45054.117881,10720.771763,21315.639040,11493.491376,12831.988553,3949.920034,
8865.007390,47115.680805,65359.170073,14070.050033,27028.271128,9375.666061,9788.699341,5448.690024,
52349.370701,117901.060646,49360.992706,17280.781230,21982.989075,14165.125921,16108.181722,2994.706932,
31020.740855,40762.443234,69318.632904,23655.563813,14757.350606,13966.688843,10400.562584,2593.676010,
63867.891713,105714.284388,40021.480896,13620.289359,22591.711051,2548.341114,15694.502410,8618.571262,
26891.997415,61263.367709,54434.082560,18937.130606,19307.354438,9723.550707,12937.210833,9387.952289,
69358.990672,92745.638699,37532.298204,10008.075886,16846.829511,1863.129482,8172.215646,3773.342285,
39000.341678,37506.228931,58321.238518,20393.923524,18528.890352,11952.694487,11631.838459,7637.988023,
74580.571337,91517.293113,32665.298845,5024.939792,16266.819362,3482.542845,20181.129268,6706.480064,
35951.916370,42276.818437,41882.485619,19426.846955,18702.842929,15576.762914,7471.925687,2505.961448,
73709.104335,66261.029228,19786.468136,5976.574707,17483.005967,13307.684126,15395.617884,2985.202528,
43297.234245,38248.909386,32818.581647,12669.649890,26314.898610,2574.621649,15673.042170,8172.514824,
73255.952130,56606.273489,20648.462910,14216.649219,14961.639049,9314.210166,5542.194812,4184.186535,
35209.816127,43587.841268,41607.819791,17223.205603,17301.887583,2331.615267,8961.634029,6654.765391,
75429.709644,21392.456521,18939.355312,6377.660981,15492.542425,6168.025429,17299.332877,9480.040490,
32366.089264,23674.143132,49495.385350,15664.807919,16074.723047,6929.289731,9849.094557,2059.788416,
52756.526414,27740.428506,36583.027051,11866.674837,12339.812801,15937.576007,9265.530298,5208.856278,
20510.697621,18021.543147,42181.651158,19704.970268,22502.674629,11817.152846,8565.971901,1657.720763,
41034.274298,34258.099092,37295.265735,7632.095693,14369.815585,6621.167573,13252.744364,5460.589360,
5419.281355,25384.837655,54131.679665,17358.283652,21411.102426,12214.383878,11324.923003,6025.161174,
38365.876488,49231.330879,33932.800260,3023.789351,18292.726490,4477.469621,20104.529152,6954.946164,
2347.430803,37638.451749,48930.897079,13870.321034,19682.493592,16798.004391,10032.660679,5679.109029,
38535.657440,72505.166928,37019.846064,9149.616663,17252.773089,12762.645100,13006.120170,5112.688519,
10819.913179,44163.600178,56559.256299,13654.948447,21212.591886,8191.222611,14866.710105,5570.111128,
43375.287469,77730.424087,29059.769417,2561.838921,10376.251049,4793.750754,6784.660481,1594.736775,
26218.262352,33034.742999,53559.861179,15103.608671,24463.446927,6742.506892,6564.722648,5125.216028,
61857.918179,79429.851338,25772.424635,1967.567704,17560.449036,3126.144580,11555.519149,5983.064122,
33956.345874,54154.648156,48376.676464,13807.520687,10918.577836,4761.435468,16005.825954,2974.588220,
68321.673369,85422.174524,21490.423502,11601.897613,14186.629017,4752.983585,7401.553348,5202.773963,
40833.207838,33907.797031,47443.936877,17395.124605,21148.760861,1942.643550,7427.011029,2671.574458,
80567.468611,86969.888355,33696.117114,16506.947994,18564.095068,6454.389359,9479.998991,6224.433935,
42667.498244,41642.755781,39693.151884,14956.392934,23212.813440,12415.720409,7423.549649,8010.288083,
64120.881864,101486.778412,9455.808877,4791.464161,16556.405499,9961.339701,15959.810513,4540.080139,
29119.659462,54173.083396,37576.409309,12137.729895,17930.140528,4859.473177,16814.481773,4365.485629,
64753.229721,87291.841655,31610.556510,5147.290200,15652.936826,5881.516863,9896.995283,1683.054613,
34712.003097,34254.743919,24593.846582,11763.377612,18788.967114,8004.693859,14275.873820,7354.927970,
45591.627815,82699.136863,23292.997519,3627.269045,12745.294362,11502.516536,7901.903583,7983.618085,
19525.503404,50096.136771,33906.804619,11250.359488,15548.092008,9398.363338,8599.846524,5638.864975,
37904.761872,58628.454564,34283.953476,11648.348459,20009.813265,6458.774260,16352.592794,2511.020165,
11665.141530,45583.245922,58212.787902,18636.581537,19507.247567,14190.211151,5940.339782,4476.693273,
28643.823750,25914.472868,30750.398919,13778.406811,15249.938494,5659.953039,9479.721693,8279.261952,
6947.118723,26070.444025,45955.541957,17135.273526,11562.679086,11042.971289,5887.202997,4531.295286,
42317.857939,15894.068331,39729.135559,16038.456896,19735.818181,16910.456205,9453.359350,4846.228482,
10929.836363,30106.302216,59092.072452,12870.178542,24376.092824,20827.852414,11113.908990,9496.326053,
33644.904587,45330.484916,31678.077355,3152.631768,10973.027490,20080.831029,3868.366749,7084.741717,
23378.689054,3838.719424,35277.128569,7738.441716,17854.658738,10787.341213,9350.148115,4689.964044,
39929.371393,32926.626372,39275.406459,19312.334420,22060.235204,13492.527600,958.430733,4560.614412,
27357.977878,19899.637349,35602.163328,19596.940851,15789.603537,4725.943136,9583.434526,1202.140418,
58773.957200,57614.948363,22596.775978,5310.398601,13495.987982,15159.052675,13841.674326,6272.266096,
18078.978291,10503.061847,28867.185928,7553.714057,14930.080856,9415.245836,12697.122923,7379.149139,
63392.991026,28714.655399,17038.804534,5273.618874,4851.796737,10942.621792,11808.332700,3302.919527,
40191.611907,32799.257049,40490.067503,12489.578238,19575.279322,13597.215887,13364.551936,10712.023263,
57641.686097,50398.372155,16931.165512,4333.561462,14280.875195,15632.356649,7046.932254,6747.033464,
34219.071691,55825.016687,31268.497633,11601.039034,14809.229883,22133.670001,11639.887065,3628.604485,
59943.023706,72385.632834,24447.372561,15274.596506,20378.852190,4183.740915,8969.300037,6899.369675,
35809.747117,27382.154955,37861.298263,13978.765932,4904.699338,19192.609885,9294.333309,2263.918024,
60027.120241,72804.357140,32554.271803,2840.106250,23371.435542,18473.083312,17921.675327,2963.042055,
21672.532619,57037.446950,20375.623545,11409.868769,20711.782316,11871.797265,12511.506640,1733.725004,
37381.781807,105666.024665,28760.432229,18165.969720,5127.740041,12330.151086,8889.572555,9194.347207,
23177.860200,21839.402822,32009.435424,18519.803908,22760.730569,5533.890776,17547.105915,9335.760887,
33678.589676,80998.511326,31940.958344,14360.987642,24804.577383,3526.720536,7454.222653,2346.591329,
9902.780843,44040.169035,54887.717875,11001.021470,12861.199700,9267.933568,3750.462446,5764.115110,
18953.689808,87682.693872,24293.842167,6806.810330,15445.454481,12957.265530,4093.636366,4128.882480,
13157.178385,43339.563310,46520.568284,13534.444825,25233.940571,8920.247914,12525.997110,3448.111634,
33177.235025,59763.503182,30353.692656,8293.172146,8275.746126,6464.679522,6621.005907,8568.718886,
12438.832807,55805.321651,47173.319393,6907.267199,21470.693520,8341.367585,23270.626269,6780.344352,
37687.534582,36926.695764,29387.964863,9723.311146,16970.372283,14825.406873,18451.006835,5379.832763,
20789.695662,23105.884671,39833.653943,14641.373439,5082.415539,18442.702288,9152.152876,5257.567855,
49383.701076,22703.395832,24158.811587,10479.720518,11985.693638,9141.608778,21963.323187,7844.074084,
24681.833940,6927.412323,40168.785281,11784.547114,11412.167954,14248.540208,11100.973238,8594.688390,
53979.609745,29168.189075,8232.086675,5810.227373,4895.588225,18174.625220,10468.796299,2070.810758,
34081.624501,18911.595994,30881.326197,14486.054337,12241.502809,24031.224161,5670.537147,3506.091286,
58460.284882,26216.884687,19801.614828,7675.010536,6332.774929,18962.193316,6227.429975,1290.739649,
26896.723697,5705.456388,19727.791071,2317.369465,17622.174313,9046.652410,9018.056878,2451.969521,
53944.359133,23925.932767,13809.163322,9781.763081,20547.109408,3641.424678,9830.084166,2154.336647,
29321.100759,19975.508010,40876.202594,7646.986643,1584.528014,13873.956393,6596.648712,2182.109521,
54208.367859,31355.057639,28827.569178,10807.756223,12934.719520,21518.556840,4584.780361,1300.321110,
29120.134436,31032.300177,33805.169299,11546.258706,14112.669559,10972.096857,9268.232244,3850.984664,
32742.599874,53423.052153,20346.284970,9552.606123,18761.359503,11009.221056,3364.590778,11243.203939,
21100.501513,13130.220277,48793.226646,18283.751384,20700.851110,18363.748071,10128.465792,14949.300408,
43673.147327,45498.727771,34752.565737,15031.008874,16638.019901,19334.821344,10076.272288,11173.260862,
15903.058160,38051.820272,35416.741303,17184.965852,9262.656933,12392.933165,7648.943513,7391.261873,
19615.210642,74249.048968,16543.650956,5631.077478,21593.183085,5044.714257,12542.024479,3841.182320,
7961.577547,37382.425422,45129.034572,14660.752643,16097.339661,3590.992013,5387.612300,1880.190066,
38244.897413,66599.353557,35317.936905,9313.175597,12407.211671,8160.510187,14824.083214,6463.207655,
10225.251766,37013.876519,34866.874956,11472.501252,5553.867154,9789.494694,3180.841541,8812.006442,
19806.554768,65155.012842,20644.738619,3477.861693,21788.518631,9108.302313,13708.534331,3722.516749,
21323.218405,20974.807244,28215.244442,11629.970962,13619.981479,20925.637532,12513.800965,11612.438363,
40497.312121,69814.824177,29537.323080,10888.549209,10507.089020,14120.155440,10853.178202,9527.530045,
23907.927792,41236.819951,40941.150649,12706.164760,19067.326535,11597.454931,13680.684803,3345.179837,
46255.129214,70715.033884,14576.904544,3718.785205,11820.389252,24625.963389,8398.668084,7462.561796,
32772.449677,35536.756969,23168.770805,14729.109466,14931.172123,10475.642330,11871.065946,4330.127089,
58224.757823,38795.083353,14242.634466,5195.439845,9416.344042,13047.202879,10689.095746,421.085637,
33700.888758,13773.296160,18367.630989,9295.343860,14431.332109,14530.399797,4771.464432,3435.153032,
46451.336799,58482.072789,5271.618178,6220.498398,11442.521551,12580.884431,10302.343650,3892.925100,
26426.050241,34285.935157,33381.337407,7980.792943,13744.619084,11207.612025,1642.285138,2219.205520,
43507.062428,45330.704652,32600.235059,13205.083238,11361.903574,8465.316770,9224.049355,1670.651220,
28443.042410,33257.746140,37746.263471,8091.822439,9786.975626,13692.507108,3203.617376,1914.586850,
42030.583151,35511.247771,37999.651290,18548.857884,13441.923791,6674.741123,14456.339840,2674.862642,
18388.846773,37357.125257,38863.315485,16754.402745,1355.990999,5929.342488,11546.087777,6324.446356,
33145.366971,18678.693082,32128.198017,19379.444999,12122.944880,8196.001414,21781.819096,5942.432443,
13320.406471,14367.044643,38602.821904,18764.462601,12154.369882,3657.581816,12784.099500,5001.591232,
26919.499576,17653.304669,24188.968259,5332.824156,9860.007216,2952.459700,9493.272962,2977.331625,
8567.163422,20843.320706,36085.100536,11763.667447,23777.308225,9782.675134,14363.231623,3032.972543,
11526.258749,27091.840948,19648.805871,8900.921667,20723.687824,8493.383014,4361.955143,5235.368446,
15912.659757,27223.239128,23928.722827,7015.057198,3428.673273,5312.642701,1368.560754,6501.615818,
27461.048016,55453.004654,24227.292067,14432.466446,11271.575655,16278.532400,9538.214098,2924.379225,
16754.992783,33509.226977,29822.775336,22395.340247,10570.255529,10893.126636,15527.529977,3375.118743,
39705.299583,36177.440076,12467.762734,10010.996599,5936.508928,1036.973731,8260.285899,4213.098111,
16810.134484,30585.089928,19207.742363,9032.323777,12851.462806,1259.659694,5912.046952,2834.360952,
35675.537637,57002.234118,12700.709942,16469.152435,20163.666952,7574.543519,10547.051826,7574.137584,
25420.858174,36708.239357,33758.363398,17740.933530,10719.696782,8068.222732,9761.933579,5769.942130,
51589.469067,38081.260436,23822.014560,10963.514393,25683.222681,5085.538972,25382.040022,2481.454488,
25656.823889,47994.794969,28936.774420,11629.052961,20294.834159,20975.672397,17901.012483,1519.803750,
45604.719686,79847.506259,10606.917273,12551.655995,7732.036958,28751.068539,5448.299618,6244.015814,
30329.509561,21215.294779,29545.787668,19117.755383,24401.526395,20133.845932,14826.370420,11885.670421,
50949.985886,52058.272722,23557.203590,1882.743044,15050.400196,14541.206946,10255.717299,8826.699236,
25250.732856,41599.801097,33964.320778,11044.603666,4039.915694,17378.046175,5403.789059,6416.407328,
39935.959646,71990.924665,24178.581467,7232.613080,14545.127743,7943.309829,12719.258868,7729.829053,
25829.854031,19700.471519,29791.194912,12928.527965,12457.251361,4251.024852,14154.198650,7782.035123,
38249.127877,47718.344353,31454.353232,9262.213389,7658.345030,11469.267575,2954.781455,9371.743554,
15294.269150,28916.072009,20402.499616,20612.265994,20049.349280,14353.144659,4992.967498,8213.121776,
18454.507257,64839.071748,26262.052640,5871.218567,19893.998227,7903.997376,6021.672003,6261.594725,
12584.398164,32467.130724,46918.191841,11856.173341,12261.273839,6877.292634,6714.832301,5034.016055,
18314.029206,30007.946561,13770.563795,10942.578949,1280.146568,11610.597693,11127.581256,3952.613597,
10570.203662,26462.221583,30158.300324,11672.375910,16922.093665,17615.466394,13868.342906,4548.026083,
27666.835944,32204.834502,16215.192497,8546.633181,23227.700500,13140.275890,3856.006153,4602.088470,
8719.443092,23754.091129,23595.558179,19611.953792,10196.701868,9115.652972,6777.661107,5864.729727,
32442.135965,3605.293469,33101.097565,11543.156241,11779.267592,19340.592028,4872.579296,8474.767312,
18021.319508,23338.075465,34105.601069,14510.550071,13829.754313,23356.364735,6827.065234,7602.020555,
33100.658962,17919.694680,3551.622198,5600.700480,13720.123605,18071.515185,8437.083338,4140.756432,
26277.526434,25549.026343,29756.896665,19383.225173,4090.378563,6410.594254,5405.875752,1968.194971,
41739.978170,24481.310349,16090.633060,13030.947392,16171.403679,15360.218912,17147.565774,1558.125062,
20509.529516,37004.632718,20979.430576,13467.034461,17681.297683,20325.554324,10729.775959,2731.261355,
39435.491511,52624.727599,5670.008751,2898.204135,8627.346256,24673.493124,4671.715671,2564.040037,
17785.204293,38426.236151,34350.095771,11627.052222,5425.573663,26485.002778,3237.188289,3273.067876,
46988.710185,52153.450030,34196.042212,8270.621716,15128.259305,17433.382646,9999.705427,3982.207820,
32842.085819,21921.792584,38443.208422,2923.578537,20990.622071,3983.783454,9007.158178,3970.747794,
39713.778097,55097.010530,20406.386186,16836.256916,10776.597701,12613.447796,6567.768051,1130.994445,
15438.956942,18359.351766,23178.178914,19284.015837,3790.827295,19858.977400,11406.416639,3034.529324,
41471.619378,63137.075618,35897.490370,15554.671407,12930.903063,17203.063490,7899.677978,4166.923939,
20742.592153,13457.906976,44345.344803,23762.535785,8206.075634,13524.278386,6383.116080,8614.611693,
27537.853298,77829.163138,23148.363159,11745.637994,8150.853796,4461.654961,11613.282826,10714.598868,
3728.746188,44284.874197,24829.312943,9003.889760,14636.190501,10433.020452,24963.092170,5168.736990,
22734.425679,74188.381884,10295.274479,7920.032811,7172.194260,18230.192115,18049.333620,4893.705582,
5084.955978,25209.308455,26538.916427,17057.386734,5511.523848,15584.246733,6878.063075,8117.322837,
27214.076248,46523.786897,15137.002720,2072.315048,2976.619440,4275.377056,857.875498,10845.734886,
11768.273047,19013.466669,17683.456903,16276.594927,7488.648390,8149.074437,6465.174707,18182.929845,
34438.134064,53340.233001,14579.156913,898.523220,4521.647541,16113.742570,1632.011932,10595.118527,
8795.294795,33366.120018,30447.954704,17788.441502,13734.824218,13751.021575,5489.209610,7208.790469,
33119.245280,42132.457436,16513.657973,7957.940709,10459.529902,4007.012438,6031.564420,12943.834243,
26816.022370,24217.172175,52470.770821,14173.446564,10785.658614,14111.254300,12239.999641,2699.839347,
33831.402069,30629.729983,19013.017799,13269.972567,5057.423789,4331.338591,6726.681536,17306.866093,
18127.798290,27373.477800,33446.999844,4644.190723,10571.292931,15627.634121,7363.017728,15040.456186,
52608.062886,24371.893596,28944.457314,5322.320803,20034.044354,22086.319215,11201.410211,1374.504329,
26507.541491,14295.335099,9870.225224,10503.515460,15119.319001,16716.087919,1174.837882,7844.461913,
34217.056651,18171.046991,18469.289108,278.484718,13838.326515,16820.871020,8285.548960,2444.591213,
21188.927871,14148.035840,15514.265979,7075.871502,15290.773744,20803.063860,5505.527390,6232.015616,
42795.083532,14574.635830,30704.872292,9181.964151,6424.834793,18367.504502,5400.002876,5959.790969,
23477.377986,23772.178440,46307.318466,13622.522316,3456.916704,8121.022087,12411.085987,3206.187971,
37226.720392,28122.342254,20013.268121,5203.011736,18791.694482,7968.054420,13018.546933,4306.606695,
16950.680614,17504.782809,30405.160390,19379.066374,23594.360128,9091.957099,10338.019683,11055.567029,
24400.777158,32655.010460,30246.177499,17095.025484,6648.823025,12925.621544,1760.774719,9774.943237,
5773.469816,29803.669082,20946.867037,6630.010899,12772.940807,13534.319582,14337.940194,1156.625760,
18410.025345,57426.998091,25426.917769,7241.309273,13873.827027,26159.243469,14317.722316,3718.519974,
4413.382749,19532.863892,22772.447810,8812.608752,8026.412460,24679.928161,6367.623503,2289.113258,
27175.113799,40430.184481,4114.100397,7009.578387,10737.611220,9541.988227,16752.218256,6923.005048,
8573.576735,25484.268169,23363.023431,10045.960382,13831.343107,19680.857505,11555.883729,11071.443441,
15365.532864,62328.878360,25294.773633,14154.390495,14540.938472,8540.654149,5363.753306,10892.390024,
16999.333681,39084.831934,36649.350509,27827.405357,9788.557296,16790.125344,13981.769130,9498.479421,
31518.880571,62218.572659,24361.789784,11775.675435,8541.441787,26033.635753,14305.871125,8942.569541,
14983.423884,30793.827735,19243.844571,10594.779446,14796.303653,14261.148297,5883.565070,8181.735300,
35550.603979,44671.231775,11269.378101,5357.293334,4651.199265,7832.208664,7587.343567,13504.719630,
24012.811503,30337.910721,21518.425787,14969.433855,7108.021993,6633.804497,13003.160097,10073.833274,
39873.137777,44981.462614,14706.269466,10625.258511,8966.093193,19268.027188,11316.499682,14062.719657,
14329.158575,39527.847758,11182.036113,4948.762806,22956.046189,20239.110182,11629.276514,10426.464554,
34178.159225,44814.586465,30405.950674,15832.595440,14512.352691,15958.332102,8516.111660,5827.173077,
15834.616592,21273.135566,33009.823755,11703.429797,19098.880066,22654.687401,5011.929207,11485.080714,
34899.086735,44077.433238,25061.410363,9537.303271,15206.716661,19971.619241,6001.321637,4137.148966,
18976.747135,23577.299167,38440.214127,17544.657179,5141.587008,15244.638221,7366.352216,4724.017233,
39351.443139,31806.267472,17083.947875,4385.448058,12010.261266,23028.042190,16251.891086,6610.240675,
12411.259421,15902.455089,23296.865771,16448.076150,10859.500267,25544.044755,9027.021474,9790.137575,
31368.672500,19385.789038,15275.151975,9375.553815,7789.914551,17540.369715,8838.778294,8488.682713,
9806.347120,12699.693238,22359.898240,12641.616621,6522.324801,9549.094717,12623.534488,10738.046540,
28721.656473,12657.975930,18325.210926,3440.129579,5007.712094,13873.965609,11811.018862,6476.191830,
3123.900845,25306.590037,32689.486038,20203.603484,14731.054878,16973.765540,23916.948759,5061.099603,
29886.058887,11212.290700,12442.673677,14060.258378,9275.743261,11001.296762,17309.674732,10432.843377,
8298.851834,36439.813143,16121.149253,5000.528608,7777.208244,5658.571843,6164.452205,10629.187258,
20854.459299,43270.678382,7949.847817,8328.438220,20518.945742,18976.148323,14258.746367,10813.091467,
7693.859349,9383.818723,25070.672742,17530.886136,18458.142074,22387.292131,12072.037678,7420.595928,
23989.943685,27890.781858,4788.721564,8582.987280,7977.455914,11362.889567,7812.894153,11812.460024,
13438.768142,22905.832181,28383.790640,6233.816049,19977.221036,12879.129982,11396.314548,12329.628065,
32934.258123,41181.516115,26497.474358,9207.278779,3025.828839,21319.255209,3965.992330,1484.497412,
19697.087510,26424.427091,27919.649768,11170.232867,19609.726189,9646.357626,19502.873080,12206.516362,
46017.447108,54495.637543,23853.495126,10254.282894,11581.548628,18855.970151,15466.359438,9612.055730,
15495.838737,39572.644767,23686.994351,20664.359251,14264.873709,24769.778848,5039.522586,7473.420602,
30649.174887,74205.329234,14586.694402,7378.745630,17803.389038,14541.580783,1261.766433,10685.172329,
32273.712725,7359.870119,36480.468107,10813.142311,9765.343302,14934.559252,12301.909260,5337.598061,
42872.407428,68069.852244,15845.969677,7549.545418,8534.583557,8503.399431,10956.195594,6143.069148,
8674.094263,55872.653016,23900.029633,4636.065260,9412.050483,6039.228751,2951.252942,8209.403291,
30419.383347,59286.852913,5440.862505,4129.945936,13531.779952,14730.086515,13345.013061,4893.895587,
4643.178460,53551.226533,33330.942991,5194.479861,4540.197841,23548.316175,14515.300427,15618.265974,
38174.513456,53597.268197,15063.067111,8065.358149,13173.398833,22590.014223,3773.248110,14513.485908,
8193.311095,11637.510823,24564.089905,7454.986880,20888.898516,19876.038163,8705.165965,6460.708993,
31656.549653,43027.974370,25757.042971,9397.503116,2267.912415,20571.880209,7590.083280,2166.060675,
11921.093145,20234.018705,18071.421515,13992.545933,20129.037400,15015.322100,8490.873657,4800.189140,
20285.821643,28714.183419,8803.587961,14152.106583,13740.811840,29499.785520,5658.865716,6283.206570,
669.318704,20192.814887,23538.356543,25084.962473,11441.627559,18717.111696,6688.357888,7149.829116,
26326.348277,20020.607282,2950.249565,10964.367600,15234.929830,13315.334226,6633.767935,5477.692550,
7293.570732,14260.326618,30723.289793,7544.511378,9904.543655,14983.216926,6149.189283,7575.587982,
30602.370348,32421.431599,23415.504791,8119.714661,4267.390504,9552.410210,7041.302567,15718.151539,
10468.262427,31828.871754,34873.790108,10613.769450,12598.003537,21389.206898,10003.696427,11113.378116,
19969.911889,39185.185025,21879.383432,3020.776833,12335.891757,14209.357870,20018.023537,5511.906253,
9874.994727,6712.864487,16763.716151,7342.717370,1727.073038,6313.018236,14526.903298,12716.753574,
29463.158611,32379.622831,17070.621797,11285.389073,2682.513327,7961.802198,5296.583919,10783.341865,
14921.760361,22044.097535,12698.557407,8982.136963,12636.992347,8959.663593,3409.240553,2161.678914,
39955.432560,25882.727391,18554.521352,10281.853103,8179.571900,4312.728249,5353.603063,4782.149312,
19148.265570,9028.925949,32070.491623,20267.188369,11839.736329,8305.511915,2970.771368,5012.144826,
39583.369745,34717.872680,16469.921237,4986.413917,13261.649000,17074.980609,3510.880769,3661.819979,
17389.788014,29490.904783,47829.099307,11153.615394,3665.061060,22322.284870,8492.559257,1617.661417,
31417.615632,41730.348304,25763.915300,902.523056,6924.018744,19547.015278,12323.873688,3213.670582,
16106.401344,22087.573328,18917.069173,12574.474158,11836.898293,8117.349812,12830.592342,6294.713818,
29889.082958,40753.858620,18101.569750,4809.789236,9452.090596,6176.834438,7296.221610,7574.942860,
13489.026563,15307.070514,16110.751765,10731.642605,15761.370288,6480.841716,14924.059650,6675.235758,
29143.918499,34433.443623,25620.593601,5976.857255,27703.329736,1388.809784,16031.424539,3796.190382,
14158.164901,28520.589776,18659.002775,10958.676610,12710.467881,5010.244139,8579.222528,5403.688496,
14337.213702,63501.195268,12205.121965,6651.993230,4870.902238,12303.883281,8152.576126,9428.890351,
3260.822304,25712.225235,28136.047762,15205.299665,2958.461016,15435.910305,3456.795258,13630.566687,
29940.780275,57259.672928,8307.525016,10741.272241,4170.212947,17180.509874,6057.064803,13924.796470,
12843.784307,20504.860648,22206.572732,15571.553199,15504.717652,19946.193268,19839.706739,10761.455425,
18786.674226,37481.907867,11545.133008,9264.786744,22097.978093,19511.570693,23889.401703,10218.868605,
14447.773351,9226.010628,30524.828134,8040.645445,9278.197528,10319.548652,4412.379173,4233.472257,
25446.445777,49723.932265,25269.401023,6426.338951,10725.691816,4240.889638,12904.647365,5601.431988,
14130.254260,40980.986495,15737.127213,7491.786211,8943.641363,15636.444989,6797.769145,6616.667565,
27755.439338,37131.601950,18234.607262,5608.365666,12987.400806,23173.628787,13164.373260,2605.626041,
18722.371601,21547.420348,20353.271705,8227.144205,7778.692399,12993.946140,9520.344993,12731.388797,
31494.988162,27491.689871,20258.432513,4810.440891,16444.380519,5764.459619,7162.989222,16855.696820,
12723.358241,22198.458747,18252.184539,17517.330106,8015.910987,10885.071006,5714.152141,15009.605179,
24820.356626,17538.682428,14380.846091,7295.371230,14483.197832,10925.093951,8331.793574,10359.834164,
17086.954448,26041.632907,19919.963950,13485.683317,20263.312175,7158.770323,4933.712582,4555.695529,
31230.185784,18177.698144,14317.638978,15402.704331,6198.184422,11317.126448,10338.904180,6332.805360,
19768.679686,12984.001176,36975.845799,5824.790812,18454.566609,22965.972624,11548.627636,6082.863257,
35243.392498,21841.242254,26305.174586,4881.944197,10868.233567,17709.542591,18746.213132,3570.938119,
14865.381896,8340.979922,14213.843857,3768.611737,9410.695128,7101.051100,10958.234208,13033.949646,
22149.912132,21739.969773,16793.639920,7775.188273,9337.424926,7545.601848,4053.325589,11186.256571,
13098.232066,25698.961876,7326.033210,5099.501969,13754.568964,17168.286953,3641.738543,2546.422831,
7825.396475,34444.963882,10570.452335,6752.143958,15847.847635,11558.070905,13953.816151,5620.688503,
11743.621984,26344.234984,23080.532062,12010.413256,2157.718406,3641.824625,13114.978184,2433.037907,
27784.974169,23502.195880,15301.202783,4367.113809,9869.610047,3620.715238,8570.644921,1472.166364,
7354.456564,42226.500933,20714.553549,7668.418537,12895.590830,379.048098,12663.521159,4914.217797,
23810.077417,56678.150059,17224.589176,3112.576415,22237.900950,2179.382599,6499.217467,9145.779740,
12829.996639,20974.719768,33728.799720,10805.345524,16337.838097,6389.618801,8670.241103,8732.493136,
30323.130900,25339.668696,31459.394048,15070.146214,10598.717105,4995.288520,4870.480121,5847.827584,
21995.678280,19459.783302,18183.689421,15745.426891,11894.375652,11639.475865,10261.501499,3054.161270,
18473.635872,45862.043668,19599.258586,10943.724446,11993.901298,13596.015402,9997.278221,2206.203899,
8431.123459,27826.302654,15438.664421,2120.166433,8036.768470,4419.613165,11484.213154,2969.335997,
23560.705143,56690.937413,17521.558890,6270.868585,21119.584047,16674.654779,18039.725269,7030.225439,
15380.974575,34298.155749,18847.037741,6480.129164,11481.054672,18723.296436,8089.391826,6093.181612,
26113.615169,50655.589627,14164.916157,4955.534033,7602.385394,17589.424439,13266.375840,3877.253931,
14036.256232,17217.882860,7178.960077,5323.839888,8389.359807,15656.077622,15557.817670,4894.289540,
30419.557152,32547.916410,14767.444555,11398.309555,16629.915437,21977.593984,1042.195373,6942.854731,
16352.979837,12351.555209,21819.767461,20326.994472,10431.510736,18360.937159,11875.019092,5284.781758,
21967.935331,46237.722981,17304.230634,10958.384741,13065.147390,5950.164525,7270.167223,2076.344198,
23512.247695,39001.075837,25782.425143,6439.176193,11943.860672,5355.439705,2204.005562,3007.519160,
27664.756778,10647.061189,23104.000616,9052.634221,13431.774249,11350.654433,10173.570252,3079.270442,
8116.137853,12983.264113,26379.189683,9441.479682,2683.824381,16621.655657,14196.957487,3022.201798,
27921.591422,9000.352748,18006.867324,1406.345598,15935.742086,3670.987851,11966.423613,3145.247494,
11139.137997,17137.059697,18886.185284,12839.086318,16434.135260,6925.052724,7459.762813,8239.941261,
13765.888447,19365.097636,13837.448111,14257.966911,10719.317466,3812.733290,11415.038489,6402.895979,
1963.227854,19164.838791,11852.010969,8632.358849,16389.601448,7259.086198,24623.059547,3400.452583,
14435.009428,31146.647390,17229.426552,5405.183410,14497.219387,4473.292048,16028.720588,3388.704667,
13616.044557,8955.160729,10020.772288,9940.582409,10744.059121,9850.223844,20006.810691,961.276378,
29297.942474,24238.143020,22753.343932,11443.336622,15647.305405,5658.294104,21718.557018,4243.685444,
18721.105642,19777.025604,17784.347379,12349.867788,5642.289616,916.133235,8245.351906,5516.536948,
28191.063652,42171.967536,11968.530831,10573.460859,10420.619758,7027.726117,846.203892,5936.198841,
8942.552086,16447.609634,16714.719597,21826.130444,7485.768912,10287.174075,3805.631719,6826.742250,
30652.699136,41582.963128,43281.549658,13193.349087,6194.644060,7687.251974,9480.938789,9604.556933,
19858.908338,7387.147589,33118.577323,19069.077977,13669.986255,14189.046455,21766.548764,10599.320922,
31755.202889,35529.596656,16280.442019,14821.269740,17220.197962,12730.054576,21629.101863,5864.084507,
20280.462224,21527.184100,27546.762189,13135.577890,3654.454345,9311.926791,6705.805634,6003.150817,
34823.205594,47927.836400,6950.030056,12814.760716,15908.629484,3688.296286,11831.300118,8517.612367,
22792.211522,28874.015137,21417.037615,5192.303791,17012.650981,3030.790262,10580.645316,1599.364522,
13692.463828,61168.659148,9288.184084,9084.631877,1411.792364,4723.440322,5697.279354,7180.583688,
13377.799581,32731.765764,28461.380715,14389.553069,10158.249485,8178.857392,9424.989094,9145.075084,
31947.026832,31610.570574,8134.160656,19585.845518,9550.901020,15422.933840,8661.756522,9640.752780,
6571.158026,10960.292922,17405.451668,22863.584886,2669.727119,17594.632466,3175.198489,10732.434377,
17864.571791,40257.319640,10633.793112,10348.720099,6929.368451,9548.183698,1581.388281,7129.098708,
12533.202323,28721.859833,31096.841826,4416.539661,7766.605926,8454.994258,11691.940678,5727.072676,
30750.196049,26428.450460,28431.464161,9112.899673,5677.326285,1076.948132,21328.799612,7463.348852,
14432.407943,11527.540153,19989.362793,17577.149694,20043.316434,10789.710225,14796.672386,6534.495442,
14718.055366,22779.515158,8496.839254,10329.420995,19784.550704,4657.615899,5777.774862,1277.175521,
13797.527428,13749.585488,20746.362613,6551.829002,2547.495621,13232.131909,1685.439665,6780.896696,
25701.587788,18764.786920,22736.960969,11575.799858,17744.410477,17167.612240,10841.998925,5233.261375,
10444.779729,19722.105412,29783.676983,5567.515611,11471.872452,8696.775294,5391.243190,7610.080180,
25741.942218,11772.428330,12907.041270,7839.728544,9534.611000,7808.401045,11357.205964,11870.014069,
15887.601073,15428.860048,40609.982867,11826.478658,8536.524013,16607.743107,14618.980555,5695.070106,
26500.329664,12185.079278,34106.006982,8757.704341,10616.789105,19800.157929,897.158035,5428.239588,
13882.413658,34832.285814,31763.472864,11277.693203,12922.423329,11284.396228,12136.694804,11793.514380,
20310.776892,37306.314128,13052.590565,5009.069756,6233.412545,2776.657680,6676.037708,10074.077767,
12518.242413,13586.951630,19131.120440,4764.536375,16850.054438,3988.700526,9981.178074,1632.663041,
31192.130130,30358.097357,16431.005915,2805.018658,13576.639302,8494.510790,7673.675054,7802.193912,
8841.734899,27251.632143,20900.327948,6481.759735,2525.400934,8773.225152,5117.546899,9750.950926,
28727.538234,56779.991124,8802.059668,7088.953273,7862.716544,2509.429260,5318.558805,5685.568244,
11542.846859,23529.515998,25128.247102,8869.392761,3890.385681,5760.624841,7948.116150,4620.080164,
24021.280043,41718.913633,16263.359125,15426.962547,12402.392890,3252.446754,13672.640656,3386.299085,
853.916258,14882.097891,24574.604059,14650.910506,7342.390530,7231.412030,5596.016423,1749.344654,
23385.195708,42894.113320,9886.900924,13088.351592,7456.967787,5493.227725,2270.211661,5844.184188,
7812.288233,11208.316885,22687.809989,15795.205882,15290.653920,1969.772939,5026.137070,4600.883215,
27279.772061,46194.968892,7649.062967,7743.533425,6378.251298,7294.940732,6518.894795,6954.514884,
1468.535722,26391.637556,15462.136564,725.440631,12915.415426,13294.514268,4476.813859,9217.958859,
24152.417703,41092.642209,12093.425343,6381.977144,19791.064234,10900.432640,11053.026445,4911.218515,
9361.707381,33512.454217,31197.704991,8805.742697,5046.994134,6152.000974,1998.165660,699.836287,
27116.833918,19314.629439,26930.454674,5757.625055,14370.752025,5185.605605,11845.603931,258.355859,
9807.962269,4821.847869,25022.401146,12705.130687,15531.285978,6059.611389,13974.110372,4263.192000,
31882.486468,25568.979443,23158.780735,5777.288924,11667.493160,13315.114411,6737.008481,9978.451276,
9956.581520,5215.954210,23998.197614,3742.708463,4578.837675,11343.968009,4019.801318,13643.063155,
24482.953462,29390.367169,1992.640523,4820.105524,9406.351109,1967.508749,8824.121884,13228.402487,
24978.153131,6089.378013,27578.235198,3888.235324,8340.068747,3486.601726,1502.881730,11186.343349,
27165.306480,25594.121021,13152.851457,5708.493103,6350.054065,548.551924,14726.467292,9345.049464,
10575.719284,6275.685888,15661.144093,10889.262857,3610.721953,5286.034172,11874.942367,3997.641916,
30470.055292,22741.797828,20654.057902,2123.728031,9176.944862,4663.031761,3153.293896,6309.590882,
15275.303958,17706.348408,17491.781003,5439.172381,4520.903663,647.224797,8038.304418,13623.323086,
13111.715921,32652.093558,17878.770618,2750.010356,11763.729596,1920.079828,11436.468754,9420.132162,
6445.941180,8741.006039,20707.108517,6708.220933,6756.005826,3288.120423,9956.769415,3290.244641,
23983.761839,24363.204496,10102.294072,8829.012046,9333.331098,13862.583515,7350.476020,9966.677354,
13505.455524,4509.373391,23232.996818,15591.611598,9247.513542,19300.508746,18628.158228,7398.124700,
20507.750101,19819.644465,12252.954205,9078.476844,7281.602394,11274.500138,14048.253887,3178.683736,
5021.512863,15468.210507,22978.024998,13230.261879,4654.436581,6374.360447,600.634323,3683.895448,
15509.881661,29887.851889,13232.084632,15140.321327,10978.831184,7879.413326,8968.013189,4648.405760,
10926.610919,17733.890764,25799.995457,7712.036948,6902.521334,2593.286910,8500.442115,2984.337200,
26034.299013,42715.675217,15766.849736,9266.820135,13479.969725,12344.871601,4818.606140,2706.837658,
16395.354704,16125.881828,16197.565892,8386.228049,18353.822705,16503.283800,7286.670057,4890.095900,
30103.747785,49917.139914,6723.765443,11945.928664,6615.562830,9646.995834,10687.015223,7797.125625,
12983.473157,18189.631495,23957.029843,12311.969557,6455.830125,10777.123366,2825.462896,6851.037994,
41134.323233,30107.369027,22745.352236,3466.196682,5566.601003,10322.960189,14271.493116,7187.540992,
15067.570692,17365.768039,17869.835655,8207.712216,8241.057023,5237.699818,11960.874464,4284.825301,
20744.275352,49557.075862,15017.441840,6775.541305,495.766600,16407.452312,3768.143940,8383.944756,
6142.680239,31712.058798,13983.927022,16040.280853,7043.856483,8291.750018,6544.644606,7870.973442,
27303.961867,44067.805634,10268.314098,5666.736886,9551.295296,8188.809633,5266.038110,3189.310603,
5989.332139,26256.954560,24590.610532,12642.858243,5637.525018,11705.776842,11398.124108,5786.029596,
30675.310266,31544.959786,24557.308043,3106.260250,7725.623950,7727.239246,7084.438225,834.901287,
9873.952731,17552.327035,22997.759550,11072.845611,13711.483206,14526.866438,6744.704249,3334.229555,
25618.247330,30955.382337,5497.999765,6343.400310,9828.269995,14970.351139,5768.747379,4025.590577,
12083.981210,18681.532270,26061.112305,11446.654913,575.662032,12726.658259,3870.585822,6451.861389,
18907.948030,18284.400215,13847.564549,10500.985860,13178.225508,8333.927184,3076.737981,2634.878971,
10086.864929,12796.678880,12828.714483,9100.920556,11044.964704,7295.397840,1907.201168,6275.787964,
11475.878392,12885.516481,9964.683090,13558.101809,12106.543675,8409.159756,11138.313467,5763.380057,
12831.174587,12146.382149,24501.505350,2677.017424,19080.233630,9029.431978,14962.292508,340.401273,
29395.527763,23401.825248,14824.315990,14341.737753,4057.236115,10593.774490,2705.019344,3289.765505,
9832.675112,10615.611011,29127.456291,12907.295836,11608.989085,8872.281458,17599.824880,3077.369913,
21680.898159,30480.716136,9803.343486,4818.755236,7493.545833,14983.656569,19641.115530,4650.182536,
10645.448083,12578.415766,19042.417028,11824.857973,4063.527634,17824.882649,7971.383953,4102.116715,
25784.186572,12189.212209,7553.808798,13263.477322,8117.040410,14283.518113,2509.228207,3830.626757,
26246.720088,10589.676100,36074.069190,22653.138225,9398.997999,10567.269029,5177.194281,4983.960708,
25455.505554,31851.926586,28959.592239,9644.324022,4212.421956,971.974152,13616.856244,3148.357064,
12991.209592,26945.518315,12863.339508,8339.525667,15618.899642,10438.630234,14693.275773,694.497216,
24862.837464,35035.996490,18882.315488,12084.981738,16553.070502,9960.598672,5210.699642,1143.663512,
9506.236020,40880.853890,16810.644782,14199.468279,9091.461216,11791.776682,9746.695789,3977.736294,
23432.705852,37714.651905,14834.017591,6631.730385,1421.405418,9796.094487,15883.146186,6476.775143,
6660.341246,13305.049300,14096.425561,5577.992719,9934.613142,9583.970127,6669.105121,8684.243341,
31960.467318,32050.385148,3411.597420,10010.119787,17673.686599,15445.207687,10015.537189,10073.093022,
12006.421027,17823.500613,18366.443696,6946.653067,16729.603879,13477.209760,10381.984053,6903.060385,
13926.683872,49321.207289,11235.239801,7639.270349,6895.802039,12920.219047,2042.369915,4795.004146,
7733.716476,10825.403089,26534.818459,14530.536145,8873.086319,17126.450836,7442.651779,11097.932832,
29986.407416,32855.927032,18690.454460,2276.202902,15234.940430,14866.510119,7568.010068,10031.960357,
13430.063283,11680.198246,22832.257309,16452.910802,5189.847984,19340.596413,3655.018287,5543.316646,
16516.742657,18288.059613,18784.294287,14626.366402,8937.752709,18648.004269,11889.132073,5170.644908,
11486.200545,10318.567113,18733.307924,2322.641684,7180.951233,8928.981457,10081.641421,4091.568585,
26027.223372,36144.959455,23536.745643,3770.638950,6378.900781,25068.475136,3080.686839,3305.103156,
10108.371293,8062.321534,10072.958666,1445.693455,10106.317331,13101.597787,7400.310606,857.643279,
17916.507513,31320.348570,15891.556631,13886.972291,1780.716721,20124.381309,1975.171799,2744.349540,
15201.052718,14470.435212,19881.851315,17290.627569,11955.667218,35190.792346,8963.060881,5483.537272,
24701.748739,23423.431941,20036.797282,9008.065399,17527.642917,25939.496073,13818.694309,7352.518167,
12171.136346,8893.161985,22340.440436,15191.994474,18057.271719,24369.856344,13296.495577,5569.447963,
23309.671248,31572.412533,15571.390774,8531.120070,5818.095900,12189.006203,6578.946151,2070.725058,
16828.499352,2479.707965,12979.778351,6619.878994,16120.948641,11758.974373,13236.623492,2030.756605,
29843.380346,29609.676009,6734.375917,4239.069972,15412.939480,11268.030333,9357.049573,2159.545349,
13857.917387,4827.391428,7684.098070,6255.524098,9368.486708,12384.207109,3150.923139,1322.390582,
15824.566654,28240.122226,24450.302692,3818.875343,13843.407827,16432.250754,12238.567173,3934.902085,
11549.872419,9553.617037,25519.001792,13760.589277,11925.344983,8163.603300,10043.350068,4135.701373,
23275.063430,20649.728526,18312.141263,10437.433362,4470.848501,3585.082706,7787.610864,7149.201925,
15811.535997,28064.425710,32762.778463,10922.268454,4831.744710,2975.602034,17376.855901,8157.391396,
18643.494310,37569.223536,8511.535372,6125.321173,7493.648212,1358.262948,9908.764741,4418.526526,
6274.851169,24432.025662,19024.950367,5775.914644,5558.421288,3403.864909,786.423312,3741.077957,

64144.000000,1896606.000000,1050360.000000,2870467.000000,1249016.000000,3605040.000000,2396777.000000,1519956.000000,
2541377.144094,3659623.467328,3112517.486447,2193158.493046,1002454.682920,2422998.894798,1727734.855386,1055077.988939,
2132314.144794,1799067.762563,2371556.996370,505711.892807,670709.009720,933108.749549,614362.431030,211238.934415,
1375495.724944,2496640.997551,2090970.784626,1013889.768032,517531.608246,1152129.113964,363393.245372,198180.890650,
2081241.740387,1764573.442446,2379295.910907,588308.986536,882966.900705,860478.775495,230094.878582,243670.989279,
609176.874910,2652715.883396,1070170.287222,1181696.375297,2183646.871883,2803074.322731,1313080.849787,326436.978111,
2464281.304841,4387210.849607,4312729.430246,2216385.207283,2692661.627398,4120541.332892,2551485.746687,538254.844285,
3729916.318274,4687684.471391,4023589.439627,1584957.645481,1858614.748352,3932552.755957,2597688.134253,736194.253873,
2170247.809739,4006051.407577,1544800.744135,393225.573913,1521035.902621,2446109.906406,1172010.059591,509558.770292,
499560.933802,1807773.551563,655154.559052,215363.119804,1835201.778609,913969.204096,576088.169308,179421.269341,
986605.539631,1759928.380305,129484.118870,427835.538165,1293820.237290,708803.220079,808246.999318,110541.884077,
706809.604378,148810.373419,646433.193991,332085.495784,497094.592399,465933.931067,321328.767986,96068.682691,
1055994.018374,1683895.613097,410639.310407,92228.637195,405711.711593,267708.573876,393382.398733,194059.365897,
182141.094163,982151.075804,654842.809843,138088.407326,525815.802535,378271.194237,482714.453582,136640.974627,
409718.925670,971237.397631,679742.040461,23063.123847,417108.248181,289834.040820,409966.019632,52875.559621,
333454.791412,386683.795138,234176.052910,94898.408980,216940.770044,199886.721399,57961.819488,36216.586781,
441584.931650,873325.667341,349580.879283,153530.693090,119193.713214,154338.234438,319422.707764,44583.802159,
124392.925210,444761.829075,286704.168813,80883.207306,205564.642874,92785.583942,135236.378930,54052.908004,
440452.404656,578254.449488,293023.825067,143632.584932,142418.740095,188839.330771,215081.966160,77054.988616,
35206.982530,286372.489035,401668.590975,164705.925687,337220.662398,159409.933746,225122.702783,60502.421189,
213932.916365,477052.585479,91981.864571,38719.809689,137347.804905,63060.335911,140125.451246,17238.981983,
124775.117315,191135.483884,325413.770302,76007.727272,103058.040670,23525.694432,77903.391095,51894.793540,
252570.552304,402099.367119,290261.895872,118009.938606,37162.021078,64118.412925,69296.943901,60651.338721,
164788.309588,157191.589410,395948.375689,94659.447550,140245.957179,67333.383744,89221.424947,33312.620334,
307282.126732,317459.961692,238215.134760,77476.473826,113967.455283,35523.655818,100375.535016,1779.045875,
162004.285039,185934.662360,289095.230168,87475.589329,162244.403750,11510.940251,76122.203232,19302.068674,
323896.604375,240022.135502,156452.859915,69571.732671,82762.587659,37075.802388,51659.782742,11329.789460,
213997.068682,86115.312535,318748.165377,92397.977334,140114.673513,37864.510062,109529.152317,13137.962645,
390030.631802,186766.772008,118981.323686,21824.663333,155649.854714,19700.030448,45072.732429,8160.846716,
230902.000880,108463.088037,268502.585536,67745.315209,73356.972622,24059.647360,89104.384377,32517.280381,
327225.504534,275489.862832,195349.732982,39684.384400,70901.642927,52564.705784,82307.130960,24868.649284,
140350.472554,48282.471093,234091.119475,56296.371475,88875.503295,46689.841460,71493.067447,5196.662928,
313389.289511,258380.030351,140263.277847,56724.699674,95648.889040,8581.843164,63279.640231,9973.792281,
105135.526308,62479.575029,206566.213516,83471.489399,68779.207723,39187.385879,28840.412323,11893.310028,
266426.864213,253748.005471,110264.709420,25814.646071,36622.065097,10561.148514,30415.344627,17480.938413,
116513.662544,98998.329888,180048.922201,53509.181767,87489.225330,35290.654676,34403.010672,7486.432688,
200775.763585,315844.248752,130655.024335,49170.418704,52531.128785,26555.003124,52523.535998,10819.751085,
62567.610235,90660.533787,166912.526669,59319.851442,100352.955325,34727.622360,33559.637523,6050.029303,
184119.367533,296024.925266,64797.175337,27460.791858,56477.083240,14082.296498,49623.736798,9151.039420,
56698.588109,143897.639201,114556.908119,44658.607391,66721.104297,21563.956570,43857.445094,4150.150702,
171126.436696,307220.463716,102618.050300,41749.667077,63353.900607,16205.500689,33267.167254,9335.811083,
4275.780324,96120.916596,137728.428943,58732.473535,60872.982765,25849.623124,50790.111029,1606.072423,
138270.129108,301052.551470,97488.252671,45014.778624,52013.743025,25005.349619,53834.738155,10684.963783,
51043.491456,120337.496678,151147.302138,50528.986597,50958.447511,5543.678256,27596.172315,9728.148506,
162399.917018,264065.171245,95423.602028,40378.676349,57435.008893,10870.777190,37883.703515,4534.142944,
52815.032183,81401.923643,157100.385704,47636.224204,75364.348391,14166.558518,31322.698551,10430.042492,
156177.019447,272710.036196,91898.273113,35878.085310,64232.805917,8761.768314,34724.749319,10964.057450,
87350.514621,109750.964565,141998.258213,43468.244215,43251.393591,31383.773590,19467.187458,5236.940117,
163814.123869,220964.554534,115024.302356,32754.017132,37597.188979,18505.360332,32969.052502,2650.975000,
111027.545217,90352.378084,150127.900671,49231.160715,46262.455815,21867.667336,21638.298484,5992.127465,
179941.894745,195844.310387,108847.577810,31885.710393,53161.071195,26213.339050,40155.592354,7857.613282,
87218.198456,83919.574032,147552.371843,48807.120340,44468.021927,16526.159248,20359.030578,5042.744261,
182655.193108,158879.529387,109091.596883,31968.494708,55772.722883,24455.449392,9373.267007,9322.230813,
90293.336573,60506.330349,134973.884680,42977.138087,55143.760215,7369.022111,26617.605486,8093.002992,
168222.255524,126977.921974,75813.223078,25870.078595,43371.483777,21775.770084,32540.029077,5761.226912,
83413.498559,44116.503915,114840.950968,39186.285965,36053.908769,12749.556605,16312.297427,2737.100808,
167801.629332,101734.431811,68042.253435,31634.161791,41688.497124,5872.524439,29237.052042,5855.320866,
60168.725503,35769.818564,105265.021443,43296.193818,53127.683724,11492.357307,10643.490075,294.552316,
142595.269369,103224.609582,61567.956316,28960.084251,49468.780151,4042.163385,26195.993355,5846.998010,
38729.341901,24683.347058,89863.870385,37095.649915,33990.911952,13645.040484,24010.356875,4859.182743,
121611.080186,90062.943593,59064.715329,33925.196083,45788.081204,6284.774948,28843.304749,5145.404199,
30152.765269,54464.656799,103091.589663,42527.496672,31786.721590,14788.627684,10370.388581,7148.766480,
98059.995214,134265.920655,47548.525296,24919.989344,40166.765432,16958.593599,21657.367210,5646.580063,
18273.388690,42423.811121,91521.936107,38893.664187,35092.199032,8607.151252,13607.617084,6215.603531,
83636.517363,142824.219210,64487.633262,28964.584738,37495.844951,15749.943079,27325.293196,4054.636359,
36134.176674,61609.399772,98383.914309,44561.143131,40064.248497,5361.556684,23087.798787,10636.420270,
101343.767471,159656.633503,68153.904593,30225.803470,39997.541089,15892.006540,27719.208701,12296.340426,
43688.778983,68025.413070,111230.896598,38027.624026,41196.546572,5159.991306,21641.786079,3485.132472,
107432.725899,192466.821913,69850.381882,28087.539729,36830.678240,11885.671479,24144.955264,3506.778024,
57262.202439,56185.700032,108726.417910,40442.509773,37725.129897,10023.449563,15123.116332,3849.343479,
124900.328621,173914.198268,72979.131502,23868.096103,42425.030363,7922.111091,22733.492406,6414.331781,
60129.907256,69168.635290,111909.357511,37078.465337,34598.454638,11706.861534,18245.252326,3600.790419,
137609.539686,182408.743162,72753.075169,22033.149010,41768.207912,6142.371954,18860.241021,5019.178948,
68152.422816,64474.942633,101422.279060,38972.764529,34882.467043,4020.695206,15856.772871,2358.492421,
134613.576374,166316.722498,61681.799580,20925.983774,36456.799224,11618.604704,18748.398171,3207.802047,
65605.953112,74644.864258,88743.258262,33167.321662,32015.851751,9921.847582,20006.635524,4968.697573,
126703.029924,153523.633789,53688.643502,26821.266011,30450.937176,7140.293389,26837.889380,4597.577366,
57215.657673,62697.171079,89899.657878,37226.110130,24476.692912,3485.312953,15174.746808,2986.835119,
117552.319176,143429.734689,45904.085102,25329.885899,34298.156860,7705.437280,21249.160474,2023.336790,
46703.940204,58199.420175,70565.143814,36810.500455,26323.441644,11706.688219,18125.051956,6086.921105,
98648.080438,120025.466789,50604.687132,18757.988707,32820.925590,6401.331568,22619.903427,8526.590365,
34403.811322,58625.206102,59807.827801,35036.068363,32161.889312,5779.497401,14812.498768,4439.942971,
83192.173508,85790.375021,34035.357546,21570.142809,36935.539561,7974.985647,17737.719387,1608.138261,
18493.540513,30874.929993,70385.547947,36392.882343,24603.782526,10256.379898,16145.275926,1350.630812,
62585.701432,80834.595990,38800.123982,24509.563285,33566.779459,5069.830188,17784.004155,3838.699059,
11811.981961,38532.016369,76813.972844,30501.834140,24876.089408,8544.073454,16580.941740,790.757670,
64437.211818,61956.892847,55349.000465,17140.088475,32730.417132,13110.393008,23318.459422,6257.779411,
25287.415147,11433.665555,77471.539655,26663.052828,28984.710035,3698.093690,16477.356991,3698.749432,
82260.096054,62817.706075,56916.270832,13145.407951,27438.497250,11572.428439,20964.025952,4405.939081,
41005.796204,25993.775648,92138.695511,23650.066264,23390.876214,16699.089889,11905.612738,7508.639388,
92478.873876,69979.497685,61046.840273,19838.023871,27972.267377,7206.454111,23463.009375,7665.223307,
51814.209914,37797.003477,94092.770040,33527.044072,25048.171097,5921.660536,8146.438949,4443.796857,
106675.250702,95619.698959,67264.842358,19185.427078,28243.838229,6186.709301,20753.350366,3069.318520,
48689.304186,37160.146222,77632.551032,30719.219993,24157.904252,5507.964618,14493.682930,3674.860069,
108209.865471,107701.134193,50720.066552,22684.115011,27045.795887,10620.008003,19639.068577,2426.689525,
55696.048233,59572.574701,67173.336769,19986.345529,25242.550591,3235.826684,17189.236078,2637.665773,
97790.758865,135448.054673,46275.555777,17508.633350,29148.768476,11666.651610,18445.331183,2989.645535,
54198.801886,46821.629146,61244.697349,28211.156306,21669.649050,3677.149644,6725.390630,1827.882154,
94791.205728,115179.533714,40660.920740,18451.005025,25187.043088,11574.261403,15337.501625,3828.617735,
41764.059179,64616.116664,50833.579367,26910.844174,23748.599587,8521.001616,14834.636289,4511.092076,
87404.575904,125768.225669,30961.195953,16210.606016,21953.216740,9885.064735,13205.339727,5010.162389,
35447.875981,54227.342402,58930.455886,25086.946567,23693.411610,7222.713049,12614.902362,7707.124227,
66531.093657,125043.664254,30031.317208,16500.129029,21107.379681,8788.733025,13611.265787,2608.807931,
24420.714203,43230.560374,56515.436625,28044.511074,20977.456599,7720.023060,8658.612012,3885.133871,
56368.616371,123768.652770,35313.935787,18683.806979,28928.824740,10158.358617,17537.457531,6214.069149,
11126.206557,60977.277296,57245.989404,28123.519195,18141.239884,16074.738472,14156.052879,4513.338185,
53143.664771,102871.930428,43286.701955,19184.017720,28698.159468,2811.730676,11544.577334,1040.921478,
11643.612439,32372.389293,68449.073516,22135.737315,23369.448376,9477.759073,10262.050343,4592.662537,
56916.255283,97093.693418,48491.517158,14506.145790,20087.066752,11461.402832,23803.655731,2448.486939,
19712.794420,36038.425522,63086.855432,22871.452102,22944.123075,11956.254094,20629.895831,4510.591653,
63022.202556,82221.727655,57623.270192,15660.620828,21556.553028,3856.267438,11885.339189,5459.911349,
36032.552056,30970.013412,70819.778577,23050.545258,21556.471443,8921.442590,10557.820742,3180.021785,
83714.657928,69436.380644,43102.589017,8387.378766,16723.559845,12708.597838,7372.338837,7528.086925,
45249.989010,29073.543572,77533.316351,17869.581378,21546.012110,10022.189696,12509.533912,7954.581208,
83125.095755,53427.797349,41362.981485,18539.316568,23188.952159,10061.748554,15216.597128,4436.290609,
55429.802871,32254.886372,67431.119345,29037.188431,13430.831226,17610.494220,15754.973552,2210.076395,
91196.987281,38276.276757,47129.652159,9677.048648,26350.891691,9779.612211,9749.526643,5038.965076,
43525.768144,19724.348572,44987.540796,21198.048131,23065.287819,2844.429631,12594.975990,8115.487163,
84932.068435,59768.579030,26095.882912,11408.569470,18533.082122,11331.722206,16649.195896,5434.818086,
47140.478585,43505.517361,46435.086521,20470.416139,27269.423398,9400.445681,5759.057184,4754.842470,
72954.920501,75926.178893,36077.252337,15918.485225,12132.485674,7552.495174,9731.904141,7444.764453,
33938.045493,37014.890850,42586.825588,18018.365424,21421.065238,18622.329655,12016.784663,9387.245862,
66074.988615,81171.003659,30173.917167,9769.297204,23856.485131,13474.889649,13339.674203,5824.564199,
28723.062155,40824.767227,39627.588846,9439.839186,23171.135091,12467.343195,9847.044321,5312.725241,
53131.750837,102386.644082,27552.751621,15097.240005,13182.743707,1372.256421,16547.475257,7069.784879,
5016.297242,36134.014389,41964.694537,20093.547548,23720.387062,12917.067433,13298.540789,8038.980872,
43750.312013,76852.591329,36576.029578,7454.704082,19827.252241,8739.582057,20427.567288,3846.843972,
6421.320689,52429.721697,60781.996930,20539.019020,21281.054700,13724.875313,21525.359912,6734.065659,
46300.410972,88946.264292,39312.418087,9233.211245,15973.097179,18345.790367,22653.946806,3938.146094,
13274.558890,47467.799725,67943.980665,23093.832130,22841.118395,6025.740016,6265.076188,2701.814720,
52018.534841,107889.337658,45205.441844,11384.329190,28816.491717,4546.324850,13337.857284,915.893250,
33718.557968,38032.791670,73877.143888,21723.412070,22342.856950,5759.732420,9071.179051,6553.721872,
63264.466006,104445.017027,49333.479371,13968.586225,14586.427261,13722.319656,11462.921318,6332.540323,
35057.367185,39377.943885,55350.936688,14101.469062,28021.796158,12934.571987,14668.144809,4118.768115,
65263.166173,99085.226448,43930.871591,6138.799968,17397.322077,12874.498358,9308.482611,4290.242338,
39224.738437,45342.895445,38457.781546,9941.588880,18572.505519,11616.206454,9556.271816,1132.685539,
82383.328585,89675.374844,42757.742785,9734.730764,20194.850511,5059.564393,8174.356089,4797.546571,
39393.289802,24542.600141,44495.602814,14033.922770,14820.329632,12360.935678,11409.972645,3756.166429,
74140.257133,80857.886081,23772.336482,16135.230216,18548.330995,6988.789364,10710.939663,5399.992415,
47784.999237,39928.891485,42207.795257,24889.265366,25274.912667,6259.788388,7591.273062,10597.658966,
77562.204878,52525.464709,20606.431221,8423.269318,22044.116286,1521.433744,13232.546213,8432.738899,
34054.624833,26783.851153,33830.555634,22432.456602,22401.931794,7015.465105,15007.597443,2263.764304,
60737.047789,53099.856520,18237.630314,7179.712344,13016.316701,6478.440897,13814.575618,573.585039,
23716.542989,29358.519551,40634.055026,8826.805694,24381.691387,4739.231259,11069.731764,4097.608471,
56184.044840,28201.085959,31290.637283,10447.471561,14633.460059,6892.703531,11907.235083,6051.855675,
16872.067046,13862.904266,34421.793444,18735.822678,11917.715114,3838.835551,4861.749990,2798.071094,
32303.701076,23431.593551,37590.638460,6873.662061,18857.224345,9160.396237,7469.291606,2522.224904,
5449.858089,32130.598993,52490.458124,23668.483096,33631.829617,7999.063267,10551.640021,4758.387610,
30752.268185,62239.304378,46082.904129,14089.153103,12051.464232,15965.108412,9880.508329,3966.086812,
20118.910959,2533.893378,64745.309887,14565.399747,19388.160995,20466.583313,9688.502433,2631.045940,
46900.439822,38265.310561,36343.243175,6219.047228,13826.341966,10593.816665,20280.123296,1626.268606,
20262.930343,49605.856652,63515.951711,19043.630896,16766.684862,5446.317402,7415.781109,164.480796,
52676.015841,76535.378253,35470.439124,6742.947296,16586.509059,1934.669948,7725.683794,6226.367094,
28858.926781,35908.484017,48798.583631,15841.570705,15443.363467,7279.772578,3986.194969,13986.072549,
60482.631664,82466.610853,22014.914914,9737.439127,7556.526785,8471.325805,16702.801521,13729.114518,
28970.300029,28403.965804,47680.595365,12046.051721,25469.440819,5836.567949,14357.378293,5571.574939,
71039.471220,75362.814278,33305.875670,6668.591721,15697.192552,3918.290595,9250.792864,4000.502202,
39272.027416,46099.845001,33600.313727,19977.183436,12105.558480,4781.858685,7396.791935,3323.105323,
70430.607461,108541.425223,19071.822057,5351.627400,8393.958112,7095.951676,3936.307295,3157.232958,
29320.717639,46838.420705,38216.126637,12924.239585,19853.042171,12617.125247,7426.480087,6333.960519,
63283.908537,89790.793845,17795.342046,8192.759257,15279.584089,3054.314490,5687.360417,5779.631800,
35697.697941,42931.516494,33623.604206,16616.756375,21571.411447,4729.926457,19304.434861,2947.406347,
66412.853088,72647.850334,24395.977054,13373.884932,12632.223761,12672.233146,17395.442505,11374.456205,
15919.656004,31773.235228,33516.014106,12409.587078,15639.133505,21908.023239,2171.137781,10380.403300,
54361.277121,85570.556469,24601.313740,10774.360499,19989.122244,14504.078839,15678.793739,2768.964487,
22509.484302,34771.633454,33621.706693,16615.780866,14676.049827,13837.958984,8461.219812,2375.707330,
41342.544608,67110.930164,44000.999772,13330.407132,17744.227419,5328.759080,7263.746008,2983.811628,
12295.195170,36338.405097,57888.396872,21426.111036,26324.526546,13980.692567,9621.241562,1676.490655,
26739.014977,39498.359644,17530.055592,6277.860684,13576.271714,16941.924279,3529.906527,6875.169242,
7135.220866,15797.243667,57865.959105,19518.543825,12618.976361,10571.386709,13731.945595,14027.795448,
35037.714018,47746.138784,33539.017443,3277.974695,13891.604213,3938.280139,8272.796320,11477.093208,
14024.087729,30351.778790,44706.700295,22940.452174,16169.668526,7612.569725,12628.901961,2634.451313,
44902.608867,16225.844182,32535.320207,10695.722293,14893.633435,9581.148618,19442.999672,6712.544967,
17888.445499,13571.817813,37671.019368,8626.384081,11967.565256,1442.701874,11060.343379,5037.738326,
56690.126540,22685.277248,31727.254440,8697.543562,13469.169582,5499.667627,20980.418660,3341.129920,
28987.923370,24142.877008,37897.596308,12629.222830,18198.727092,4421.898758,16041.719503,3802.588771,
55071.791904,46163.928352,16128.824705,11244.036131,6247.075541,11647.725930,14555.638352,1893.676087,
35470.985246,28883.783341,39614.419420,21398.091381,17787.238527,15120.778055,1434.368849,3706.084072,
62492.475771,44781.886483,31892.093522,9333.150750,18176.413450,5053.228769,11178.112089,3809.774819,
30842.001813,33785.805385,35389.400208,22554.561802,10821.675952,11528.594081,7169.997427,4845.829944,
57329.779228,73003.801144,25522.474147,10333.713408,14277.174734,7393.310397,19379.021824,5971.390308,
28294.211864,25478.102146,19528.213563,12790.154903,17788.004712,7248.677948,12512.857300,4768.339184,
60011.615881,75212.194817,30763.182079,12392.082326,8515.906438,14066.947394,9598.953391,1077.216538,
35222.150860,21969.536153,23136.539856,8540.137195,21121.096278,11391.455882,12503.553227,2654.027347,
41165.186676,85311.231042,23429.237714,5039.362584,14901.047754,8821.713706,14516.415893,4640.829935,
22517.610966,55340.082539,29822.484926,6089.963093,10012.507159,10172.883650,13615.304468,6460.690314,
39780.098946,90649.400136,31807.773100,16317.297307,17665.111067,10729.937893,19590.307817,7649.352982,
4127.867875,39496.717649,43639.600353,13457.709356,17604.392849,6750.640405,9608.357252,6608.556805,
29228.010178,73374.116514,18599.273634,9432.060003,11483.170065,5467.524770,11718.516035,4469.217780,
10949.209604,56056.125291,56705.669854,19694.274873,18264.138091,11307.580966,12000.692783,6558.836096,
47037.310164,44167.763696,45839.892923,9272.258436,14071.896100,8728.909781,7122.498920,3885.034730,
9531.459745,33074.686292,50434.955821,7110.811756,12553.337185,5999.252212,13210.557455,4032.081970,
25270.194677,63709.073224,24475.840266,13190.298939,21661.818354,18836.887345,8421.111463,6272.286697,
16641.139891,23398.523486,42742.018481,24899.046844,12423.053017,21185.900774,7269.857866,4290.451960,
37929.104420,50179.066017,25103.229326,11623.774956,10131.680767,4614.461711,8045.203764,4244.847101,
20991.553815,26996.571310,37960.719155,18617.578460,11372.636244,13604.706163,10082.461590,7685.783054,
49346.460581,48845.121170,20003.594832,10098.932314,16360.090753,15827.239299,9263.280114,3880.226239,
27271.705446,25240.167508,19977.724577,6528.045577,20916.969604,13689.211773,5712.723559,1148.189040,
59152.540196,47941.998198,29046.906336,10886.819293,8471.264655,12557.840296,7304.939646,2507.468998,
39603.605252,27066.447124,32819.324145,9918.970472,18858.129874,13821.142581,15273.385052,6580.194308,
57965.063715,46610.276256,12083.836488,7014.710340,20699.543294,11795.529419,12978.573713,4825.859868,
24891.985152,26840.790701,24065.284619,17892.794097,19543.650605,12566.573344,16388.790822,2865.555460,
65533.614049,19170.262728,41146.408570,19285.860614,13894.296615,6989.863453,18760.597778,4689.106338,
39178.538757,30901.926019,39860.466089,21269.209951,10165.661008,9959.746401,10843.668040,3563.159272,
42812.409642,26892.104962,14801.201369,9520.950607,14092.977974,9857.219729,5411.035000,4954.730639,
23348.440065,30883.583297,34527.788915,8676.980914,20307.328699,11423.630620,9462.322580,9416.200500,
32162.303765,52999.769918,16230.221955,5941.907761,13046.940008,2632.335853,9231.359634,8246.054312,
11360.694447,26878.164366,35901.285638,13927.997174,8502.679254,12093.981152,3723.348032,8890.605581,
30731.850307,59112.698942,19771.619726,5819.419783,18108.116252,6874.113130,11935.989338,5086.198445,
18278.499685,27317.627064,30361.345189,10322.757308,20944.525729,8777.557143,551.728020,11842.548474,
37990.874645,49835.085379,35403.933978,19229.075624,17815.642536,10100.481693,16956.195516,15343.722014,
8708.711001,25885.531099,50809.217448,29896.173125,12973.080660,10638.452777,13448.521109,10446.924030,
35701.826538,73394.618518,25524.647267,8332.260238,10187.658971,11482.722025,5303.402854,5818.751846,
6463.750140,42516.222965,34360.106060,20910.754884,21237.300994,2678.029324,15925.559225,4983.253950,
32907.503714,67524.703104,23287.802944,14975.266013,12522.823608,5085.218326,18997.272774,3597.609852,
21563.573922,33646.014717,50194.612610,14945.214203,12540.454119,3035.726802,17475.696447,4076.115285,
41476.915095,69349.669085,34789.353027,7139.542400,14253.287854,5623.939008,8862.967812,6050.524754,
20647.681530,30357.839064,17392.150797,13896.093786,7546.818041,7647.595138,1781.037450,1364.875574,
49446.459805,64557.352226,12857.883253,16872.314029,15475.128170,12833.143744,4055.637718,5232.890268,
32432.928545,37632.746856,31301.924963,16854.046899,15324.770007,14334.310273,10140.396045,8229.319433,
52711.409323,58152.817963,9579.751267,6149.747722,18608.320494,11825.998221,8056.178205,9859.888889,
23601.648518,39934.027772,25607.923863,4098.562664,14602.930244,6653.014136,8593.144330,7003.820334,
50322.304338,69353.198030,32464.607845,11875.328918,11294.077466,12045.566532,18248.832736,9176.865158,
24921.520765,33454.622062,30440.135201,19050.121345,12977.412702,11134.569705,7324.222615,620.618702,
53487.596182,42668.099137,26341.814059,7630.835050,18026.233606,12193.810507,13484.523083,9224.179502,
29688.887694,28838.016435,20911.010744,9037.804369,5901.492993,14356.930760,14736.817792,5369.032762,
39796.258344,23454.119823,21639.793391,7810.331834,15714.675080,13527.151847,16197.320046,7471.365026,
13163.081073,22207.920826,28023.325381,19365.491408,16421.026143,21377.977351,7578.154837,8341.626386,
28529.828205,18194.731543,25908.300793,5844.517757,7704.631053,20906.205575,11799.432323,4988.430636,
10234.951981,5514.526904,41592.930855,13957.215725,24375.110153,5720.544338,14613.411431,3407.912167,
16750.827130,27044.309314,22316.502571,8873.571467,20979.274914,8565.591628,11619.218463,6594.791319,
12673.734871,18604.588220,37711.923749,16350.941596,12924.136669,9200.596032,8203.726932,10821.864276,
31301.427318,21496.288000,42501.971570,4362.652026,10020.930807,10670.050673,13422.959550,9198.310879,
8407.753808,29894.799939,45764.953349,14989.915101,11829.849944,17423.034997,15633.178150,13922.089932,
36400.195566,35357.934459,26196.474344,10103.134471,9873.716326,17847.817864,11883.548187,11898.193223,
8009.069707,35140.051158,26059.160915,6683.831820,15991.744256,6808.849545,6760.442169,5827.626001,
36840.294800,66276.414150,9251.414727,9901.821858,5595.599703,14000.342587,16708.133037,5161.427146,
22173.659825,11985.578585,21090.240442,14453.789476,19371.828756,17135.832418,25700.320553,7867.035246,
38197.941275,54762.809943,14000.997117,9378.244941,23451.923971,12010.320375,8615.172530,10464.620372,
32170.919822,16632.246600,22110.583999,13654.376021,4448.925644,6542.980955,7798.083149,13194.325948,
43638.548982,67575.138874,17457.295142,11885.624218,15490.147606,4879.093467,13587.306734,12449.795642,
29812.213108,34335.857335,27237.838812,15454.561174,14750.537022,6506.424043,17993.039521,9877.996180,
47443.776561,71873.453672,22144.514210,7059.723608,6086.988636,8164.051601,5692.924843,11205.310628,
17865.578483,53336.473768,20423.156398,21266.963037,11133.511818,14433.959078,7132.957320,9844.223217,
47665.161957,62255.410871,24210.372717,24289.895746,7305.997895,13013.351219,7474.706399,5188.337475,
28284.818947,30079.315567,32467.355814,17044.168418,18989.070286,9535.396330,15199.184946,5795.163354,
35088.594073,40596.583122,20255.122075,18945.071949,15550.298586,14493.716560,14104.295969,15735.513520,
13714.108384,42321.557788,42093.446773,20643.420986,10134.158080,21466.600728,13464.744753,12884.915638,
38207.783587,54817.118369,12401.497146,7637.098763,9507.769435,10984.062793,5246.983740,2801.163482,
8281.979831,36258.314982,35024.854570,15988.781468,15144.241359,16300.506090,14272.252277,11469.330713,
24450.626236,43068.935751,31013.145241,24606.134584,17857.849884,26231.371328,11580.128364,6890.549199,
5848.043454,21492.650658,36010.050130,11460.765231,19159.461096,13430.039382,9684.644906,9703.724533,
26462.949268,50980.929794,20660.108192,5406.861810,12172.884046,19564.002988,8726.193163,9391.207681,
9342.246642,37856.567169,27137.710554,1722.913666,7984.833824,15472.531136,6448.544383,4276.239276,
36488.642566,33446.320289,24507.273458,12863.639731,20861.125124,6490.836688,14635.498164,3618.491851,
9950.410871,23579.708516,29753.750378,11634.146629,16296.045744,9856.144743,8056.277075,8190.765350,
33240.144705,21165.045948,25726.875947,8912.217289,10159.989370,4491.040191,5633.863772,5269.651981,
18632.334387,23477.055089,30499.317044,20407.721070,9549.572044,7048.852343,6745.716050,3168.510064,
40588.071093,23127.396166,5137.675605,11341.829211,12989.325856,8306.015261,11088.410563,6472.731272,
19009.639685,14825.877042,24718.629766,9296.076617,11236.925665,16144.300274,5485.113261,4267.765108,
48065.845526,35481.046193,13077.571578,1538.091591,5890.304455,21089.091554,8981.969702,1602.269642,
14443.799454,3068.901561,27413.246890,11267.640546,4556.633344,17270.602127,14294.707560,4498.474757,
39430.656163,23026.294289,20068.522863,11177.705837,7896.192859,10817.165264,11661.870154,3504.687348,
30653.469303,13815.806361,15032.272587,4875.391993,13506.550591,8341.511408,12007.344450,3429.692784,
31275.750838,33783.721715,20162.222576,9068.503645,15501.995452,5655.532784,3232.330479,4206.474179,
20758.997760,12112.408186,37289.030176,8084.374332,9635.386643,4280.589808,12506.393422,5018.779766,
41673.259316,28725.942050,33442.964519,13942.649354,6470.950479,6701.969739,9859.198658,7832.064436,
23995.332372,34210.560432,32921.670911,21275.559114,11553.343150,7219.502027,2054.177476,8743.712297,
44229.990379,50248.551816,38740.958398,17668.034413,20506.013092,13026.660633,2120.145381,7429.872372,
23458.657850,64688.054898,52178.200529,17589.753844,21074.044224,19505.857371,4293.304891,9715.133333,
15559.822478,78889.780591,15483.961142,7015.072909,3951.505450,16532.769933,2711.483638,6976.624143,
5022.913563,30306.198416,23589.607228,18187.201133,18235.289619,6383.084626,11088.115559,5678.879449,
24162.988070,62088.678377,12900.957497,10999.731849,23338.898148,8946.959454,12376.754053,7208.912581,
4551.503466,30586.543703,29611.312664,3409.331046,5304.447984,17600.870796,8247.905008,8304.934643,
14735.891655,58878.825348,9485.660319,3608.404221,19558.029380,18317.173097,9527.554493,3912.616640,
21548.082478,39817.701071,18632.969260,13313.791180,18028.267968,13568.176385,3073.488508,8513.167181,
31646.532411,56198.227732,20005.910215,22543.104470,14220.003713,9065.855948,15914.559936,9184.855812,
19540.616299,14895.337733,25974.187359,20895.695052,11747.422444,6148.616710,12643.399326,9962.164716,
39176.141217,45038.530975,22198.848730,14511.821990,10234.874076,10916.812687,5820.508232,15994.423739,
13845.295723,21980.255551,24364.984630,14203.897646,13857.113840,6981.105384,11147.775920,8777.963017,
31276.461647,55883.978244,8126.184512,6608.611415,6160.012064,3667.724831,5704.521561,2764.754668,
25457.419384,32117.789327,28155.035506,16761.071448,9996.311111,9495.665755,5251.950714,3712.883021,
41739.491468,24823.182620,13953.663478,3974.281480,10455.479759,6953.057816,12883.299804,2094.285751,
17357.709943,23050.374125,34095.079823,11778.109018,15786.447154,7163.330928,8836.677396,3076.397249,
57153.659722,21970.930786,35986.272021,6845.106879,10962.605665,19604.070070,9014.722210,2158.342420,
21114.016587,30763.282912,41855.652176,24226.833410,9751.662641,18561.070940,12875.699830,604.613287,
36267.561711,17898.288702,21556.724016,15726.486623,11898.683974,8439.590807,2032.623631,4452.616871,
17375.914094,14521.041909,15182.239093,6143.726369,15837.089607,8107.620770,7461.806175,5176.284349,
41004.786422,20510.976279,25125.519901,3896.976085,1212.165925,7949.677549,2714.154252,1657.070428,
27155.807599,42414.080589,34505.169345,11464.573872,15909.143564,4005.933331,4606.178219,3726.135525,
30729.838612,47500.390892,5894.972804,4585.563865,18602.870067,8674.409366,2539.793963,4518.849821,
18495.880104,42539.650540,15415.321639,6729.677078,14863.264165,16790.431956,460.643309,2959.294302,
25740.326224,60057.476781,23421.984892,11230.337858,8479.469036,17925.279385,6269.297423,2107.690650,
5191.256108,17208.028192,43038.886924,19694.106957,13710.049756,12297.085278,9767.467941,3002.006911,
18448.868517,49212.554198,10647.955223,15885.688473,10790.835909,8481.541153,6316.827096,4943.546638,
14518.141418,18587.972029,31326.061229,11758.493777,4732.131573,3754.218960,14461.090948,4434.367892,
34059.848282,44637.265860,9222.477091,2841.743318,9497.361531,4093.492208,8263.545523,4984.113983,
20874.791838,20054.886155,31252.159886,10638.137566,11516.935659,8971.715347,6763.630061,7617.241722,
41747.728909,55584.617961,18416.410132,2276.838878,8518.821294,14887.478139,12397.233489,4524.272453,
12352.969098,44570.431282,11844.077299,6830.054696,5987.409295,17297.686970,10141.433843,643.657917,
33366.086949,66438.831186,17719.591885,6775.693732,12698.499421,14192.554487,2921.544786,3670.626168,
26406.123151,16024.243467,32753.355906,20622.016851,12305.046172,9631.933098,4431.766808,10374.838511,
35008.461503,50162.705597,21126.636831,8409.898914,8118.851151,9976.138404,1627.202076,12494.747625,
14829.735943,23937.595003,29412.782386,16280.786033,18021.508854,15403.366261,7251.215140,7225.892213,
38415.854507,57591.864175,10523.091529,12620.907139,6893.003400,9081.821345,7145.112889,356.627642,
31011.304073,9647.264792,32058.234855,9996.283216,6944.462753,8689.794179,10645.872257,6851.827675,
37010.496691,65419.506890,21289.910050,20232.153127,7907.044524,3671.463595,6093.835738,13971.563707,
14854.665055,40522.146134,12276.432095,13930.529757,15909.845214,9891.234722,8769.474783,12796.140162,
29266.272029,33430.033675,19298.696970,6018.266447,9437.274493,12773.616146,11195.300368,4107.856947,
8790.261382,32253.527421,26714.635302,5921.969123,8770.110750,6069.361785,9953.133746,3913.313171,
19272.683311,17860.969212,18314.909108,9337.325465,19265.092782,5256.602165,21476.831576,4536.981682,
8169.237893,14615.486192,31283.597513,7525.377759,22926.160241,17569.844741,24501.528553,14770.921370,
22429.943493,35159.129040,20911.651935,5035.218140,8964.402976,20205.157978,13452.907739,11820.889949,
8690.584358,33319.408712,26367.153487,11705.700351,22521.025162,9181.351087,3457.502846,11927.195281,
31362.650995,11026.650489,14540.535043,3558.419901,14370.801433,11317.109125,753.185244,15136.655862,
1105.514013,9841.664679,18334.413811,12787.230775,10011.196049,9755.592381,10180.683577,9348.275989,
28999.299714,19587.252374,12750.301499,7842.560150,19055.245299,6840.714199,8555.323044,10672.989368,
17469.725872,9056.378904,34528.276105,19380.167387,15108.754890,9441.709953,8757.541351,2922.580335,
32769.068945,15163.452409,9421.061408,14272.878346,9728.335163,16572.766752,4604.851357,9469.820481,
10647.701724,35208.348947,26667.562032,5958.463335,12647.180485,9976.065728,13534.461436,9604.622334,
26562.139938,41750.443681,9698.451198,11763.195288,13850.451122,2904.570645,20121.064280,5580.753056,
25452.471328,6126.963699,23023.099422,1618.670302,5230.853622,3127.994627,6053.689388,9144.386199,
38661.506435,29573.197742,25171.493413,10916.217945,11533.026771,8541.593296,11244.628785,9308.150789,
21654.085581,52094.707596,25565.219541,5146.543293,10394.724668,1928.296355,10776.833241,1610.585686,
21227.196238,71390.706894,28601.324195,10342.031746,7935.696116,8428.691900,2382.429318,10801.511177,
23986.967298,21120.210852,23570.215607,9111.930627,4570.873908,2616.117203,7049.926772,16430.573906,
29322.488589,63763.416372,11520.327539,8061.257563,9605.047409,13175.369338,3199.175861,11484.750293,
15338.607479,34517.636060,29145.319899,12890.947685,19986.589417,19346.411210,8458.219002,2448.969721,
42324.490564,20295.229676,16454.067153,8560.441551,12985.706679,16225.397530,9606.418273,5194.181703,
18273.881264,19298.465869,25897.131614,16016.922543,7316.692013,8959.426291,3664.651092,4460.964648,
20204.358116,46594.022402,15929.513229,7750.768954,20679.764963,8108.994226,4080.269285,1523.033014,
7974.775642,48189.170734,23595.597479,22678.175441,13273.608143,14708.225085,6555.950733,1092.305557,
19490.072849,43486.858787,23251.929667,15238.301571,5834.092455,4752.222845,11453.287266,3781.859584,
9029.974237,25237.216212,14972.313525,9379.511810,14773.610108,8214.907214,9765.945384,2974.121659,
14051.192210,41427.180037,9826.341752,18530.506172,11110.924634,6414.097001,16214.423210,3114.679857,
11369.922196,6899.679665,19785.543102,8380.515375,3958.841956,7194.106273,12384.433713,2085.860830,
20761.110208,30208.811219,25570.930913,11303.398497,11097.104677,19622.111882,8290.612362,5749.179135,
13503.184862,11017.158590,23269.595751,8676.905244,12593.170031,24642.707459,7081.311425,10639.934068,
27915.356223,25122.420845,13414.340623,4031.765213,8377.953543,15416.939025,5233.661825,6969.177692,
19743.089832,7863.777591,24425.060606,4538.714538,14097.780451,12056.965536,12164.447263,4056.499391,
31798.322800,28499.251627,18762.447856,10416.662359,2756.064823,25388.870259,10373.743661,3384.598283,
22234.267634,6802.810920,40911.208534,17937.667814,7577.591266,16758.301048,20680.385495,9725.301335,
41285.133733,24056.966416,11809.429043,10392.361751,5766.501848,8300.230107,19132.892690,6242.163543,
12005.238421,25914.504004,17040.192605,15561.836728,7382.538378,17621.787843,3210.239272,7388.889704,
39670.796460,19027.555066,18545.153894,14065.363818,15967.153600,7495.165016,9554.189962,13993.720122,
15005.807986,15549.550068,34043.083792,4293.074051,19864.056331,7736.494512,9539.586649,7369.466077,
34306.098885,23696.024795,12747.033411,4975.482651,9730.059284,8867.102850,4971.871924,6587.795852,
6752.862001,23333.864266,22445.568021,1802.823342,13981.215605,1242.696431,5522.750171,5774.252640,
28418.799229,19157.417957,24047.393982,15553.236297,4349.327372,4244.580301,6945.362593,6623.193750,
5000.945497,39162.727585,30218.679967,14546.612711,6159.281030,10030.409784,5102.670844,5980.644578,
24021.779424,53085.376244,19830.476139,4991.759315,9471.288753,12906.318870,12780.047248,4644.000933,
13323.764681,19229.467022,29835.026463,8747.236141,17853.828185,10970.492395,9972.449743,3454.561697,
33416.472903,53829.976138,6025.751871,14637.270333,5761.780217,8825.013443,6894.907357,11978.053034,
8946.819213,28905.040844,19149.926684,21187.547287,17723.178159,4882.765425,8210.991621,17400.401223,
17194.172125,54384.134317,3877.766196,4230.502667,10446.136861,13421.648277,5499.614964,12449.344737,
9030.233894,19661.709621,26487.135922,14155.239259,15957.345248,7827.851472,9297.367722,6045.841054,
28654.102356,40965.785936,16339.932504,428.399288,17291.996691,9230.823872,10028.585484,5896.780143,
3951.375804,24665.999081,26029.001111,16900.981200,471.061353,8161.107753,5100.611847,5930.294473,
28135.480457,56043.926265,17430.477746,6051.541072,6514.724628,8170.289883,3266.962114,4030.494798,
18937.346748,8286.228756,16231.039382,18206.089476,3440.202234,7518.019766,10116.456445,1024.710323,
39668.903010,46199.934697,34902.568014,19112.394291,10545.974237,7126.882721,11703.707602,4730.261837,
16241.986118,8261.431115,34765.029988,5457.296291,11789.213448,13255.550754,12714.959490,9828.036603,
25992.362158,53882.069500,3456.409354,9019.835257,6648.385696,23277.455349,16119.460749,11067.888312,
13659.828064,23872.554676,27173.571037,4742.650886,7566.620863,27823.548373,7447.720907,10203.098565,
41251.802463,35002.647884,23403.926219,11153.407363,15502.595637,18530.795945,1605.384679,7804.531956,
16490.532621,20046.793148,24361.829560,2868.050025,11895.880674,5889.914726,4539.951937,5146.121990,
27830.502881,26805.278298,9253.912188,14977.298028,5129.293965,12189.698867,5880.929205,3935.440907,
4242.832888,15576.539505,20021.595445,16212.120826,3967.332904,6240.728814,3232.257089,3669.943731,
25942.357484,24779.597206,23136.154358,3463.114758,9169.494845,6275.817565,4897.318406,5267.238888,
13933.753566,25864.494560,21342.693642,16957.840996,15667.094511,6153.691391,9329.470711,4400.480122,
35631.666713,16856.379962,14858.270082,10438.596155,9336.833263,7174.416700,15180.890314,1511.745393,
10696.473857,21489.900179,28280.130123,10716.670971,15212.051198,12852.993089,6219.854872,3242.974297,
26112.813519,32244.882936,16076.559516,3548.897556,18873.972424,18129.383484,8948.587289,3477.200641,
12715.943715,7409.485059,18125.527869,12517.896866,8770.063088,19597.387911,7725.914914,9889.293539,
13924.755656,27897.725317,6981.057546,4942.747506,4557.020706,8517.892622,6406.964247,13547.299492,
9982.972827,14187.040561,26069.395439,11886.010670,11066.679830,1341.927365,14316.021369,9466.108234,
27563.144229,25271.607836,7498.052738,10647.395212,6856.175876,5367.071566,7567.910709,4055.921709,
13239.225211,26521.950553,20831.617540,1814.160268,10917.290563,13062.842140,2184.330959,3353.942446,
21645.398934,39406.244305,14850.447365,5776.334464,11509.803947,11345.983789,4573.075278,2645.899915,
15773.489775,19416.119540,23642.555628,5060.493925,8922.230468,10327.269243,13702.315953,1358.184157,
26456.071692,58653.023176,14035.673573,4194.227169,13306.919385,7652.359879,10691.273302,7020.046332,
10702.150865,29245.443200,26999.245851,11408.170585,14431.976648,4806.475631,12314.890141,8923.068787,
27422.406369,37667.485614,27935.404796,8101.629550,16248.836602,9148.387209,13562.168039,7467.849365,
14203.188680,16655.404425,28830.507649,2524.863347,10564.256577,9242.669740,3214.729218,7896.158399,
24125.985572,40304.271542,16399.027416,5445.608515,5358.189108,12276.903023,10878.352638,6526.620362,
15408.592633,35771.189207,20956.871200,7867.630689,7960.856109,12613.056819,7363.260182,4260.716686,
23964.873707,46612.274499,1648.240905,14733.054479,5761.689151,9078.872609,5565.165396,2477.346378,
13404.356993,20688.124236,18260.576005,13468.834165,12509.441047,13991.263297,16374.041561,5385.529131,
25556.212822,53061.016200,11135.790324,10373.016564,6694.671126,17887.368478,13268.579210,3844.998548,
11768.840987,29236.135239,24354.975193,20350.206503,16911.053455,8093.516151,5597.966362,1199.486193,
29785.527996,28111.503180,21339.378631,11297.541144,11454.081210,14751.107225,5250.684219,1232.401085,
15342.305103,19609.401791,32910.897736,4910.029828,9691.065600,26379.516574,4867.387359,4909.396995,
25136.693687,13669.675383,22724.294404,7322.726851,12003.710607,17458.934063,7161.920674,6556.666043,
10083.871480,16373.120187,19456.911083,2531.459013,3236.125950,5063.722693,3183.252846,4847.199834,
17652.607191,26911.959293,9164.357591,2360.795449,10880.293392,10016.996920,6752.931486,8067.075203,
5397.468121,8801.399222,4174.942397,7142.907837,5777.911414,2697.803942,2740.681640,9397.163446,
17667.909223,16347.352690,29738.251462,8859.030084,9663.768291,7280.452127,5702.077571,9252.120132,
7887.553073,3996.411461,37088.343833,6965.004493,2644.102168,11046.965531,4022.928020,3019.019993,
21096.181948,17676.542826,10900.238077,4477.356995,9105.177069,10954.728934,7988.265346,9263.403645,
13385.644067,12408.941764,27001.061634,15825.766615,9970.095527,9253.867592,3846.155553,7249.855122,
31968.828536,19442.011604,7953.104093,20235.927839,8423.803083,3865.976065,11483.458110,5620.454182,
11133.950742,23882.098031,33849.813334,13419.923337,8089.741790,4474.448101,10400.014279,12582.368331,
24404.725934,37364.601990,12651.503873,5237.086790,12104.053622,6103.191444,7893.293720,8046.305326,
22224.116353,13460.666702,25561.377075,12781.056878,12887.624811,6868.612365,5702.564343,5626.195853,
39026.795600,34296.161130,25139.860960,3637.473074,10198.400903,3101.630222,9466.281103,10830.163332,
20046.799995,32993.941743,16933.783273,14098.126310,3560.061810,7573.307053,2730.472671,6992.618775,
34721.999219,45735.023196,10274.232434,6991.951591,13791.307388,7877.893917,9960.823155,6707.578855,
9687.505239,19128.930682,19529.031681,11343.637897,11640.187707,9098.765256,4291.654974,9809.648384,
20226.576171,53886.120162,26520.913288,7684.348450,11026.044910,7823.003786,14787.711450,4452.930901,
4305.981755,22810.275193,29624.994240,12890.247813,11887.087601,3981.739618,11217.503739,8444.811342,
17188.863037,51368.126624,13180.849906,10613.866965,9170.274103,6114.701091,11708.045510,6731.715961,
13162.209537,16883.563912,5154.890967,2970.408386,4851.639887,8696.765103,4608.779365,2357.187957,
34056.652480,30106.802226,16517.959905,8253.800344,9801.755951,9449.374723,6119.981351,9644.140910,
9875.207021,11461.756376,24688.123611,14139.506049,12547.407669,17531.999780,5157.635295,12021.807733,
22785.122667,50118.015405,17104.570902,6374.695948,14309.444613,16858.798055,19811.607377,8005.178582,
3578.764310,30522.738147,16104.027489,8256.616740,11341.876265,3697.415962,19953.270678,1541.412548,
25335.072987,22234.685333,25798.058703,10366.020986,9592.333862,13042.382248,3250.721673,6860.073052,
7292.083547,5631.507486,32300.805068,10792.502716,11975.916900,8340.128853,11305.820618,6765.352484,
23384.832849,34869.502347,9489.300017,5185.129746,6087.718089,4492.417503,5501.687336,5441.036906,
6581.756408,27610.008875,21282.618005,9766.717810,3448.831431,6368.719304,12463.588875,8067.934915,
29354.327030,28795.151568,11025.105743,7500.089096,12841.874229,9174.681631,16582.472788,13481.229222,
9797.755551,12161.593877,15953.429687,14979.648691,14895.468164,10827.926500,10479.142872,13266.852550,
33192.463556,28215.859770,9811.241977,8996.175988,7205.562386,5802.893820,8785.797175,6699.498865,
9307.859039,18257.290795,31065.287014,14846.462461,9430.644262,7314.077560,3531.580263,7701.746562,
29737.984459,12447.188982,24602.469758,16495.688468,12201.424216,8464.666615,13889.967731,6280.504103,
19742.251644,16330.563608,29116.229083,8180.671000,3761.333940,3046.252369,6908.260768,1133.349436,
31259.354089,16170.712638,14886.198306,4931.070369,6309.530300,11903.188464,6760.100945,5215.702722,
8175.493507,683.212214,23437.368604,3672.884186,4219.344457,16455.347133,7614.502514,7662.923346,
26391.438841,17644.490564,19520.946680,7276.413538,11460.255575,14820.914200,7609.035029,6223.714888,
8538.291570,25955.462050,14424.959588,8861.001627,8351.912682,19202.532368,8052.620055,4543.811746,
22329.719658,15981.179250,10335.304701,5112.284170,4959.489421,26684.298590,7898.172039,2390.586076,
12176.484219,35001.537514,21890.269718,16809.214462,13789.810734,23633.299692,14863.041225,3468.149929,
19543.441675,54067.475824,9557.396807,11969.471628,18466.112460,17335.002975,17594.731906,5597.328410,
6390.138336,31195.913868,27728.382060,6125.005644,12392.892092,10123.609683,6006.777073,4391.571800,
27482.423186,39587.014807,2624.670192,4737.282352,2890.960587,3865.690969,6358.280416,2655.587156,
7476.682015,26240.026721,26378.883680,9439.727697,3991.858679,13956.654614,4152.208449,2234.976268,
19213.908895,41302.795918,11603.351428,8706.630408,18592.999702,8146.206030,13056.613897,7815.457151,
16830.240588,4674.433523,34806.890789,2210.917872,22419.091816,10927.217057,14933.941121,6789.923945,
40100.397160,41593.005056,13494.369807,3039.162218,13991.682451,25207.655101,11951.044709,1584.042725,
20427.715999,15172.314880,24592.869610,4570.569453,6083.887773,21922.954869,7623.681496,5605.070886,
28976.037689,41686.589862,20983.149058,9876.094035,7320.435848,13930.830728,9934.137464,7925.198643,
10352.315187,21537.549794,22272.968543,8972.535290,7766.396623,11383.414906,10040.099589,6337.717131,
27729.785072,37963.339479,24782.637634,10208.355694,7618.956484,504.969563,6521.566812,758.661842,
4811.364176,19945.229218,21150.225360,17546.313447,10966.528114,8940.081484,13911.934543,815.436261,
31371.727122,24314.021294,20889.070752,12029.891603,5100.797755,4305.230644,9051.403560,7714.547934,
11909.227734,8106.719816,17135.226078,6232.151586,9236.709577,11290.033665,3183.137103,11376.778720,
22939.372143,23937.083144,5195.670411,4515.617186,6157.007750,18181.817616,6527.922866,7473.044229,
13328.165818,12123.045517,16682.091832,4104.267463,3693.121457,8841.914745,5926.704544,13521.577509,
19774.734845,13333.977062,2426.730286,3732.904166,12378.520458,8811.792866,12544.221049,9202.217718,
9602.629255,9115.285255,22587.678038,7189.949496,17855.157779,9524.642369,10894.853725,7080.654875,
24577.857740,20345.073281,14061.328287,13462.671528,13094.319540,2241.153108,4291.018109,9427.632071,
2161.061275,9139.308857,26975.998452,9424.644308,10157.349844,8646.719301,4250.416031,4066.656742,
26987.315835,5271.164906,36853.826049,5680.484957,9939.087259,6189.890261,3613.270162,2845.934581,
797.123261,24140.079125,22000.632966,3051.640105,12825.423396,2996.969648,6675.058063,2245.974750,
30134.740256,19886.855049,15261.642199,9629.604368,8536.872850,6425.910925,3307.192445,4494.490283,
15581.615039,32703.847004,20838.568540,10094.183866,12783.179861,8005.077710,12875.845074,5818.364256,
22998.248248,51774.438689,9995.038558,7143.812768,5218.331284,7331.814464,8040.893793,2704.212043,
20662.438917,2652.795947,28217.216916,8657.759162,1178.827802,15346.237609,2955.779315,9358.383218,
17410.060858,36828.767864,9461.609572,7207.137293,6964.171378,10206.913189,2386.727554,5753.041454,
11932.831941,2878.213508,20121.169076,6707.244592,9324.892707,8491.360714,9705.353719,3975.102218,
30326.783864,34083.508841,17011.846224,6272.994440,7592.095825,7808.837151,15335.552232,4094.798447,
14113.718054,7462.762682,20468.204763,3055.079586,15289.556659,4909.811838,18872.042680,10680.385573,
28233.672350,34403.800384,14824.839660,7896.936258,4319.413469,13572.182479,17206.542774,10971.566637,
7530.816823,8459.659802,18525.740212,5055.541945,12559.681153,16578.716499,1404.234414,4337.625904,
25589.271431,49179.609027,4807.081162,15622.389216,15012.783524,13435.125426,12998.041459,7361.895118,
13294.723189,25680.782279,19105.806016,11933.213163,11637.207389,10820.688107,10193.716846,931.688827,
33505.852684,49721.532006,16290.757098,7110.452350,7719.019601,12080.471577,2969.361206,5487.055140,
10307.921760,26900.683234,28967.155468,11923.598482,17757.317772,9316.014730,2526.808857,5052.100249,
28023.834042,32357.336183,7531.627586,8317.565962,6810.799925,8274.114148,7197.061801,11417.887982,
11950.223676,18137.591450,27274.587415,18693.206980,7533.156603,9210.154380,14007.477232,5979.800912,
16055.119988,21428.906098,16624.001952,8554.106925,4752.573361,8676.304723,15606.743651,4714.538000,
5410.685342,15469.971812,22230.160180,3587.890348,16295.341289,3996.081375,7372.787698,2621.618399,
21703.840484,22254.268415,17386.147176,5428.837989,15604.693649,3170.191273,14080.999994,3498.058830,
8910.367743,13769.434157,11193.777282,12564.398515,8512.020847,3754.218855,10031.513992,5584.601556,
37377.748458,13021.898431,6757.996743,1312.433029,8480.706031,8148.484875,4891.463715,16305.622662,
12336.356357,4653.032833,18193.927201,14535.110745,13054.785867,10435.473101,11320.412140,15002.398159,
18608.478464,24715.866503,17371.710726,12898.322109,6130.005124,11564.169965,5728.280046,2451.536102,
8661.315098,12886.229522,23111.294299,3967.442342,9735.699491,10267.925378,2057.183692,6767.569192,
23629.831444,3010.515704,9492.671402,8422.613088,15389.292276,8189.097658,1817.322559,4003.253083,
16136.825995,22009.242543,33784.230987,11842.133844,7336.695506,12031.489585,4551.914789,7380.014759,
31430.808032,24049.560561,23022.197073,5480.997068,9411.183955,12040.506731,2059.584019,4693.493445,
6499.081659,29374.323170,16043.167813,9949.586151,18537.091482,8641.451418,5268.254359,6039.548580,
37856.408111,36412.379879,16924.314649,4703.956228,9691.993823,9846.707627,7272.707808,11036.965793,
14861.778412,20247.863399,12904.057529,6901.425738,6296.955764,1289.438413,5658.733714,5771.933330,
26512.886057,46231.263436,16921.635477,2976.556481,12793.163036,11372.036482,9272.665215,4257.756508,
21340.947009,18607.389157,19383.952697,13700.534604,17438.371014,12720.325137,6383.069983,5841.349360,
18794.395193,46257.174906,4993.513071,9842.256935,10274.702768,4114.091078,14223.418001,1236.873343,
10964.335978,19065.528399,29847.425223,4426.616654,12969.670193,1516.229364,14184.974252,1733.526774,
18648.090683,37450.386285,24682.964589,1960.898083,10129.739825,7348.812643,6255.530079,3543.999184,
1892.519771,18609.833208,2656.684200,10430.286418,15145.176227,12116.328427,5169.719926,8270.073720,
24744.879523,30135.163688,21017.665400,11907.895222,19019.343125,11373.025669,12225.463300,10233.401093,
16480.203671,8888.510339,26039.127591,4424.465235,2463.671858,5516.914834,6505.850960,9607.242859,
21292.828945,27662.835506,22724.484487,5213.425478,14754.563934,6510.685854,16681.384140,9458.710816,
7638.779695,8369.951749,22777.626779,9190.908366,15473.705283,12618.774165,16249.161140,9462.603410,
9902.498475,28049.080644,10753.965749,5519.393517,10554.549235,5285.451451,2626.176695,7719.472154,
20080.922981,4054.983137,31366.817190,8245.757997,1629.706660,8413.146303,7387.955134,7096.341647,
38905.452346,33287.514961,9517.978865,6803.611336,8196.839147,13807.253794,7234.252621,5577.679072,
11986.574860,9595.618019,24512.072463,6302.377400,9347.974553,9966.358587,13056.377578,4627.082374,
19991.858926,26419.810571,9701.599014,330.095097,7272.058542,5405.140516,5941.812853,2653.494034,
13828.871825,10731.133651,28327.742381,7289.031539,10554.674211,4121.530417,4641.340123,8450.661472,
41025.438321,14560.736484,30515.253723,7373.389300,5063.639689,3451.333346,3969.104354,11507.712278,
25571.338580,6696.763603,24495.581949,7787.958659,7857.756474,2922.661810,5699.596174,9372.853009,
19421.935305,21447.069706,8615.971025,8322.490573,9800.672579,5815.067562,2841.006151,3354.611758,
11618.033565,18244.535009,20615.332203,11066.524390,16755.988617,4972.308148,9886.542171,4710.418935,
20476.636186,32305.676361,19486.412884,11087.063180,12101.396666,4112.956714,5643.505338,8003.283042,
13083.922325,16777.938516,30745.507318,8934.326705,6337.056153,6383.650322,9615.796432,4960.735691,
5466.467369,34185.538844,14023.380725,3560.705145,12056.414525,9834.393885,14322.324008,6222.231619,
11125.966647,14288.396536,17446.234095,7992.544997,1537.879114,7256.933270,2313.304778,9342.413142,
23009.896105,23985.981996,22171.114460,4438.073234,14580.452068,9280.706123,11746.557030,10270.354894,
14420.083255,18693.591731,19118.233650,11996.977639,12173.757746,10216.699880,13224.655684,9696.124811,
28669.852503,39903.857793,9335.460629,6054.330991,3414.738651,5310.626521,9350.028111,6324.969687,
17220.687055,13034.098308,21267.806137,9044.665332,6089.351423,10422.792277,7951.177273,1824.410205,

51348.000000,1916347.000000,1073310.000000,2888577.000000,1275765.000000,3623535.000000,2425104.000000,1521273.000000,
2512347.929645,3684686.251353,3162841.261360,2217665.020463,1041529.258650,2466852.615329,1753760.220909,1058631.339776,
2114923.637858,1834591.380492,2402294.868565,529368.100932,733851.216201,945753.002322,625209.313838,215050.860512,
1386539.111645,2505018.698872,2048992.962019,982283.323813,534098.899406,1123158.312303,347235.744587,194200.142180,
2077644.364905,1770842.834365,2375352.886674,581596.641571,887817.588950,855247.586522,228601.763884,245802.264514,
586774.143901,2664193.492288,1050904.110283,1171378.596548,2185242.282191,2775705.688164,1306890.461966,331166.682111,
2484465.416052,4399573.294615,4307625.930561,2207912.405765,2677402.090500,4115343.255905,2557218.637614,536477.718445,
3747271.242981,4662514.244991,4016279.699813,1586739.127463,1853081.153373,3938825.815597,2624947.415258,739011.174183,
2179112.233846,3975411.216226,1516355.989970,398451.977849,1532727.813436,2447181.564923,1207751.887337,518081.327214,
501339.824112,1802888.216000,668852.790988,211063.774423,1836794.620931,916290.694337,554371.387543,172981.379557,
979403.508852,1788684.516108,124589.569219,421428.934521,1287286.273324,709689.171030,808929.620249,109692.402809,
738496.173061,113321.813242,621894.176090,328920.864108,490064.344152,463222.700480,335803.564157,97459.293246,
1074486.240790,1654670.599294,425195.228247,80987.686082,419250.052371,245242.895799,408103.736022,193663.021841,
211994.388080,958900.331803,688644.454129,148658.871358,544289.761259,353407.726579,480441.248210,142784.693275,
376427.800920,967827.633999,700749.608521,30205.317455,420505.219673,276988.756337,381806.841079,61949.478230,
332975.893529,387608.554884,238991.840359,95460.632081,196934.971609,201497.536625,78404.927588,35393.431626,
436454.376274,860697.952951,357597.494147,153738.076769,128306.862167,158741.545395,327705.903593,49329.473539,
134364.653713,452295.526353,285890.982576,75752.869198,201278.902686,94972.958322,140543.269777,57318.892827,
441408.217373,583960.403610,298067.004935,145333.745566,141974.388126,187777.988428,222970.801583,78518.140776,
39436.760121,300285.769755,402700.772342,172409.840091,330174.122940,154912.371646,223577.551205,60121.254271,
207964.594663,457192.034963,92544.955009,39586.393390,135397.797406,59784.332414,138453.964098,19791.368111,
132599.689903,194007.959957,326070.174089,74380.965270,98029.584457,26278.124447,73288.451842,51039.004437,
257760.391171,401013.503449,288381.034547,117412.655153,32342.032072,67354.319879,73838.495788,61179.919617,
163828.193651,152533.904408,396172.364002,96877.532328,139943.154571,68868.532165,93271.987831,32297.938467,
301124.036310,318444.992449,234982.419186,70924.954455,111879.462374,32113.666556,97469.713635,2892.176228,
168512.974900,192506.050206,288398.345803,85878.366086,155477.204259,11857.128380,80597.187603,16148.150593,
327048.946552,242731.030517,155831.681585,66454.866436,86075.109480,36468.636656,49694.838921,3340.121905,
217772.167131,84688.210986,305369.279956,87994.990876,133188.904306,37145.530907,111488.684598,9740.276321,
388205.222620,181015.283513,128905.328015,22433.087968,153468.497482,23501.207228,43517.274013,11229.951091,
229994.541614,94786.731928,266044.051240,64029.674172,77054.742782,29929.666141,88874.190857,31162.097878,
334760.961247,266923.673177,195577.884482,37729.468286,71008.196108,50462.814516,79556.162432,22386.636072,
138841.430930,49562.931221,237396.253242,59961.640213,88947.955036,40728.144315,73449.832699,5865.748420,
311990.266171,255461.575769,142248.220521,56211.237608,96881.482256,11989.497278,65909.079073,11577.409228,
102492.499737,65751.050806,209009.633415,81705.919795,64419.979329,40078.663219,27616.393087,10531.294485,
266743.609608,256301.124996,105353.171158,21009.373774,37947.282642,13937.889667,37301.834845,17372.382784,
113534.041255,97409.098343,178423.049502,55965.939064,84426.215246,36148.031382,29698.280727,12755.954988,
207740.909677,318244.844099,129759.710122,49236.519007,49755.435044,30145.535152,46738.382499,12696.967079,
61212.180422,86910.866641,166005.366176,60941.997453,99796.866940,38525.755658,27245.327988,6997.495418,
186244.867150,289933.587989,64000.001673,25962.937345,58223.135829,19088.450985,51897.257192,10458.304908,
54763.951751,138261.333255,123005.570340,45764.150517,67090.515894,16878.685606,44933.972315,2351.118425,
167175.832396,303196.466937,98251.971703,40406.891190,61652.576500,12893.769397,26317.227076,8706.582948,
475.362964,105297.082939,137748.027424,58979.929638,60157.792009,25319.778075,50222.290922,3204.806970,
136355.274929,301072.591856,97625.830889,45166.783606,48138.833956,23756.007354,53013.705643,10960.702035,
53409.433242,119048.195336,149965.326850,50530.434399,49163.164540,5094.411476,22990.116787,6506.111042,
158795.918947,271309.900963,91147.712172,33636.723141,54677.939068,15493.225689,33403.516638,2865.835863,
51534.313293,90586.272565,155673.803781,44440.560074,75830.521928,14137.897584,31396.871151,2029.162114,
159270.972200,276619.577006,93399.200128,34354.141762,62371.902724,4258.896339,32071.904959,9180.250826,
85720.216287,112335.135407,137706.479482,45040.916854,40664.270242,24959.414635,20637.154753,9559.428447,
166009.834564,219495.452976,114244.612443,30343.480041,35952.833348,20557.486067,28901.732240,2584.879409,
107693.718685,84758.173066,147735.911797,47825.788650,45279.558081,20777.878765,15126.722242,6985.601432,
178779.225003,199598.854183,112788.565913,27741.379761,51756.421833,25283.224047,36125.339992,7337.404689,
89552.702539,92855.950521,144595.720394,44004.353098,43581.905935,15373.947847,18405.727643,2670.090157,
182018.783896,152098.716473,114535.765835,31661.863493,52932.068424,18111.616670,10847.497876,6492.521597,
89169.672595,61732.889806,138546.199246,43084.636853,57069.591824,8385.100843,24054.239465,7838.384839,
167704.479006,122797.637623,74008.404627,24304.984806,42086.976656,21736.021056,29905.741027,4739.983040,
87019.145468,44250.628942,123117.979433,42289.328520,39992.869541,13565.537380,19929.223808,3509.300429,
169032.311084,100044.518228,68364.797713,20915.845571,37681.708242,2520.150059,25848.588877,7157.198829,
64721.932862,38404.363273,102949.168701,41951.645765,47871.521013,8295.253830,15979.416147,4531.703588,
141826.184896,95281.704962,57484.171863,27914.939483,50527.480741,5361.853582,21451.794424,8028.071946,
40883.858907,22591.101171,90393.442994,36548.592823,34362.642879,10033.066156,24972.452098,9394.578762,
118651.075458,92863.405692,57960.644354,30108.903797,44331.518438,7540.045128,28147.386277,3314.458778,
26488.269725,55843.643034,100645.872680,36174.053481,33676.333609,10156.990466,13029.513828,5843.578470,
100848.340794,140420.617740,54772.956779,24902.494193,38289.400623,9143.652488,19657.614448,2210.050777,
15264.962786,34121.300535,86401.641204,41333.127520,35267.860326,10089.041447,14406.960616,5334.796705,
85170.940054,141727.428069,63450.674531,23765.399295,36702.535418,16141.516636,23398.235185,3048.918826,
34728.564749,64310.906486,99157.246187,39342.866291,37209.055300,4094.981655,19555.530325,5439.492566,
95722.956275,156877.648436,63554.488241,27896.216855,38172.750637,8275.860744,30275.345063,7603.318797,
46618.145542,64097.506765,110226.095418,39242.945376,36978.734118,9860.524250,15937.700694,2495.479705,
108423.802236,183364.876303,71908.712588,24034.872493,34369.949193,8672.130502,24877.952335,2743.800969,
55929.262146,73125.000357,111502.698848,38373.791122,36861.740777,5930.031609,18296.272232,3695.056839,
121492.643158,176826.790344,76808.207211,20822.322455,38676.229782,4522.729742,24376.535849,2525.257559,
64351.188895,75401.775203,109995.893830,34758.045849,35119.315853,12069.043753,16393.401598,2816.368372,
135032.516122,176437.145677,69459.778567,20785.434345,37764.938215,14060.122109,19636.997364,3713.264917,
68592.193413,60518.329276,102620.113210,36526.166438,30546.125900,4413.154333,8943.544312,529.812441,
135011.101650,166473.196800,61756.505975,22547.006317,37583.679794,10597.038124,20011.136715,3431.312365,
70990.572630,63261.380579,91918.756063,32732.123157,30220.865335,3147.224247,13572.374658,3673.959569,
129704.073715,153736.560934,56663.301931,22829.327086,38836.147173,8966.419499,27075.930144,3933.460920,
58039.376130,68501.812790,93537.907873,32794.165165,27241.913915,3792.212664,21876.907995,5779.647330,
119824.901278,143501.849460,43099.546885,25891.116533,35559.168137,5614.337635,26466.236229,5917.194560,
44245.628843,56649.318399,74188.579039,30969.847437,22664.519063,5626.180101,17526.602768,5788.211149,
99473.468298,122007.544570,46221.966703,19876.327000,36497.236879,3673.809545,26213.546589,7084.440983,
33273.292510,57250.064862,63801.407388,31279.494210,32440.316657,8808.028525,22000.095967,3416.740790,
80228.493987,86697.816333,27596.094667,20065.356605,28184.286770,12285.358275,16763.589709,3205.162506,
17763.280145,34329.215929,64320.115905,35450.951941,28981.762478,16669.671383,15610.331293,4712.989020,
61687.717340,76457.349362,38858.697311,22447.613441,33170.385202,16458.842967,20244.218843,1976.194286,
13967.118625,36579.205214,71719.895889,27347.496051,29312.988918,9122.604202,13807.105010,1693.899989,
66931.751007,62870.466329,62576.293127,19304.230035,29433.701669,14785.414788,20370.556814,2763.026652,
26951.602877,30781.845193,76160.804732,26628.330149,23697.578589,7553.607185,16158.505746,1944.229735,
78867.913736,71341.701343,61952.400207,17545.628664,28836.188069,2896.216995,18562.861667,4381.281978,
37257.458191,25469.467349,88476.861819,29097.606729,26589.015597,3527.134230,16565.876821,8447.355048,
88445.630507,74268.130145,63870.544993,22682.217805,27443.908371,9666.553979,21993.568798,4428.949710,
51561.288892,36831.577716,92673.936722,32718.951835,28431.945490,4888.848366,13022.517602,3980.731852,
109270.164641,99066.291166,69604.745486,12981.020934,27493.427970,8876.693269,16673.229934,4801.358569,
53355.981144,45684.793463,80756.157047,28840.842903,23807.495288,12551.292094,14759.567655,3238.053922,
109714.824204,116109.679155,57057.337089,14972.369353,27399.526833,6876.442315,18679.294480,8908.527964,
54581.690381,55891.840418,71348.193193,24861.365489,25711.931369,7433.065039,19983.464206,5097.194391,
103421.262118,117575.860643,45659.514247,11845.521763,24081.703681,13001.522000,19861.617716,3411.824587,
54044.444191,32464.548145,57735.591477,29432.888095,23205.195651,14694.749729,14097.509431,4891.045918,
103215.592839,126331.864966,33200.164448,13151.906253,31153.490638,7436.239243,18702.893521,2882.600219,
45381.884609,62530.825808,59515.471528,27795.714026,18234.430610,5555.421765,6263.109292,818.019652,
83799.119635,124899.279981,24789.871571,15617.974562,25503.450315,13611.998460,14769.386857,2691.014125,
29111.643384,59987.609031,47597.307019,25769.406102,27610.431578,9913.007655,11283.589100,1766.469402,
69508.090068,128608.777437,33220.108960,19019.673107,22292.427099,1016.034036,22525.507373,2755.031074,
19597.519120,42190.516116,58930.530002,26259.136531,20455.152893,4234.408140,17421.580886,4691.018151,
58464.339149,111919.457484,38748.185051,14473.406174,27406.248502,7874.779627,9592.744870,6899.813264,
4812.044109,58864.789254,55746.512640,19545.439882,22536.975432,14019.449959,12736.795707,6199.033304,
54360.329446,121422.535455,50670.906609,14525.376042,30633.547677,13290.005477,7881.378776,2647.039207,
11939.165960,46234.237512,68340.018984,18212.075967,26836.190303,3895.592858,13282.595752,4902.511601,
53937.815777,92042.135538,45813.660765,17756.909093,16928.494578,15280.760204,12608.466097,295.934362,
25418.758857,46381.454441,73910.343277,20855.548767,26898.964774,11970.367850,14009.568410,5349.213346,
67168.980633,72400.458089,48373.343985,16335.445039,27558.187223,11706.082407,10903.651292,4440.225094,
41106.774108,28501.941833,68080.283835,25619.451691,17382.904091,8539.121629,14109.732020,5417.285932,
78461.209264,62617.596911,42701.500664,17963.724257,24481.313687,6985.056124,22485.376351,4305.032135,
38886.779535,27633.706274,78772.149925,26592.051234,17841.656574,8740.334769,16923.144398,740.391822,
92885.802661,44759.022948,49066.775556,13383.656712,21047.336427,5118.598687,15258.272860,2011.067603,
45171.488740,35315.836856,63280.818204,19138.463339,21050.585995,10553.111884,10610.894524,1056.174391,
90729.440731,46954.499741,44326.183520,17687.729024,11951.245759,10357.725039,7512.498744,2348.422910,
48406.671894,20363.217702,59018.230780,23025.575587,18073.047957,20205.505829,4211.051149,6003.395349,
85871.322943,63762.456567,29949.573018,13752.008841,21691.563002,12369.878733,12730.112244,9415.677203,
44169.362215,16107.246216,40585.251142,20495.167665,20358.355951,6388.598864,17476.024545,8570.961567,
72445.238281,57850.449067,18127.180679,14486.996108,21140.822330,7054.417484,16864.919474,2607.883595,
34232.683634,27910.643135,40834.100015,20821.918536,21924.686162,9213.786491,8502.517735,4847.387538,
68357.759920,77234.449581,23526.232178,9792.794406,18469.537797,11720.246460,8982.271289,3560.659893,
22889.647376,30859.086888,41455.122709,15394.708069,28184.860818,3684.108640,18223.864878,4731.166501,
55484.119321,80558.709123,35905.908708,15379.872325,19450.499485,7240.517698,24954.982036,6815.925060,
9404.788046,43298.899904,53901.525068,16817.769113,17237.672791,8647.360384,7390.765125,3239.518554,
43389.374204,97117.334428,42605.973254,7308.440988,12542.045370,5341.516405,12683.209933,4404.938415,
7015.533926,48438.209806,67180.359441,14745.808194,26742.498999,5069.212464,6591.979113,5467.855893,
49243.306731,99056.418651,41682.278802,15924.334732,19798.322863,7088.880288,9877.546718,1711.086570,
10841.120235,42757.242974,55169.958940,22104.659935,18437.218354,11643.170733,10517.726863,5130.908561,
48900.651604,102791.662885,43502.636625,6739.286851,19593.119711,4918.746517,18837.307553,3454.580006,
28341.395098,42430.008405,59169.591827,21950.787517,22883.458346,4134.831740,13172.115457,4062.682130,
61855.919637,113346.836007,42602.580257,12533.156725,13890.641888,11568.896987,7752.050909,4771.001468,
32062.353505,50006.520033,61913.324470,22789.269777,12619.220363,16222.259456,5923.903827,1417.606270,
70202.437263,102626.623469,43635.791228,13652.251971,17785.439861,6151.532350,16483.490240,3843.070583,
42724.422189,42523.744400,48082.607678,13078.083279,19467.908692,9379.347331,12145.215316,1941.154300,
87558.035148,90271.381880,36580.573997,13488.302001,16215.823661,10604.447795,9354.339315,2517.582466,
41827.270465,44844.924361,49447.212923,25530.017736,22125.557620,2712.323386,8274.151193,3864.855001,
75210.348638,61842.758440,23667.227689,5405.857267,18740.847499,6218.411303,17802.061420,2764.187026,
36648.194919,26887.079767,32105.907573,21749.280986,15893.055133,1791.789690,11591.267185,7499.788549,
80327.439979,57748.173538,19065.528327,6952.079878,12475.371969,7976.248368,9005.370016,7608.747267,
39765.325500,29741.666328,42646.740945,22918.893633,22167.442033,4545.272743,16428.900969,3155.957924,
59207.983787,41469.986478,23256.715552,11521.428719,13459.469453,7272.830671,10206.166169,7063.399103,
25669.617056,25032.461309,31735.328269,13306.306144,14647.640407,5758.554645,11878.944785,6527.679803,
46996.397562,36207.582428,33240.723432,9097.755280,20879.999659,1927.563122,12992.571411,3850.008888,
12990.995863,24350.798862,49582.022167,15797.606035,18840.778301,5327.340798,3272.181401,2398.570912,
43071.629437,37252.263511,31977.289356,8725.133209,10353.292527,9061.380553,3535.355097,2604.480955,
4040.413446,17780.819307,54879.708903,14554.057612,19505.988956,14882.881236,6667.546122,3252.479944,
33689.248865,42448.055703,33721.747457,1820.262187,14539.768052,9586.111582,10599.923731,3857.544598,
14555.318917,33934.756663,57524.910439,8514.750700,16628.539723,3256.102558,6031.695800,1036.497028,
48486.824059,74017.762992,45782.135927,10323.160120,13908.430306,10233.513274,12345.886991,5964.792551,
9362.067645,31670.574063,65618.346446,22908.549573,19331.241986,7382.837165,5712.529398,4638.863950,
49351.098444,75362.888972,23797.958617,6055.061191,16078.427285,4954.022768,21496.596501,3384.779256,
31964.023415,28919.689601,51299.064979,18105.365694,23427.894887,8159.495278,18759.233200,4081.243058,
63894.330224,76869.764992,35119.542403,5573.509572,4887.308549,13514.323718,2581.242230,1453.163615,
30252.097815,50392.186169,39333.448429,15882.611175,21172.746589,6717.630067,8567.297143,224.775921,
67774.425349,93959.971410,16456.835557,5063.692004,14747.654808,8745.174563,13551.262657,5845.989284,
31680.027497,36502.080376,41476.391566,11270.290070,13766.972747,13770.156317,14046.799656,6844.986358,
74292.755320,98072.101843,30978.469282,280.162920,22018.168503,7582.277101,20166.806530,2307.704893,
51380.057057,40960.298342,43523.681997,15357.092958,14278.178683,10025.472603,11312.444153,6019.359903,
54811.041125,93182.295920,20091.567061,7452.965596,10800.740123,7891.646559,7796.246415,4310.667066,
39596.853742,55570.156638,36724.937747,10847.046934,26165.775270,9880.422109,12350.342078,3644.862445,
63808.274057,79797.922250,16054.655194,16039.304759,12288.121373,4945.648231,8459.820142,8650.058602,
23084.961115,45208.711096,39417.444092,18459.711027,14234.438288,11125.094849,15229.096007,10183.551777,
50969.895178,69762.958340,18192.062533,9308.061543,20347.134880,3467.977795,14737.218439,3699.400084,
17521.323801,55332.604579,35983.610130,9288.358475,9530.894080,11204.065396,5627.439627,8796.000554,
33141.555907,59525.394876,29592.690525,7162.357074,16418.443594,11076.988638,8995.691645,8417.120651,
11607.057974,36117.106562,46403.669918,21054.727287,23265.391066,5307.661884,12990.186406,2521.895187,
28487.120206,28058.836690,18714.736156,10019.292902,11816.678900,9425.936101,4731.476472,2916.533541,
12159.609201,20883.011801,47722.503133,9085.766742,20038.858631,4079.128554,13763.361646,5802.516585,
35185.778264,40014.989601,39580.820930,11626.624968,14333.991952,2949.915646,8757.379367,3675.198150,
18883.632266,26973.523037,58094.970492,9273.573557,16644.023394,4019.870242,6880.712626,3278.019811,
46649.692240,10360.238475,35781.096594,5510.447344,19916.393540,7839.240718,9692.379469,2573.449626,
20188.435166,27938.272389,41608.955484,12443.061383,13128.679013,12757.792466,5214.532949,292.739272,
51093.234833,32060.320322,42030.840699,10784.733076,14575.062514,16626.753398,12796.798730,4290.634725,
29110.689949,14353.932598,39223.386797,19879.446440,20914.414746,12836.219695,10439.048639,8152.541408,
59086.451074,28283.479428,30477.103103,11116.377633,10177.851537,7501.784667,14466.500926,5287.581230,
31706.904227,42494.967262,43903.229176,12414.740144,8066.163365,6415.620685,4657.146398,2656.505557,
69583.642446,56254.537620,14304.068509,1347.071802,13900.151824,5624.506547,13333.252149,7705.384660,
29894.362814,27734.287778,27569.687975,12560.530235,12305.297825,4752.299945,8581.111115,4032.956979,
60225.539107,66636.600332,19905.629010,1906.209675,8924.512487,3798.199555,11299.402731,8861.701236,
23369.437497,37328.293495,26422.637430,11863.687968,20196.757013,8203.340680,19047.501111,16489.963437,
49340.136586,64810.665455,7419.335948,5476.267319,11487.821876,14266.904800,9537.371441,12618.760621,
28484.996463,47341.798440,39511.291745,22015.982630,17848.420097,15261.546181,5983.002469,7384.020664,
56903.602721,75722.244187,25997.281528,17552.756107,31791.800585,6563.758983,13893.933915,3627.636948,
20726.755361,45192.851654,32219.081313,7246.221249,15717.349808,8148.738941,8485.612888,4612.778984,
42457.179931,85818.101113,42840.615822,14433.047819,15882.224189,5222.482566,6966.553620,7207.537077,
13579.514108,34780.037698,39813.044885,11336.903158,18294.744337,1472.277760,14254.647083,4806.906778,
34964.624901,90753.510603,36082.318388,14000.272670,10892.855187,4854.566219,3361.508772,2768.703963,
7980.508215,50455.428747,40834.226590,19275.005342,13047.260954,12966.958638,12348.696461,7167.457349,
28798.291576,83438.316820,26327.800111,10213.885426,11537.854042,6144.396939,10333.295513,5301.863169,
1433.349517,33999.446884,50801.186887,15839.376693,4911.125554,11879.780641,8196.100883,3243.322825,
27708.087567,67357.508832,25189.701698,9616.089482,12191.973595,17509.294548,18802.358008,3825.104997,
22272.312072,38895.401711,34874.549093,18568.469996,11905.088194,10520.637064,14726.371315,6985.679907,
41998.986181,39644.116974,30833.480265,3093.774536,12385.813002,5410.698679,7636.673882,14904.239299,
24474.759813,22239.682620,35435.849937,21126.555320,20131.595929,17431.227131,6262.571611,9830.869187,
51632.559770,40132.991564,30621.777741,16412.686888,7129.681084,18285.220075,11176.473464,8813.525490,
28775.836197,23736.537322,24388.176001,8221.082596,12073.452456,16150.881611,4413.341037,8442.498021,
64147.374732,35829.445051,25094.520327,1641.685305,17027.620193,12279.239730,13000.431390,1887.987990,
26585.371111,36707.051962,42277.874198,9773.337827,14641.042960,9684.393558,10310.292950,8365.524786,
59650.745288,12462.493045,17473.325375,7063.951309,5896.683688,21579.555856,3796.129595,4017.656842,
45049.556934,32776.732857,25434.714655,5748.010124,21716.053505,14192.975102,7881.342872,5000.329304,
49438.367539,39883.469130,5841.051548,11288.593668,11864.176533,13703.728994,6726.165078,5856.937229,
16031.744824,13411.923447,17620.877320,14050.607778,12206.271529,8036.556910,5777.094882,3391.311451,
51211.570072,21213.990620,29537.392791,5454.880735,13892.445899,5069.183817,12317.159961,9169.530399,
28301.941534,20814.783874,51413.157984,16214.455488,5584.225546,5663.246728,1399.047634,6171.806234,
33252.340306,22694.858253,16984.326915,13918.929584,2232.899689,3009.151259,12884.826429,3219.767164,
10730.112190,43000.887319,38178.348732,8854.361761,9371.512774,942.463258,12378.910808,9646.763948,
28154.918785,48283.461408,25713.413514,5751.550851,15930.594426,10513.860308,13213.688661,9160.827796,
22695.374755,43681.749997,44755.844435,14066.835882,19179.867277,12148.799570,9264.774795,9885.914113,
29860.443456,71355.042992,39189.054791,15759.735558,11832.195078,7538.961123,7766.914784,9652.082111,
4695.170135,36863.535735,32087.242576,12807.105663,14143.319470,15882.572289,11803.219844,1577.462718,
16872.171303,62032.304105,39501.113270,6795.757584,28496.677821,22926.161026,2677.705491,8544.686841,
20618.184047,32692.557468,53306.111660,12317.674318,10794.618028,20497.148362,8110.212180,10669.877400,
41056.251470,70179.229822,35603.263223,9800.502473,16023.786110,8096.230863,15967.362160,5868.246917,
19471.166094,45613.939039,43225.787011,7066.940042,12888.487220,3375.685209,20486.307148,6809.119760,
36127.651647,98150.016294,10571.839253,6573.040133,13198.295747,2829.684666,9793.660910,7248.978410,
27183.141123,50715.402784,26327.848300,15101.474804,16862.763106,5888.849330,9748.913155,3281.043727,
53973.966459,56710.861920,10668.064682,7032.297383,8518.879237,7841.262180,14091.972052,124.808011,
32922.813622,17920.288998,16515.148039,15406.051933,7841.965796,8691.891293,15173.869164,3446.199058,
42265.725696,67752.014116,16794.028784,16990.697402,17227.047708,8174.791331,23589.688588,5468.309327,
31299.066777,34909.584559,33001.900369,8962.813213,20810.641863,4511.472343,10120.499090,2324.157718,
58703.311892,42893.500025,31544.598212,13077.984309,5361.384303,7542.975531,15331.449697,3147.764954,
30591.840914,19866.352147,31652.993341,16349.034792,24318.728007,363.493846,15643.418643,6225.338288,
51080.041366,39379.017261,20476.763879,9137.228089,15707.381049,5793.275877,8455.774738,7885.719596,
19468.368441,25358.362197,32180.097178,6524.473656,9406.537306,675.556606,6959.990236,7713.362336,
39994.759663,23607.590306,26661.061031,5970.229432,13840.027846,8163.109835,23552.703964,5224.059673,
28118.687998,18696.305983,42493.743487,9707.113838,15089.422852,9248.036096,22056.526780,2600.120999,
25977.680416,29620.455187,15055.877689,1731.217451,16589.361069,11705.205275,22245.403708,1172.135548,
4862.360996,16104.992342,44015.555986,11017.563861,14905.227243,5182.341853,16146.615894,3565.879611,
12687.760222,9489.579178,24614.685946,15365.364453,6837.916118,5247.431624,11980.655869,3446.519889,
18409.480168,10942.781483,31168.664980,12453.871030,18229.286024,4276.586627,23290.988617,6179.336811,
34090.432102,17786.197897,28602.841232,18674.972256,9446.859248,6608.261613,1944.746376,11077.379473,
8774.923218,22832.336692,34718.462129,15702.189900,16296.739386,8325.373304,21901.287376,9713.353315,
35997.405297,14912.204426,12338.408054,5626.769516,3940.019690,8271.263701,15352.871605,9942.741856,
16583.254301,44862.366525,33012.241577,7155.809207,24981.556289,11999.085464,7759.549676,8469.419077,
27280.164273,54996.607162,27899.150360,14462.249311,20625.673435,3609.255419,13689.683142,196.892485,
23400.686443,23214.797461,33143.142020,18625.252486,8229.379663,15783.630294,5357.121898,4042.975491,
51014.379363,56032.859286,5110.132239,2065.032690,24219.832281,17528.823127,7965.890260,1479.891548,
25720.732804,45683.454295,32838.251599,14302.360603,16578.301661,12688.655643,12323.764938,5892.354900,
46692.185636,74771.330516,13214.431098,11483.995326,8613.736367,10837.007104,6679.182243,3015.254800,
29542.823678,40653.511902,25638.392861,2217.645943,25055.016310,3648.993743,10049.206088,10275.387657,
57032.165802,63721.097360,24322.646549,15070.944488,20015.191428,8672.481091,11818.854630,11006.468689,
28439.111415,55403.972566,22765.583572,9982.804124,4093.476479,6349.006024,5649.444551,4846.566622,
48790.525813,65740.429496,25425.090042,10544.815577,21394.406738,6488.424823,12640.573898,3766.046218,
28133.548224,27869.649022,28496.632352,14726.124790,20044.176474,3083.251438,10128.992936,13480.816563,
34000.926620,70001.784237,26874.734756,6015.440791,4615.285881,10054.873268,12823.721949,16654.401374,
11023.626230,25747.764338,48691.335574,13217.991136,13743.802894,9642.436480,16464.874394,10734.152270,
39528.067662,41207.258854,23699.763534,8465.110754,8509.199499,9005.633605,14892.854888,5070.894579,
17204.610882,17116.972955,25150.079532,9053.705908,11071.923828,1316.898203,5660.991229,4605.456964,
15670.471985,53022.771458,18401.215681,7552.512388,12424.934865,7076.899700,12087.674818,4299.734424,
10472.137878,46371.256919,40564.268930,14295.760344,15857.454491,4013.941527,9330.392821,2807.497341,
27868.446827,35499.827988,44030.949892,6279.194761,4386.089255,11002.422139,9951.186121,397.162018,
9143.776674,15242.960553,17689.805547,9877.201826,22882.095568,13462.460935,8323.956288,3417.723917,
29882.923180,51872.015867,21289.112709,3654.309806,23522.580517,11380.975858,5365.050492,5213.499860,
30562.531865,30439.532081,32813.561478,9887.923384,15620.483696,12728.896586,9212.117184,2192.903893,
39802.704632,19290.537292,4371.557388,3950.745373,15774.454444,12424.676937,14044.321272,6383.092432,
21650.533312,18967.139461,29377.013813,11948.879856,15826.957531,2785.134164,8450.335281,6937.474663,
40108.479700,22620.703527,7066.302259,6873.918781,13021.486549,14092.888063,772.168454,1520.888033,
27104.805929,30854.780916,31219.000472,9580.051261,4510.827470,19988.941952,6875.573367,5275.337035,
53818.989110,28190.383597,49435.000743,5062.468869,16822.738869,16776.290240,12841.740310,2843.692812,
17216.079970,26333.511731,39519.534648,13901.869539,9115.021830,15605.506199,5044.242706,3337.169404,
46851.644508,38295.397221,14979.813831,7390.238000,5857.982071,18078.031149,9526.010764,5750.947487,
14979.710297,36946.920686,13274.094672,3521.324046,6929.261722,11575.996821,12431.430049,3872.578117,
41316.894794,48414.138949,25305.711892,13236.535029,7398.249174,11035.587389,1450.211536,2546.945598,
30255.309030,25398.979345,37208.700631,19512.704143,20469.547044,13371.953073,14652.878691,5048.318788,
40624.222405,67758.908804,11353.752472,2456.087908,18128.281753,12826.903930,21458.429037,10030.502252,
17882.034929,44995.596936,45828.859362,12580.044622,4879.714343,18852.207052,11610.508005,14533.168116,
18255.613040,61096.246855,19883.797072,10961.545349,22535.058487,13907.552510,8278.696966,15973.495874,
4734.587884,32996.403578,29957.127784,13331.511589,16096.068802,4164.825022,12883.945339,12318.318026,
26576.792028,44169.819397,18321.201573,6450.992474,11015.924195,7086.655042,10419.905929,6794.505805,
6920.250417,30761.208559,34469.207872,5632.474934,19489.527561,7839.735647,9084.625496,5169.282434,
35211.030387,50749.570363,24586.406747,7818.685606,17682.053054,28237.131562,6044.703027,1888.848481,
7135.866745,27122.424665,36877.601069,14269.450353,4005.120030,28894.158632,6942.038307,7182.147891,
23078.375786,84511.675467,9276.943964,10970.757330,16500.761916,9985.006392,9884.542115,4246.959620,
13786.272004,48189.825273,29652.926189,20134.009582,9503.071108,7401.483301,4178.856958,6583.522788,
45645.189654,61737.149845,13193.943321,6629.577161,15902.860202,7540.315550,5230.195079,12661.677301,
20092.435049,21854.188320,42219.564202,14169.388672,17917.050366,12527.432515,5291.960698,8683.652780,
34489.539964,37890.321793,29339.936725,12906.940630,6259.432703,5824.975395,9503.581528,9616.965009,
9137.514297,11691.264678,7375.590008,5677.284207,18172.164867,8274.545645,12831.642365,13135.578165,
27429.091458,36166.523648,6138.615389,12676.037648,13109.611932,15057.426785,15567.642204,8061.788970,
15711.427746,5453.578124,27638.771383,6839.853518,15674.792124,11491.654515,16161.219880,5279.638668,
29601.878376,58252.592552,23003.879178,7533.102286,4073.171531,1982.080314,3264.052670,7915.356195,
27335.891792,49436.514698,27993.059795,10642.660180,13549.139788,10246.153773,9912.112414,3639.884067,
40744.279477,3425.419771,33637.081899,12836.498682,5520.880038,13264.008578,8016.309309,880.022519,
31833.904062,34201.374811,35269.861685,12216.955810,19047.152436,11821.787014,1871.936801,3094.308149,
49593.533578,29659.010541,31129.403193,6497.444317,13530.844601,11472.619036,6319.362915,6059.199395,
17802.297302,19223.929109,27885.770333,9066.620855,8421.107922,13153.051911,8292.167063,5196.133107,
32238.989418,38800.162500,16577.045394,21969.586166,11680.481038,14169.538994,13281.366312,10669.350948,
6125.509586,7943.458926,22323.419982,20842.747955,17313.053791,12845.469388,14298.905857,9003.885010,
31736.899085,30426.620034,20648.117715,7869.207391,5544.720349,14058.138635,5773.373960,1614.941995,
19262.929121,22500.181644,33355.115235,18335.576358,12799.571945,9025.598056,3740.825248,2991.785252,
14760.413905,50961.845950,5832.414185,5770.756324,10090.158076,8124.995094,3464.980689,7878.623299,
6654.863813,27449.314255,28049.854565,12394.285967,7516.024619,16772.455792,13501.160092,7696.314242,
24381.435627,48242.020869,10038.668395,2526.629696,8015.704496,16394.449390,12502.503726,4498.569783,
2276.482147,37704.035152,19493.920018,13785.470855,9325.182617,10821.931808,12649.407771,10749.109518,
18845.153198,52260.336496,20904.483000,4671.474394,15770.324668,3238.881019,11263.627702,7676.458903,
20504.477675,11539.409661,40152.587748,12218.519033,16806.205122,1037.955459,17866.039797,1044.542077,
34168.452052,52663.290106,28147.997108,4344.776720,16811.260048,6326.342829,12435.078355,4768.564687,
16311.137044,30024.390223,12815.963530,10544.000996,16379.645454,16861.452704,9104.898683,8366.208706,
37977.999333,67627.091856,14610.169180,12396.594168,10488.855641,19473.777734,13519.832317,8279.407770,
12298.954641,28250.519919,27543.086847,15854.310114,6604.366914,15709.616853,4145.267165,4001.860969,
41592.391800,45417.662842,6364.011587,771.449306,13580.522498,15521.475732,13912.653614,1024.100313,
18038.419566,26827.288881,31405.289834,13561.723575,15430.539894,16240.882727,5021.433371,7523.255347,
52334.028606,55692.374797,28054.498140,3939.244041,3607.593963,14662.218081,6462.853203,15020.016899,
27579.801527,23962.174392,15584.068031,13766.318102,8755.179756,10927.002786,9065.706435,9630.172588,
28983.690608,49869.596050,12678.142343,6433.058663,8194.317675,6306.888327,16677.986977,4367.120525,
22438.426903,39580.615982,31814.267379,7532.085743,12968.995280,15589.371085,5070.650103,10695.648977,
33671.573359,16956.120315,19449.897087,15693.465766,13112.898154,18554.839933,20501.864553,6521.407523,
21350.880311,9688.451585,37520.078279,19611.822363,10209.333964,4643.366027,16814.122776,4832.762013,
26936.149839,20123.050965,33211.246680,8059.758192,10397.529841,8425.870327,7587.392235,1916.180654,
10450.063350,12197.492416,8896.263204,6918.838226,13613.444530,6625.512132,9281.695836,3498.662295,
16647.281519,25763.178139,32287.120214,6788.237278,2644.175317,11020.521728,5591.592389,1652.554316,
6546.664148,22940.188314,33665.278641,13143.701665,11130.343919,1054.796992,7748.503093,6115.059707,
14990.884267,19671.042467,4629.911925,6296.762395,3682.902511,22416.809929,4528.075189,2911.481779,
17025.947892,41806.957866,26276.061287,16686.242329,22409.392489,29255.430113,11539.061835,6303.310168,
19858.508966,28511.041022,11263.881836,5224.096553,19044.878297,26535.218169,13802.186765,6685.700966,
14080.739173,35603.011683,14829.278641,9596.068937,6741.823076,28506.751795,8626.225466,2537.835264,
25228.572008,54677.067781,9306.262636,3630.516508,5808.048162,18995.360512,7794.375943,7199.264021,
13971.826935,26106.325230,30002.910511,7401.910479,9771.308201,15629.969118,8007.007483,8168.738820,
37689.175768,54905.912789,29396.819873,4928.168736,9890.754946,11151.017166,4210.676823,2726.446540,
11755.245281,18082.498789,12694.763675,10345.192797,6430.304962,9875.086329,9444.355093,3364.270060,
39217.352764,41035.878027,12940.099792,2653.607674,4206.280267,15694.814424,7409.178119,10971.347807,
27727.061172,16256.391881,24570.633504,8461.226231,12319.831339,14724.053196,3392.195436,16076.365102,
33769.581240,59896.904749,26609.700551,8836.871046,7003.775764,2550.099398,7636.261488,9311.997956,
33813.107579,27960.890136,34435.627353,16979.074317,9432.643219,12735.298964,13311.191392,4823.251850,
45401.169477,51323.084197,19626.254503,14800.865303,3045.979620,11422.316836,17991.112450,7317.588652,
25954.471368,37049.616076,32713.147887,4548.362521,14957.465375,2712.888381,16859.188132,5154.940687,
37439.069423,52716.825021,43752.747975,7604.612515,13262.503175,4711.647177,6913.613737,5512.946265,
24935.721718,24676.026090,29645.057850,11101.878201,8793.243960,7202.288269,8001.212598,1980.898901,
21349.666838,58438.595177,4312.292225,3932.860082,10544.416070,11262.694027,11407.282876,6306.153380,
3577.688332,35193.448675,18189.515728,3609.626663,5844.914487,12886.717866,4264.759210,7974.188162,
9268.755374,67475.975245,5603.115627,9821.857318,4047.497303,2090.828361,4786.153622,3343.205858,
16520.532641,43276.767062,7044.698229,13458.041650,14921.627390,11684.245899,8563.773254,5294.428614,
19784.325537,39030.438171,24672.675143,3843.583662,16158.714895,12100.227795,7672.606094,15643.905605,
19892.565597,35764.750847,37010.726067,16790.795396,12859.146883,1345.631349,3776.465700,18193.666285,
36708.428700,19186.436638,26326.262063,13892.901256,5743.034166,7363.207970,7506.406645,7822.384780,
18237.293341,18668.186765,25505.769379,4537.774881,21429.211084,10432.912883,13594.086689,12595.945644,
32667.582334,20993.956797,17009.278559,13019.198285,22349.510317,9048.131074,16934.332635,10538.769563,
13261.938763,26276.036855,18457.311201,11779.906752,6473.496275,5497.044689,7703.460191,4056.482483,
40877.908958,8436.323498,21219.372595,6670.820001,5958.993247,8149.270380,13283.609300,2059.047303,
12220.259378,21724.596221,35012.253969,8508.061670,13075.802643,11061.158469,13268.349586,10479.683194,
37246.546636,18301.640092,10716.112739,7358.580521,16201.974621,9017.606963,4529.591092,10756.086663,
13435.142060,30657.418359,12090.349990,16285.410713,8127.080353,1123.954233,2362.477210,6275.226206,
34998.604616,47529.410411,22534.195730,13161.919335,6941.661966,5209.410593,10389.356800,8370.432175,
19860.911812,28421.665589,33255.198540,7727.119431,13765.450676,5347.535431,16956.312672,1678.139969,
19810.623742,49034.446504,4695.473902,14622.261098,15667.837832,18649.372256,15450.549191,949.807489,
16060.402333,20714.209866,29040.803433,17034.397549,11422.687291,23664.537302,12796.736996,11032.555837,
30839.469186,39117.062257,12922.966644,6269.663674,768.115029,14031.286066,4965.011161,18804.337388,
7196.627037,27914.222694,24732.802093,15507.146957,9275.223177,7330.954506,7228.522070,12855.178628,
35460.503813,39072.254999,23444.296528,525.511485,7562.346985,776.362895,1487.870870,4050.232121,
11654.701565,31107.147715,33102.469962,13053.235502,12698.118019,8093.056481,15625.390003,6145.461454,
20320.705224,68073.072005,13702.720363,7857.232062,11485.870707,2332.129950,22150.943161,8809.076784,
5292.325734,35655.134444,20870.553906,20730.268344,5312.740093,16633.190850,15187.245563,2590.109097,
29388.800304,42170.490076,30747.705424,14668.670862,9629.907373,21332.395249,9909.714325,9015.583610,
3645.789303,5683.704433,34731.991060,16010.177624,14411.909392,15051.715498,10649.657716,11052.598854,
23601.533716,62570.214885,19651.096472,11499.884834,8187.696915,9177.895549,9922.811937,1214.430761,
7884.094189,33480.156013,8175.311831,3548.179731,13945.179046,6107.226000,11902.969288,10522.424356,
30670.365287,38748.634750,14404.764254,10086.264301,22873.682365,5937.998127,6210.918874,9363.223516,
9093.628770,27603.968854,16610.259743,16472.860577,16536.925803,4396.819459,9683.391111,1014.953501,
17986.469587,35083.672489,24717.211404,7680.178783,5978.402361,3334.581450,16061.619326,4182.204634,
22456.240315,34793.252855,31410.475092,11827.207452,7402.213814,9617.998750,11843.380462,7620.870023,
39781.978088,27659.794309,22343.845649,7098.211379,18895.947330,12349.973502,14311.778224,9749.111291,
22481.677181,15706.128829,43397.504441,9821.200314,18818.011663,20473.250226,8731.629203,3164.719953,
27096.116047,18268.003501,30695.865234,9599.572731,4744.149902,20404.419977,13551.262194,4240.651974,
11447.491203,19182.199622,3748.760522,13741.934333,6909.366431,7116.209457,4307.389975,1146.466020,
33894.370651,14265.388433,27374.552188,15160.935982,12473.639787,5994.478148,9192.165744,10000.533554,
16089.633345,7092.331147,29167.009432,12910.175601,9120.017180,6892.066844,6026.636477,12681.409168,
30670.316797,4130.965144,13051.984624,1875.818737,10537.050305,3535.520599,14828.690903,11662.057482,
14579.891539,23175.005230,27177.253565,4871.896369,24279.323877,5955.712768,14162.225525,12125.607103,
27342.935666,25349.719226,14425.419173,4637.284223,14170.723182,12915.072807,12905.618944,10116.260851,
15672.953301,21049.955705,26333.447884,6252.458432,4634.540579,9733.576110,19785.191548,11466.105800,
20202.488718,43341.919602,10302.644648,8651.824062,12363.168299,9346.788255,13301.169098,15798.934151,
7470.297393,27414.584799,9508.077090,15558.822327,10807.202487,10486.934465,9479.785516,8203.240418,
21171.745444,27110.562385,7636.607638,4989.780949,4561.008268,15725.966641,13702.932907,7056.888323,
12562.494094,6022.575817,30633.745717,19068.447772,10909.714964,14722.326133,8358.350763,14233.781439,
21148.120614,23826.411947,30992.452471,16916.634234,10077.448747,14537.325432,7153.137651,7963.804726,
7924.867987,30915.488543,31654.167250,7995.934752,18034.333846,16216.350667,7112.342635,4753.094766,
23795.767182,45562.031353,12528.371383,10693.837177,11089.163313,12033.286526,12696.556511,10955.746078,
19896.248209,39743.398103,33913.046531,13333.713471,7858.509684,12361.367802,19536.332750,6464.772060,
35623.641432,59470.310099,19833.730314,4944.844901,11994.087225,7365.750032,8187.482214,11504.232589,
8232.656994,26028.382955,22545.442084,16402.817899,9130.062884,9267.398042,4920.431240,19041.834633,
28909.674854,43184.789845,26424.955880,7138.480832,1692.330470,8763.314962,5334.839862,13971.715402,
12043.149762,30492.701221,8859.036405,15359.301609,10535.548062,13552.929792,8508.191890,2841.025243,
22510.314397,53081.500941,11397.437164,4440.773056,10748.316418,5330.759633,16128.538894,5432.339160,
19901.977634,11813.752325,23693.741923,11735.974868,2347.489556,7523.699534,18916.797970,3657.598782,
36995.890626,41651.063434,17825.915927,4108.704783,5172.009262,2873.866953,9955.849718,1284.832607,
14411.865403,27709.955180,28394.252569,11480.402856,13138.927928,15320.308556,2941.195160,3622.818240,
33128.741489,16141.068210,35939.559799,7861.576104,8409.346857,17657.741262,5640.797522,6258.496291,
11662.136861,4584.726634,13281.121633,5956.973460,14033.461092,6277.578861,1700.409775,3339.049957,
21778.800941,32495.198525,9917.841551,7827.601542,16279.887562,5552.774757,2027.705899,2247.817720,
6634.373929,18684.619281,5838.114572,5729.469333,903.210842,7204.297390,6999.193570,5381.508582,
19104.137312,32837.492154,21662.182067,8479.866752,12542.782652,8810.582807,11641.798229,4278.184880,
7234.996749,26688.866184,23323.838802,15373.237699,12460.559289,5003.395753,11811.732573,1194.634456,
24771.580260,35570.961699,16882.056141,2244.226479,3198.464398,14122.060073,9959.417415,5751.920477,
1319.943769,24973.300792,20755.485377,16687.957236,8045.768624,13266.659962,5191.147049,8237.905141,
23942.070198,35571.355968,23821.856615,9530.760231,7606.700331,3589.147893,3365.777509,10343.214836,
12298.331392,11464.704463,12949.120696,9383.826205,8126.144830,5298.323781,2398.022246,8587.874710,
20952.522414,13236.115722,18839.462908,9289.172668,11544.651448,11366.919907,7682.684960,4820.536596,
10830.086786,36688.067507,23095.389125,7910.196923,11299.974769,20086.941204,8862.112201,2391.558598,
22269.857292,44937.600143,17229.315769,15593.009078,9679.740743,18786.444857,2509.677894,8071.961613,
16095.506736,17937.118398,39292.660971,9764.016933,8341.048043,9311.365567,10178.406321,7550.313898,
31403.117579,42771.801938,25168.770235,5107.147487,19913.826359,5718.477895,11557.244125,8968.794439,
5997.437605,28161.630853,13715.569582,4359.477494,6348.244818,10108.179772,10767.105763,9152.681907,
19486.710056,54112.342029,16985.388708,9800.697946,13460.992468,14425.836291,8166.625544,4865.781107,
26360.499579,14483.709477,24563.671450,12547.773214,14473.757292,13673.375934,9335.354078,4849.707229,
45923.509316,34792.304714,6747.052625,1876.718648,11318.593365,14557.477278,10257.980018,1695.445314,
16250.865827,24331.900504,21490.760469,9119.014794,8835.437750,13168.527037,2839.416288,2401.920519,
31067.574537,45556.165144,14063.608030,5805.001191,5681.378566,8968.559267,8820.972912,2094.636152,
11665.872996,24755.172711,14911.296437,3408.359088,8057.840460,10248.589074,9639.063118,5443.479607,
22608.007176,52793.358223,10795.268367,11478.290297,6509.249339,5854.388162,6532.206662,6839.226338,
4982.055386,32296.937947,27596.261047,13035.041281,7653.103308,5402.046694,7908.800217,10040.704344,
33291.469713,25335.929967,23532.197704,3734.169934,4330.978192,3246.745764,8222.891509,11284.437208,
10683.297339,10005.013732,9531.668819,16275.821854,12895.715494,6684.131227,11590.479406,2858.276975,
19688.218538,43149.344378,25922.505832,12291.527179,7868.223016,1139.559899,7254.460630,6463.541053,
10403.244855,16276.269713,41348.628896,7269.093368,1237.108631,8519.839962,5331.838636,8559.792612,
23489.628608,31326.956421,32203.212461,7349.031127,6650.482466,11309.341970,4616.750392,10610.619619,
6105.067411,23626.373384,22678.238372,5281.391953,12948.605115,13343.433752,10889.768427,12973.534526,
14670.238990,36652.311977,13491.561654,5204.016456,16822.557156,11176.823673,3622.007198,17080.482723,
16686.725160,33216.106768,29859.692457,4329.972947,26573.037040,7231.085312,15687.581405,14483.385896,
31677.747358,12515.915927,9372.150226,9583.146334,22454.839430,6065.468898,15746.021017,8033.125563,
7015.796272,6079.068748,18940.392039,2362.175056,9287.614530,14583.696981,5155.095703,6050.643430,
33483.923928,21142.285219,16581.650061,14048.782296,16580.285586,14802.403242,6057.316886,2025.188633,
20388.145044,11337.952707,12641.654025,14338.404234,9676.457807,14097.397345,5136.989568,3951.101487,
32560.651150,7429.204856,24136.532709,17402.930539,8100.055685,14178.139890,4650.203277,2170.985767,
16084.009029,26114.635854,36049.404076,28421.433769,13598.304888,4962.784039,15007.040139,3569.237050,
30462.651717,48039.748561,8625.187052,14986.884134,6702.481217,1198.077947,13664.544574,8498.538613,
7321.373006,30741.445667,21493.443959,6359.025076,13109.533249,9117.884277,9788.994296,8513.299536,
28025.026645,38498.696894,21563.496901,2246.601550,4136.802769,13013.055695,14980.969809,2450.720263,
13698.528897,17991.337281,14778.572045,8389.164214,10778.732467,16104.141668,3718.614165,5413.921569,
21890.803440,28904.906260,4064.341280,7283.718398,13134.211438,18975.701643,10704.783243,4151.611941,
4183.581392,13246.294156,14260.159891,3434.666561,13329.368007,13379.306271,5209.638975,2033.144419,
23642.117447,31149.737049,24230.828987,5486.039852,7068.548511,20255.271057,4155.538190,7025.529633,
5071.207986,21384.529877,21776.446118,6192.322743,10872.099488,18539.714090,2217.147526,10902.588254,
23587.732587,52456.311727,17336.191544,6679.971659,14545.894178,9995.467479,13369.426757,6743.356075,
9163.323625,31012.090790,33485.508108,13325.922432,2533.609209,5928.584536,12798.916026,8852.504154,
26827.712029,33130.840471,12173.735561,1128.341507,13994.978207,4569.442325,6186.189245,10015.183250,
2559.900446,30738.623986,23560.656405,15454.166866,6395.848093,6889.711146,2651.660224,5292.365762,
24635.787133,25431.841851,13869.467596,11784.115748,11432.766281,5680.461399,6771.648998,2362.270033,
2245.754138,7782.026350,28244.933585,10798.908472,17276.766630,10660.359239,9253.739962,5782.751449,
27324.807221,42234.150777,19290.337801,8203.340264,9007.242574,13913.811505,5618.193547,6340.152885,
18895.567592,30050.340346,20277.505899,3487.312724,7199.380335,10262.725905,8090.906974,7082.660536,
28046.154944,18105.109357,14028.460903,6439.720429,16762.571984,1705.703730,9961.683409,6558.419831,
20646.700140,7252.156379,2872.175085,15205.719379,9588.812543,4580.486645,9344.503800,11024.140231,
29875.447375,29094.449666,19616.177117,8062.243424,6203.405050,3524.255068,8465.071853,10812.889166,
23390.661413,19300.884428,19806.129389,2379.991682,9424.920457,8781.985201,9744.534033,7807.764383,
27920.836615,9661.605375,16132.432094,1695.819227,3486.149095,9700.697239,5948.073670,12264.510743,
4747.667708,12976.255462,36038.677773,8392.057127,16581.941791,5987.731423,3387.499900,5986.610584,
20815.649972,18537.950313,11435.362491,9183.586246,24048.298160,3700.113689,6934.534754,8015.263877,
9515.534383,8537.381643,16792.396377,8880.420038,12994.118354,13162.832157,8478.262812,14613.253075,
15032.170841,10658.947555,13381.311668,5475.805753,8934.840256,17981.207072,4240.427446,11876.715648,
8670.997380,15644.724509,34641.982719,11978.167864,19795.313936,14672.095607,8537.915324,4131.500089,
25860.692095,23241.994315,13418.257014,6049.401392,14470.396613,13726.838271,11602.676667,5524.890466,
8960.565369,28046.919883,26597.338940,11205.020819,9074.771098,4146.325280,4031.032573,5072.648806,
15460.329324,36192.600189,19137.695738,13177.615203,6676.309301,15858.948389,5072.117649,7016.430265,
16764.027177,4800.015481,17137.006000,13358.549760,4678.769224,17678.835388,6330.016018,15767.912432,
20870.024940,25847.161430,8554.153413,3771.808361,17297.482290,11542.891311,11630.690270,16045.823753,
12697.949114,19717.505517,16865.758235,5639.132593,14933.225173,9598.210417,8264.891400,10836.292134,
24581.156648,32675.521295,15728.443647,1324.199192,2743.158855,5312.864651,2830.987037,8294.701162,
13282.534437,32123.083622,13718.361256,6424.460317,11549.286322,8647.612723,4943.216814,5282.987214,
29424.934364,56548.112244,12262.390612,2553.253797,7610.422994,5917.518615,10210.607663,4270.330901,
12210.203116,29512.284639,16793.958766,2374.477735,4269.222578,6900.694111,10550.812551,6021.002800,
38631.904041,36103.410522,27020.698603,7796.601074,4050.342295,18621.433690,5851.779969,8475.083487,
11223.298998,2279.964291,31426.875157,16194.197771,7087.392796,16549.784526,5662.027762,9944.217611,
31085.098830,37995.807086,16269.533532,10367.191976,5982.662951,10061.109737,6612.357783,4678.248662,
11528.222045,17515.067760,23296.475531,6804.470505,7716.170106,11072.116998,9487.671626,5628.286237,
18094.456637,25898.205670,12602.773069,16573.018829,8406.660276,8648.669020,17018.135104,3221.688211,
8597.403832,10899.094484,18269.050571,22334.437679,2285.962100,13584.657774,11809.485094,4222.413144,
23634.709378,37127.434241,2655.485452,7390.390358,14772.882440,7011.932706,4253.189001,5859.362550,
6292.028401,16153.317396,15638.089834,8687.019884,17135.178126,9648.610916,11041.663782,4228.143368,
30258.255438,22681.761016,11763.373096,3488.668313,3434.852045,12125.430118,7767.150489,7525.163823,
6912.574917,7116.916224,22888.527404,11164.385111,10497.180281,6865.579089,1867.982197,10370.462825,
23876.230436,21768.250143,25160.520049,6010.127142,13432.207920,8081.483028,1645.424593,5643.796092,
6233.335235,20454.130978,21846.930012,10381.918854,4460.697191,17725.939268,5681.329137,4882.114815,
17523.779062,41200.322859,13437.885812,15849.472618,13485.078786,18925.082063,8109.356355,10484.557372,
9768.196079,6362.023345,23608.544929,15416.963319,20779.190726,13512.908569,5176.665524,9027.127599,
30415.506348,27321.726970,12705.796952,7973.953028,9019.938875,9768.477210,7320.221219,5179.507126,
6885.650963,9623.442582,28795.619277,8540.474298,4437.411140,6595.060976,12973.375786,3123.499858,
17602.486849,37876.748526,10514.794628,5953.348801,10755.126227,13278.864246,10334.592215,8964.358040,
20130.940303,12518.403806,16278.120860,5397.846902,10640.176184,11111.145988,8079.245414,7707.925026,
33587.850741,24217.920425,8429.774327,1800.716795,9904.856837,12105.370407,12181.266875,12529.040998,
10674.650357,7145.209171,22840.834838,10542.111758,18211.108965,12161.121496,5563.568188,14004.954807,
34522.322017,23507.373324,21740.549391,13847.481213,10007.868288,6162.662916,10081.427600,10575.334457,
17017.625759,18461.395632,14005.434691,14119.575476,2697.051328,7392.157900,2930.088568,8869.407881,
22066.065112,36938.879075,18816.523663,6157.506416,7830.348202,11715.227808,12053.908293,5343.665173,
4050.289529,26649.388019,17915.751206,4799.777782,13120.716087,11564.233673,8595.051554,2493.881270,
23826.654833,36931.892552,10923.345471,1894.449156,7116.727498,16980.639142,11123.122164,7287.366710,
5016.025776,15228.770566,16477.415113,5032.115118,8902.071448,14151.877510,13059.219483,10047.404571,
21508.273428,39955.821674,19372.226307,724.613044,5346.389649,6242.432596,8281.921675,8132.556349,
8046.587083,9408.415984,26680.474372,6664.265838,12997.266559,2032.803590,5430.376386,2664.192742,
28983.741155,28360.212519,3725.009860,2313.980044,13132.858046,7717.034405,7768.792523,2477.707428,
11381.910511,7362.938697,21866.392455,7951.307552,3350.814282,6242.677998,8463.978574,3734.946640,
18486.736594,31024.953528,20690.457079,5354.432688,6883.955624,4513.774171,6610.950660,3783.199591,
9622.487099,9936.862570,18024.163479,9482.133139,7305.903969,2130.240944,9505.924931,1139.386821,
28263.167900,18802.145182,15088.888665,5119.608094,3918.645229,10072.423065,6192.065304,7121.749820,
10020.742309,9137.796739,25874.205670,7643.166416,7347.667269,8173.841457,2204.928458,8192.546898,
29601.277097,32924.676936,11992.541295,9514.173491,15161.075519,5417.071145,3915.782924,11529.563910,
7561.623171,10367.287932,6374.140250,4366.935459,10797.739917,3127.619009,10434.870283,10765.930864,
22997.261028,14398.525553,20157.883063,8971.792776,3404.253320,13486.793356,12191.167132,2551.283086,
15246.250170,7814.050245,27358.128029,13450.043473,10167.619469,18992.403438,4393.307499,10293.611702,
35146.337681,26979.371152,14324.334129,6477.417571,11858.819576,14793.994345,7204.536603,6004.069780,
5238.748782,10343.422755,23623.180422,5840.000428,5840.749189,5602.962131,9770.274118,12353.089757,
25637.287666,29991.296126,12002.910157,8250.358944,13071.895513,5722.873754,7018.517574,8750.752474,
5072.653403,8164.148327,33938.166095,2406.469476,13444.710069,9161.199595,1445.203615,4971.756034,
32144.339507,20453.645390,12683.261864,1914.187747,7085.642206,7550.058278,3840.490574,7386.181218,
6184.894473,15890.413272,17146.661903,3251.466322,13388.622989,8232.384969,3046.431928,5867.225331,
20324.309936,44525.361887,4538.450023,7172.167700,5488.817488,6321.633088,2166.191650,12374.303499,
7660.384993,26726.932237,23742.419421,7878.090548,2109.596424,7995.619257,832.627164,8253.954197,
31993.596923,42429.919318,28205.743360,2423.267688,5973.086372,8432.993856,7269.662288,6387.189538,
8961.164437,21523.240748,24818.903063,7020.912920,17871.495817,11921.906747,12818.113024,5912.358171,
24408.775008,25492.138294,18308.413658,6662.217337,16390.577054,8502.529803,11342.287926,6521.386720,
5777.604191,14595.635313,19250.976609,5180.069228,6129.881233,9168.778755,3718.186481,4270.870146,

46571.000000,1909596.000000,1089100.000000,2882192.000000,1306341.000000,3648152.000000,2425588.000000,1529981.000000,
2456351.796834,3651030.127366,3186081.865078,2218723.188262,1080716.853223,2471144.479010,1736306.941564,1061672.002134,
2110716.692430,1831246.956337,2435002.090980,540323.932588,769297.101066,885765.889170,558942.360377,206943.833706,
1422034.012227,2530831.119794,2025983.493225,963169.188096,519279.843812,1134547.201562,340979.922231,192605.290432,
2070049.885406,1773411.572849,2366150.224751,578875.640133,880578.894937,852829.358876,227262.806285,251845.907074,
611552.234172,2692121.928022,1016049.384785,1155247.215486,2190413.466842,2790980.780817,1302828.061645,338872.836772,
2494603.961272,4454994.795721,4240703.288484,2193126.931431,2675594.540656,4117531.524708,2567326.927316,534766.903595,
3756554.479016,4730451.376910,3994416.006529,1592482.254828,1850858.183042,3898167.597356,2626785.296938,734164.372517,
2134573.514486,4044705.431408,1565133.264850,417748.728554,1567405.323909,2420362.713733,1177728.999919,510939.373937,
542779.138170,1800112.655920,592100.976891,193349.033310,1850194.436741,945400.562029,574305.126546,177934.153987,
1009911.500439,1732316.971898,176925.112543,430807.617747,1259458.640693,689113.157421,837324.283289,115328.659199,
760190.067751,110312.815971,669772.915654,346336.427704,467352.261210,436769.178755,316604.610738,79713.178447,
1078761.154601,1641505.121703,478194.727502,64725.227497,407336.351989,291323.622562,373477.269647,180732.835575,
169641.676326,1017997.203601,657506.484855,137362.750111,573551.571567,365542.973252,436429.063990,132843.522449,
379952.312085,984366.468467,714259.418885,41900.434088,458593.302189,261484.325553,356354.174610,58805.723161,
331169.514708,447333.795517,283057.013066,104763.442456,181425.003081,164863.329677,94837.098124,25995.949349,
505831.791555,843643.642636,411646.887651,172909.211136,157803.144545,120553.749618,349813.226615,37179.988886,
97317.321612,449358.039510,324880.322448,76045.802438,208455.210088,70306.247842,158970.200091,51425.701031,
453672.974071,572548.813229,309058.292934,147360.189648,169728.059894,168939.551763,187977.082260,78500.132777,
38547.376732,274475.709093,416685.677526,165419.603368,340394.287753,150946.053358,207450.828339,61834.684186,
234868.497229,484455.923118,102261.487481,36409.462110,132267.486460,61997.089491,141345.627335,22447.499631,
107621.292618,188127.300558,333262.545444,78029.934878,101130.643741,28400.037508,75683.882922,52007.074672,
259948.787070,381784.165216,295058.119935,118155.325268,35997.994278,55645.257342,68121.112911,60096.350588,
140988.506054,133751.378721,394704.153646,96487.800541,151375.247761,57766.667328,82229.543840,32388.504246,
298126.794585,327544.512834,221617.524581,68588.590085,112441.034326,29783.547596,96498.293955,5749.263006,
157976.522095,203331.649685,296286.032703,86571.526076,162597.950172,19648.996367,89993.307350,19978.991170,
320233.731397,249216.103306,157246.405797,68046.779214,92749.107318,46189.675834,45918.448425,8031.599791,
207442.332716,82797.299783,311122.215226,92043.564120,135754.225031,36714.216660,115326.661350,15362.627187,
378261.763512,178828.896185,116855.983594,21334.602930,160269.374809,21458.595542,46639.020909,12322.085870,
227499.323885,96969.766240,271194.102926,63867.402567,77953.444599,26975.811541,89507.271845,35438.292293,
329605.753394,274191.467217,202262.673640,35459.472515,73807.551499,48619.404967,84130.105444,28502.082918,
146425.503421,43995.613220,230035.946486,56012.278982,91475.476732,36485.482275,76799.821318,5791.258530,
312747.617142,253561.412290,139447.915779,56708.412201,101226.531051,16288.229122,68610.659304,15209.905523,
107059.218713,64711.443476,211167.401243,83068.236848,63523.363111,39613.357115,23444.346535,10955.993225,
275119.235707,245570.834881,103808.443131,21522.433555,40281.046979,12159.058153,30342.332103,20776.572121,
116661.861130,109056.166609,185640.626477,50028.314316,88743.440303,41637.063725,39427.307615,11006.459184,
211391.918860,320140.986396,122460.549685,44492.179039,55711.180866,37742.774050,55054.307721,10325.110480,
64121.670208,93888.500351,173042.967661,62042.897861,100581.821624,38055.409204,28228.054583,3979.166271,
184228.243740,287816.552109,65926.771138,25008.005715,60644.030150,16573.778638,49308.336198,8409.298219,
59851.097937,150002.565911,123866.259673,43856.694562,62198.196622,17276.684143,48383.783115,5690.900137,
172493.669337,301896.766260,92423.016199,39495.135285,63986.528676,9571.750282,29135.551296,12235.673998,
8751.927367,97234.153933,145351.453077,56528.044654,62355.881533,22640.060057,46920.156054,1654.075323,
131848.154894,303332.437158,91959.055458,42478.266310,46154.763672,24438.952624,48365.525646,9648.955655,
50706.559971,113378.789355,146765.341091,50736.088763,53689.027248,1957.204896,24008.405514,5293.387455,
155821.012922,274415.626771,90812.152155,37320.611362,57988.603592,14566.294122,34249.357083,6775.604457,
50024.884838,87875.273594,157475.492232,51100.248470,71411.304614,11824.458863,25225.436174,9413.951373,
156003.779674,272202.265557,88730.927903,32238.752332,60184.039727,3346.852591,34742.342133,6455.285120,
84460.017852,101277.464165,143333.508638,45979.187887,44348.391319,23715.630191,21115.613137,5429.866439,
162851.606366,218076.301929,113270.645932,29112.131998,41100.923163,16247.681878,32628.632178,5969.566024,
107835.934304,85250.950973,152230.622785,46080.126164,49078.359559,16957.873691,23887.710268,6327.994543,
180471.377757,201947.388524,104517.310962,28822.146475,53471.499613,18122.504911,39240.812079,8915.864932,
86526.887759,80335.937494,149302.947483,43220.904398,42770.524242,16455.113401,22994.405600,2937.305143,
181675.153010,162492.658639,108565.507642,28990.921089,50804.176963,19305.350282,8432.429625,9752.669077,
92139.596111,65670.240607,138646.167873,48328.701116,52711.755993,12161.670833,27335.754331,9503.439690,
168691.935086,126129.026115,77066.090078,23309.580675,39512.170529,28582.149413,31405.252782,3874.558579,
86365.733711,47616.799061,117562.272674,40663.722368,37151.743223,12304.065286,21023.295246,811.689042,
166105.253733,99326.838756,67882.732154,26324.281953,36788.577277,9476.652393,30957.929723,3760.840920,
67357.611042,38064.088070,107182.911994,39417.473787,48581.640285,6043.185459,12638.611718,3496.966739,
145342.465725,99520.494837,63288.650326,31262.586578,51243.983751,4529.174002,21757.193436,3970.921847,
43058.751140,19766.175523,89104.891322,39455.308137,33324.366075,3725.629743,22019.672355,6726.644698,
119900.567013,88650.312169,61457.167653,27793.782139,46340.630192,6261.648982,28639.762947,3775.724244,
33985.522876,58770.877622,104375.863164,43411.262477,37390.214241,8289.613767,14171.859268,2987.346993,
101478.431861,140146.188952,53417.118029,24392.995492,36074.765949,9094.007867,25006.184447,2731.076597,
15896.980582,42983.115764,82079.983070,40247.582991,35517.265117,7904.001764,15108.609972,2504.312723,
81499.756291,147111.319470,63766.957515,21435.690198,36727.835439,11529.991204,28225.491683,3376.701328,
32757.317550,53941.690973,92995.099210,39064.069242,32837.235535,2914.256586,19757.550099,2597.236954,
96769.250943,153956.459073,65375.932753,30329.718519,42043.399363,5486.625398,33303.614460,6543.808048,
44697.317355,65450.791322,103219.336363,37857.509736,40621.779508,8745.799285,21198.030010,3270.159867,
106957.966727,188374.892278,68415.086693,20994.538259,32996.091540,14670.505830,28014.880496,1059.965098,
55125.102446,70968.715606,108326.990250,38464.221953,37220.794025,6780.222888,18869.405702,1435.553054,
120217.160391,179257.887583,82759.927164,18188.674853,41148.859693,10523.145976,22623.156033,6208.931646,
62217.962949,81402.836720,118193.766405,38262.313321,31706.281790,17006.192361,19284.339416,4791.591450,
128548.063170,182004.192866,73378.322667,22777.045623,42320.455136,10509.160188,23264.282098,2868.914217,
67218.040745,66858.865732,109128.179545,39281.767326,31785.425871,4189.210156,9776.656333,5354.854157,
136522.248870,156007.268828,66911.263033,18452.977973,34724.582979,10192.563348,17909.996337,672.659168,
72013.264477,65585.048472,90800.191212,33315.277905,34519.205559,4971.535103,17751.545959,5652.653651,
123613.712462,151257.485324,55466.392043,19519.048387,37405.874541,6396.788113,21896.312313,2117.308259,
59664.532472,53782.514614,84924.889203,32650.945479,25807.879361,1232.838976,16224.910838,7346.900414,
117874.471304,140946.661203,38252.868106,18083.993441,36930.471562,9452.136335,22592.886265,6856.191668,
48140.580838,48676.632162,72808.304440,33767.680398,27141.173866,4575.735102,15883.636488,5166.485875,
99236.596577,124869.585426,43417.527832,22010.887458,37712.298658,6109.271075,26164.083952,5047.992118,
37217.577738,56034.450903,66833.355866,30085.081979,30784.056174,6484.384623,20787.097273,2694.865575,
84440.479253,92172.082278,28826.146460,19182.534908,31673.549619,10695.504825,18545.305821,5241.447473,
22211.116630,40541.410753,76175.466212,30815.746918,27871.440565,12542.602601,18558.010588,893.392574,
65993.423003,69951.364391,36923.329427,14804.120452,31239.408712,4999.405624,22924.858148,877.527308,
10351.105918,29717.314852,68295.235990,35530.719815,23789.241997,3752.924510,10608.412451,5742.662870,
63732.535513,72455.068692,62645.062047,19868.316327,27617.628415,9213.525158,18132.174492,11015.348778,
26092.548552,26284.419449,83189.187289,24161.803688,24306.907970,9077.674305,13829.231457,5849.122130,
73290.544531,64310.630530,54875.992215,17340.372565,28646.319500,5334.034940,18790.557610,3379.829373,
36517.140058,23668.802733,85184.761374,33885.079163,27294.263953,645.170198,10726.400801,4520.647622,
93900.775873,73367.749757,65356.504088,7938.451099,25171.934231,1758.633726,19370.163554,2039.453503,
42092.649892,34279.794375,89821.248959,28702.703274,21318.741001,4574.291886,9396.783067,5062.919977,
103634.981510,99881.365890,56550.735021,12697.067219,26607.763950,8849.231535,13520.178770,4353.608032,
49952.144828,42443.831214,88260.299971,29503.659449,30781.656011,4797.404109,11226.513090,5600.751157,
103625.887520,105592.421018,50327.476135,11524.543898,29989.172851,3839.051440,15316.188729,5374.060512,
60954.420328,50150.836494,78310.067860,26061.872382,19232.345141,4846.091535,9715.608940,1972.641341,
100754.078756,112726.971031,50017.955400,12286.262464,28876.772085,7954.920904,12962.342169,5522.430704,
51782.020003,45861.499788,61164.413887,26257.488500,27466.601804,3202.019175,11965.493690,550.126924,
101528.098221,132561.014310,38717.367895,15025.775336,25990.914116,4454.702211,14207.883966,7919.296919,
44807.529394,74382.151694,55233.537001,19407.434822,28757.627640,7689.644585,12826.826665,7268.103500,
89340.153442,131062.228198,17613.975790,13436.815908,23860.058102,13013.269326,21252.608536,4712.519488,
43542.554477,62626.841352,58108.015935,17396.239718,21932.222517,9729.375934,6103.889117,5166.730741,
76339.427227,136233.939045,34348.893117,19518.858016,32928.703378,9074.826768,19998.905392,6342.319046,
20045.596858,53978.255732,61207.912745,32049.313918,26805.030753,10182.558304,11795.497374,11461.172268,
61498.993818,98306.985737,30779.484253,11582.936389,26657.783623,14429.944891,14972.865521,3990.630771,
6879.439108,53750.353775,60289.234693,26021.271246,32290.427638,18062.857101,14945.422241,7672.478457,
52696.325413,112368.288604,39696.363012,12125.559896,22252.076595,11439.155386,15411.785308,7726.367491,
13381.979045,37055.294898,71592.194644,24930.665856,23409.103928,6897.187366,11359.212381,2380.327496,
56511.242555,95494.403330,47870.617849,13368.639829,18191.543774,8537.534991,24319.518419,3808.255373,
13025.954712,32525.445211,67203.242679,20123.197479,13484.074479,6891.839935,9939.911866,3744.140450,
52677.706054,85383.575336,53627.313757,11126.839955,25982.409202,5470.596109,12253.161369,1501.210566,
43014.094950,35297.781690,67782.150023,19676.165416,34980.270415,2191.294396,14095.613775,3392.973624,
80345.027926,63007.189891,50914.982906,11468.817855,20232.219053,12279.460343,13365.196575,2510.520069,
34738.923940,29713.850770,80931.045477,19390.761770,12922.116796,10830.875596,6038.949346,314.433477,
86096.376973,49183.966933,46269.658861,15024.424019,25698.359297,4644.525059,12401.233007,1235.045775,
50882.580537,37461.299177,61856.042310,29122.088453,18893.297247,3063.994844,3210.792272,3705.065322,
82835.251453,49339.796207,22110.372016,2885.060874,20248.599472,5054.943244,18137.378108,1824.251846,
50942.425725,10277.021176,61414.065323,24689.848087,25715.385551,5449.713848,8669.568825,4988.529803,
91943.177227,46019.135350,24787.466918,9170.897992,15478.904030,4044.245213,13752.265211,7831.567963,
51946.388565,31199.129078,50559.234274,24048.878528,23924.545124,8486.571401,8950.621459,4696.062844,
80583.469326,70558.079609,39365.998016,18351.386347,22484.696524,10140.583749,15680.292688,2990.134816,
32960.402828,34348.122981,41292.977110,17209.312114,19536.833537,8813.529605,10475.368791,3785.965259,
75296.619152,74137.570196,29537.058066,11159.474171,21947.723898,7943.426771,16108.516040,1534.586295,
30580.326317,43604.035903,41777.243472,24137.817715,15412.841612,11491.926455,9028.619851,5340.412028,
51211.919529,91745.896781,27340.222208,12366.757132,19350.534515,6068.998964,15581.022306,1427.941714,
14203.976737,37232.721341,42277.716626,18707.549056,24147.635337,12694.452767,17902.950678,6407.379857,
45723.741504,99727.376004,37128.711350,3035.590159,14313.796931,8785.526365,9634.368599,8023.827827,
4110.609816,54195.753326,73358.864320,14072.279303,18547.866384,3825.875398,12542.410063,3631.108220,
40360.607909,106780.544854,36198.386294,12569.492836,25306.370555,4867.409507,15563.449578,2543.669641,
17887.699881,43452.543177,59065.018833,20263.671907,24703.760461,1629.378401,12513.246736,6310.273098,
51474.457030,105486.024553,50069.180835,11127.538884,23013.766503,5028.976048,20945.910858,4883.582236,
30129.472567,32065.060743,72811.311490,29218.522837,18741.874715,10168.584079,6150.952030,7131.083842,
60791.288199,101551.607866,42582.157993,10865.308776,18770.351781,8893.935316,14273.300935,14360.825328,
30207.329101,49492.575996,43803.831948,12711.123989,30578.324709,3637.977599,10956.058115,7626.804679,
72258.079748,104229.682184,31900.913811,2561.300046,17382.467399,14168.809136,18517.220742,3399.038274,
43365.813054,41017.922750,70198.377904,17514.959952,20150.928343,10627.967574,13267.603174,2389.235307,
83207.133729,74048.324102,39712.096753,10730.939605,18469.293160,5226.661231,9111.715436,8942.670855,
33586.060089,32999.925362,47977.649106,22455.797668,17121.169153,1989.781425,5911.006601,12044.922611,
73246.376176,87370.584132,20767.094217,15004.719366,19997.402070,8787.828376,18000.986727,2417.328675,
43629.152717,50910.992491,42598.325465,15047.994721,26496.160638,8540.143680,16051.458732,8080.627847,
83137.391060,38418.483446,21120.357085,9055.670468,16910.181395,6570.073443,18581.907534,8836.103336,
34449.882564,24356.653855,36068.458137,18114.745631,22110.147278,4570.071641,15340.127695,3644.748773,
66845.913873,44025.548281,15307.154719,2777.919193,17541.288406,8779.921809,8395.427105,9693.171091,
29534.974239,32351.597161,45691.549668,21172.672153,20718.603812,12070.603482,10959.753852,11177.426780,
58967.679116,33163.433921,31791.880975,22143.248889,17998.596179,5692.256791,10030.988836,8796.392105,
17108.664136,7197.140291,48681.208234,27621.978435,20920.337425,52.376981,19411.768079,6409.052491,
44364.500426,29079.374413,33829.698133,11090.022696,7206.409737,8267.996709,3703.749812,6287.127851,
13086.919371,33299.554426,40077.788785,20617.728491,17596.489734,6115.144590,11343.446882,11624.103400,
31342.978198,59052.164323,28550.137369,5822.532525,20181.847868,8847.597869,5396.841595,10337.651339,
5563.935660,22095.262261,51889.194502,12149.981878,25353.168566,10386.316290,10592.189199,5490.446214,
33820.513973,62646.438481,37637.189503,4243.926829,26595.226784,7484.038960,7420.649485,2236.944930,
17540.036621,49364.073622,57226.865481,18514.320714,21680.394892,18828.425584,10825.627159,4328.133546,
43456.159836,85985.077330,40540.962514,10676.369096,17937.445227,8181.019079,17100.431496,7899.591015,
35100.935546,14688.898024,58192.690738,14594.209810,30576.203206,8142.002971,18125.009208,9132.018587,
67996.767887,82666.621053,46609.709553,7149.964788,12931.748199,1435.909623,13435.033119,1521.718066,
33262.170680,49704.266957,51521.776957,12104.945368,13745.700582,13707.525753,2052.328462,5858.885154,
63708.101123,75143.373151,23467.862827,9552.228594,18277.158024,12296.333019,10374.446798,2987.772000,
36503.102851,38640.371683,33032.047113,11996.924419,18045.451365,8046.022307,8483.365974,7029.799257,
70063.942484,87521.719623,16276.051182,10362.315683,19317.557103,12547.743796,10942.487976,7982.839167,
35140.719730,29206.125687,36551.922088,24898.755349,31619.734780,2866.484430,17269.644694,3716.270356,
74477.633173,96473.011627,18354.343967,4783.262812,9312.607443,13856.745655,8397.452684,5325.001793,
26160.324253,49790.595461,26833.563292,17443.068565,24984.633445,16032.224832,12149.433778,8687.883755,
63483.359012,82823.001839,33207.090659,7145.407821,22823.769015,10097.432604,13851.026799,7469.780389,
36636.411366,28085.857159,51400.394543,15087.170816,12103.839619,1292.253667,8030.529876,1834.743029,
60779.507632,64789.492329,18195.012142,9006.306780,24140.121147,7353.974824,21425.597607,2493.259490,
18628.974037,28329.577081,33600.900995,13163.312477,11774.221419,6886.968724,16244.607966,2129.080619,
40431.100699,80404.641266,29875.935874,5090.805915,17681.838825,555.989347,7687.526579,2659.007028,
11483.875837,40973.267933,50555.227251,9183.992940,25389.410132,3747.564002,18197.757021,6597.096194,
38033.251185,38263.547629,33340.964622,2456.213499,10276.215755,14353.506679,6199.165640,3715.772541,
11643.515549,12850.395077,47045.194987,11834.166792,9847.052772,16135.971799,11583.711803,5411.642878,
35826.613253,60896.572809,25170.784925,8268.319351,19158.226760,6038.428749,13296.502486,3669.813468,
10725.280215,53521.022216,56165.739719,20614.115261,23292.474942,14457.846196,8475.129229,9416.042475,
40291.587462,38422.564066,32430.361853,8929.770082,14379.317431,8650.130993,1491.528716,9876.795939,
13230.749753,446.391064,41290.857094,9379.344662,15643.148319,9347.646656,14675.846522,2659.261123,
52793.120713,29107.059207,18034.542809,5379.739937,20958.795070,3321.864859,12431.341107,9970.200160,
26383.948488,23102.277838,43245.843864,18478.902392,13873.789603,10546.976454,8829.886029,4117.366952,
53735.511392,40869.841373,24726.366005,3349.532745,29667.863886,8201.522248,22241.604854,6207.314755,
38898.459906,28091.261291,45427.410863,13509.945183,24284.007210,8793.824060,19123.342273,4652.578075,
60023.116230,59452.444368,14586.444931,11866.374923,14628.419512,12271.440462,10696.128437,1526.888411,
30975.171938,22330.137603,41148.235093,23466.596571,31099.160242,6962.716045,9875.003774,4863.797257,
68076.881011,61609.894893,24976.849802,9827.634969,7977.876515,13496.263384,7008.311949,11841.214921,
26534.954592,37097.903260,28563.008367,12453.253890,20687.667017,9410.315614,10852.509584,9473.806564,
61107.244560,93333.850313,18829.316636,4061.213383,10412.984985,11586.057786,13304.232154,6846.634312,
31223.980896,37944.285808,35054.676204,15598.981637,16895.615390,12461.242856,7123.708630,6215.616525,
53096.653641,77735.366881,14872.008211,10198.670875,10085.280336,5302.754830,9187.605277,2022.656674,
29850.354877,27875.388834,33920.322743,7206.037526,16202.013098,4867.971098,5158.089832,664.624222,
39268.334675,92108.704353,26554.272240,10961.532651,11748.471286,1565.942572,11641.990113,4041.191323,
5995.140678,48377.304414,31217.963008,14558.067728,14625.091964,6919.859566,7876.433769,4365.003350,
42777.328565,66200.570178,31501.073034,7154.771558,22340.422629,8514.061567,5159.731215,5184.489696,
12870.734518,44467.608873,52123.360782,3182.324896,16096.917845,2731.066192,7740.434355,4973.236130,
28201.121227,66968.916406,41855.488486,14024.508580,6221.787054,9232.793393,5653.267682,8038.492019,
6250.421016,36024.345581,41839.297366,19279.915708,14021.792132,10436.517076,14104.460733,4467.167533,
35697.774476,42095.890402,14849.073813,9540.779101,5619.749936,3180.664403,4953.641984,2622.425359,
8030.594305,21397.686048,54982.437009,25248.961071,8758.697542,6038.097531,12771.312521,4048.526432,
30350.051340,55769.384542,26883.884372,17103.350387,8017.105228,5230.832921,12989.101376,11453.235277,
12925.879865,42232.432825,26906.919336,2231.193074,20394.387449,7276.722822,8885.671773,8838.526881,
42789.917277,27592.392151,14330.367752,3413.603265,12113.448654,10370.608985,2374.848007,6285.491084,
21864.844468,20163.216285,36447.571310,14009.472100,8142.217340,3722.654761,13657.830230,13197.543292,
54768.832540,40506.165373,29410.680228,6639.444150,9821.373903,7079.113518,13716.379610,3446.769588,
48536.821727,19913.200548,41827.661516,9280.193113,13682.505020,4339.941610,2092.518218,13562.391912,
48442.957403,42107.166472,20961.994328,16902.215758,11535.071291,8000.088366,11180.141608,13064.008636,
43933.755920,30387.911660,32785.489839,17971.544490,3869.448787,14552.928330,7395.120199,2518.782759,
66891.575432,14854.746062,30479.333666,14967.088309,5362.930221,8417.464322,8791.527471,4826.654843,
30275.597164,28680.022252,30935.536833,14872.961536,14586.662048,3540.422551,17596.489522,2517.186315,
45477.386312,43045.864466,6921.171012,8889.567725,12496.908323,6561.564888,20772.179427,3220.554104,
26123.183409,32986.015397,40812.714227,8724.456698,13376.290922,11433.458644,17951.694762,7643.062163,
47329.751269,54290.895609,17089.605310,6772.599984,13496.372667,6952.504273,14682.322679,9976.243734,
17950.835528,32980.427641,20259.361664,12195.717673,5343.183143,7629.153189,7923.767372,7574.904270,
17127.765449,56068.586283,31624.931290,6458.091633,11423.454805,9436.869446,17406.877341,2146.803712,
17857.834874,14259.196858,57088.738279,20157.214319,11233.979758,12487.036971,11156.986155,7299.972674,
41166.069970,65098.968737,49006.050735,17617.093904,19174.795858,24071.066990,3432.289924,8539.580616,
4397.529717,37182.479411,33833.700469,13596.366160,8441.953615,10085.529972,7129.363203,7822.238534,
32326.106887,60823.451184,36476.862361,4283.879059,11192.727653,12964.838033,13165.478468,6101.269608,
5197.495770,31484.423819,32332.000974,18048.057429,19494.577987,19676.409268,22796.231161,2636.390704,
32018.250714,69019.952236,41387.512958,7069.173199,8167.827137,19167.886160,15899.691617,2749.254594,
11061.482719,58838.279991,54059.420135,8971.594712,16108.080737,20982.919290,9796.798808,4215.455480,
39373.889070,93081.813980,9030.645569,3661.435895,22397.417496,24456.263397,6593.551470,1024.219539,
16000.169334,59364.160992,23530.453812,11202.303215,16113.361291,18286.279870,7053.973376,7450.282963,
46252.401234,85260.483062,8344.508185,5013.841887,3001.757379,15297.971503,6521.163649,10035.461355,
29913.886403,35371.509299,38225.705356,8114.029388,19135.704741,20687.183660,3457.896435,5667.064765,
56279.963900,57461.043751,15816.469931,4529.922912,20105.248326,3245.732362,6586.389217,11698.940651,
36428.897654,23418.069316,36986.197309,21073.508272,10429.939691,18751.488836,19585.500028,14213.951953,
51825.029889,45979.896421,33341.748882,16613.359326,18238.348629,15245.824244,17191.913499,6858.537892,
41393.964247,16875.446248,32630.024772,5985.042144,8294.632824,20663.119503,12726.966495,3468.592242,
49953.984064,52342.337863,20266.843028,14299.929043,15501.016634,18792.111770,19981.111313,7704.715136,
13647.543457,36973.103060,21247.545509,13550.722888,6911.198077,6401.360620,8989.572771,4767.561746,
51088.715417,27133.810411,20210.564272,1183.841795,9633.019466,15475.590293,6410.125468,2912.223257,
18990.468192,33067.905443,42546.659828,8154.440588,5233.476030,7162.152515,2934.206694,6057.419439,
39673.672527,33500.864317,5490.597012,7611.525337,13661.952855,6987.840050,6579.565081,5994.738717,
19729.484137,26031.284831,41112.652320,21995.488643,15973.874283,2512.995326,6915.189865,2125.171725,
16268.103170,20907.800550,19897.075949,16370.784858,11369.648864,10143.392516,10503.715467,3630.829871,
5849.194877,15538.811636,52233.778531,21131.258509,15561.445101,3123.788220,6778.227881,6733.073133,
21372.715852,28845.860860,40148.649767,16581.196638,18596.002284,9580.734724,18674.626434,5886.030612,
10509.016769,22769.116956,19999.547083,9687.308380,12151.836151,9003.007716,7263.663517,899.218345,
26753.102455,54195.331525,31116.905520,15304.639216,11233.209206,19946.590145,7940.620710,7209.988486,
17292.494029,28631.014447,21797.176468,5827.127126,7993.730577,19614.904728,3793.134441,6630.269166,
42512.208620,42572.763995,26090.035886,12822.164235,14474.883070,8822.914086,19273.840797,3272.089055,
14945.176846,44625.631087,36769.402330,14565.309543,11268.432425,4358.682468,15545.775320,3758.313721,
37178.975513,49455.346429,2919.857240,5712.415516,10435.243614,5853.409140,13520.520691,2836.929809,
27557.681467,27223.034974,39754.903188,19049.355000,19843.589859,6102.929076,17286.177537,5199.121701,
43469.466306,72596.833115,25761.475921,8247.733075,6579.440509,5090.767374,3169.272896,7899.266729,
27143.127013,49884.847439,22109.357594,12104.740486,12233.122116,9143.059313,10218.103170,14370.626852,
56933.509502,50607.532163,8698.844758,4821.490996,13211.715318,12842.251745,5336.954568,12698.888399,
22280.281048,38722.766183,26556.612815,8894.199763,8558.134696,3150.910740,14129.437512,6223.761570,
51945.329745,74407.933891,31903.942007,7348.189228,3884.854828,14312.381772,14906.208074,4577.548963,
28687.444974,36612.019303,16300.615831,3564.335585,4551.379285,11736.038983,2376.230723,6960.310462,
38520.439442,64247.059948,29774.896674,5139.406535,8443.396014,7122.915277,8930.745939,8329.143130,
24344.336041,25943.354019,39640.728236,10796.838082,8817.141775,16326.756260,1971.946963,6360.308752,
29820.768805,61283.829814,8569.131389,15155.139238,4958.721055,11247.642577,7037.547868,1890.466803,
15001.071148,27970.505209,31875.038990,17151.534247,7779.096251,4024.590565,597.972913,1511.571365,
31050.438877,47503.826467,28595.298139,5476.212070,15599.508845,4280.177852,8114.675814,5077.318137,
3988.384088,38557.946134,41257.841054,13173.164583,14011.239498,7597.836151,6892.985994,7657.156700,
24869.784740,13821.684753,26152.942789,10701.201990,10533.002998,7936.468075,6049.450632,4918.002486,
4958.837848,11147.650864,14686.724740,3498.536775,23846.775373,10115.021646,13471.836251,2615.184375,
24264.304172,22094.884611,25310.731169,10936.294694,15764.617778,10380.433603,6458.102245,1717.941081,
12533.906546,13727.157492,39875.583533,18044.466100,10785.021032,12508.144223,18039.468989,3458.811175,
34223.160827,7273.148562,21575.159791,10199.981961,25357.771846,15303.282328,26919.195233,5621.398847,
8618.640143,18665.552366,44080.816108,7645.693266,12105.638152,11399.374910,11397.334863,2767.098797,
40068.832009,35220.302323,2885.638596,6129.091802,13410.387014,3524.698500,7915.632024,3752.402445,
31541.069337,22352.075591,41652.752935,13153.149727,14047.407788,10582.087092,12602.293285,7665.174063,
48427.759126,31272.759385,17321.875687,7377.472508,11114.311267,9208.123143,6655.690621,7405.142539,
13840.171169,36504.761459,23591.438682,1949.023070,25959.590389,8183.464122,12155.155801,5967.623131,
44076.221500,43864.659401,8374.576656,3273.282711,16471.425342,9587.288305,14917.209916,3234.941007,
33331.837799,17154.090670,27335.977487,7051.694949,24121.861076,14736.622617,9021.425397,5123.839071,
45343.929362,47079.162022,23078.655487,12776.612206,24327.703258,17464.781156,23735.523546,5885.661432,
27670.884406,29162.281310,26881.116052,10196.763391,11515.956550,12289.359161,18541.576620,5198.577870,
32689.220085,44878.137279,21131.071774,6936.202141,14504.288550,5289.357469,9031.821099,7583.301224,
16344.746776,26300.203997,31722.353245,8698.264431,19465.951915,9350.046985,6144.570076,7408.840747,
42674.405194,62753.968738,40165.957985,8026.283063,20583.175115,9893.297961,16094.673646,14783.186090,
8755.759525,36649.596528,34258.024377,12779.502427,9289.907853,9118.702204,10790.488260,12517.164935,
38450.756975,37446.284474,17821.119670,11209.269690,15586.387642,12421.712704,4794.354275,2117.507255,
7429.902054,51168.459066,20750.392849,19767.211932,18757.267372,7230.270864,6105.822763,3490.917498,
31440.792947,64983.294256,14136.800840,6087.720003,2164.019128,5258.477260,17193.931726,2326.341943,
7236.836703,18486.564295,33978.367429,15278.510959,7855.163173,8392.232163,16000.973437,3868.267442,
21521.313905,68269.195884,19039.747821,3945.023996,17450.463412,6230.319080,5257.770286,5340.923695,
6442.579440,27894.591687,41579.520186,15065.866709,29077.102668,9644.278560,18194.450707,3996.019930,
25637.976738,63660.669199,28095.971745,19982.570858,12841.422003,9713.724505,12635.867868,472.663796,
9925.203875,18266.597231,23018.298317,17506.464575,9489.913203,865.343042,10462.571302,3234.511514,
32482.849551,52126.045373,13347.199138,9989.996444,14114.556841,7615.631373,7138.355606,7491.621760,
14025.904103,22992.053047,10305.139789,3151.261678,15435.247068,6008.335554,11433.836452,5150.435686,
48306.375359,46456.893157,13221.942302,13178.145989,8435.219464,1729.483770,20516.964352,4632.229608,
29516.621555,34594.538725,23362.048307,15733.037224,13064.600897,2775.959797,9318.700287,9301.376789,
37699.774866,30514.060326,18914.883528,7918.324056,2919.427026,8324.863355,4542.204648,7262.863685,
24406.293583,40060.536534,35297.038635,17347.131281,12123.379021,8327.644864,3235.613593,5158.691595,
54009.213724,2345.959917,17767.706814,4666.808611,1913.260588,5448.043982,8803.154369,6252.270933,
21027.239740,30168.128770,27595.719179,14913.929198,19015.362345,5491.144607,8831.873314,9430.449851,
44232.683363,34975.852044,27421.705713,6673.570842,19854.130620,13670.374075,10230.771911,4668.353165,
21397.497790,3965.651721,17810.142261,8336.193432,6143.851056,7305.676635,10011.614296,2292.567631,
39942.985845,28970.464472,21866.006149,4497.672613,7013.046663,11222.134151,6239.571944,2920.472452,
22228.204548,17734.024232,35714.864514,16513.153019,14260.730645,7964.583516,5484.589664,8224.811109,
23204.072175,39413.103230,20831.939491,4316.852450,7012.566907,10329.758451,12067.464758,8581.958565,
7888.090273,32943.510346,14865.036351,12440.327093,10255.445915,12294.745445,8481.528695,2718.484708,
22633.130946,32183.623658,27476.546239,4020.838444,16132.423079,7073.361353,12352.549066,5380.564684,
2708.587089,17345.817548,29937.148691,12578.284131,13570.416174,19894.015359,12477.208982,11123.075022,
23977.888541,32568.818864,16311.215380,14524.453298,6900.828891,8639.687918,4607.693645,13522.569313,
5738.821542,36141.564041,27470.171105,15714.118743,6397.080511,15086.148160,2872.962343,12503.328592,
21363.368248,59345.315203,10259.072359,8062.505094,14345.983493,23001.259822,7023.287605,9815.516443,
10085.140908,24995.101814,26947.286562,11426.462770,14285.106753,14780.796442,5019.548275,7216.779048,
28553.491303,64118.496931,18947.084193,3861.122691,4997.350988,4124.083786,1845.563358,4301.362731,
22752.384624,34863.181164,9545.127667,10237.320738,12544.990714,10845.353483,3762.204594,1546.141853,
30202.080150,54956.259980,22953.364787,7091.424513,7892.838011,7785.083211,8068.064671,4454.466440,
25972.036351,41285.923120,35974.047673,3438.403850,1041.854361,3810.818932,8627.590783,6309.547005,
45951.367451,67985.914147,12834.636803,9582.301801,8601.503158,10306.188996,5901.313706,6204.291361,
16078.011956,35539.133761,37359.098282,17345.370923,16421.809399,11466.958614,8940.432483,5675.231355,
40548.927753,42231.956941,17162.189028,3051.993196,9534.809386,15226.893051,11358.898830,4512.734165,
15998.304355,31072.434514,28190.112960,15680.730523,8527.988598,7787.656182,16735.984451,6124.324200,
46874.649863,34996.446426,11483.660929,9860.953683,6807.627604,7634.812782,13068.167244,8085.151163,
28746.694149,20106.187280,34784.263060,7907.999396,6052.617841,11934.317810,6685.057319,5470.174833,
35413.919618,23829.135330,25123.174947,8783.530401,6967.694231,11824.637291,13162.823497,5652.509153,
11861.410107,18131.831280,14491.921970,1885.710376,23039.197093,12988.821724,7418.335033,1530.358131,
25929.390431,11918.115709,18037.355905,6618.726631,22873.050241,11256.353469,16901.640827,11025.068100,
9363.542780,7541.186553,23314.248539,11402.151858,8159.345014,8614.044526,14504.971839,14389.917297,
22614.993123,10757.785540,16387.389994,4624.511192,5181.834745,8637.794649,16415.429912,1839.081403,
6630.147982,21024.745911,16891.616202,5398.946958,12073.630761,16110.690606,10156.073145,10935.541676,
19413.044637,21351.995122,21551.672984,16953.316689,19351.841280,15042.336915,6566.311299,7697.694847,
4954.798738,16894.887958,28283.758046,21656.441319,15968.834596,5586.942415,8950.157277,9034.281489,
19122.922786,21406.036075,11558.389729,4465.404647,5751.465173,11758.396329,3065.124953,9214.149312,
8163.704494,26621.621296,27599.211132,9584.844997,23263.845231,11657.214827,4255.107576,4718.627506,
25298.056216,43544.675375,9681.095798,4876.730787,17768.738441,7023.033156,8046.370317,10089.159184,
12859.670298,15255.328509,26489.071446,22574.254722,8939.988182,11616.246868,9573.359697,11424.033928,
34597.939189,43265.458993,24212.744306,10105.321931,8752.981017,20853.409634,6822.479558,10226.877649,
20895.566461,25812.056363,24173.212710,18720.359887,8596.248570,19006.687182,9896.170816,5384.563250,
39712.741987,63034.269030,12726.843090,22938.620133,16299.339507,8870.621145,5868.772850,1374.506904,
15723.386844,34682.993674,13970.736269,14236.429606,26131.440694,2416.231243,7966.558819,4098.171737,
36578.444131,63120.199332,16082.826539,15774.954150,10295.856506,15775.677388,7720.184005,6443.095019,
17328.593611,37080.330899,22788.087847,12902.993216,14512.762290,26813.324143,6738.220071,7614.844336,
38659.620478,30383.074787,25145.576867,7378.533320,14733.607422,22180.958548,12545.011156,5755.505016,
24076.536847,18624.350361,26909.664960,8676.017498,3686.037945,11700.023204,4088.576705,3045.038125,
22943.826345,46070.698560,13226.189403,8419.587519,11366.394933,3183.142244,4260.446745,3000.891516,
11330.901981,42783.561163,24109.348814,6181.704598,30909.854341,12006.867302,6730.084002,5800.552996,
39545.698772,62853.772590,27842.464419,5335.658315,23142.596621,15578.786346,9776.124470,5373.281658,
14560.867105,22017.384948,35480.223607,3848.716934,9089.335203,10668.468120,5865.763038,8027.340773,
17862.861016,39590.172855,2684.650260,4393.302887,21968.512784,8798.567881,15596.657377,12707.473671,
11078.741198,28749.378305,30690.888839,3492.616901,11581.637187,11774.184312,9057.112149,12544.210375,
32865.828341,31495.987288,19772.054765,4834.760438,2960.007140,6929.279481,7652.660688,8286.750065,
13343.160790,40208.171708,9264.093244,2721.087705,7561.869825,11490.721623,10296.692572,2256.400603,
19767.666755,42146.506378,6037.738921,7002.593998,12009.540131,15214.830001,4772.471268,4922.365313,
18737.504505,36891.697992,33096.986532,7233.389141,10415.872872,15799.365009,3972.657774,7461.314865,
35381.137210,12053.237266,46852.021460,9372.233037,3730.954576,13679.272102,4594.171244,7140.459799,
5791.856246,11223.719242,29873.794394,8982.370061,10849.187947,17464.144167,15197.229715,3474.527150,
25475.482966,14789.406856,10885.077933,9771.381392,13105.664096,15939.376575,15418.167574,7642.331957,
13855.437772,4996.757419,24619.496455,21261.653557,5480.811273,16983.254574,11556.132334,12301.529870,
33072.583756,6434.021635,11680.003207,17906.205148,10373.100036,12480.508546,26797.166991,6311.138653,
5625.978697,38996.469354,36230.134105,15595.839479,18396.084040,8088.295231,23710.648995,4277.542933,
33008.145830,47075.737606,9398.620743,11994.548026,15356.159647,13605.430748,5364.462874,4248.343026,
8548.475256,10082.022179,38489.540148,15485.544637,1790.681720,15591.096332,5977.906212,2743.246201,
37564.587453,32979.758741,41050.952426,19244.884479,5726.396768,13006.391391,4819.723500,7587.780647,
23816.149076,8106.686109,30109.008129,10292.904399,2266.665002,3511.044158,13398.166334,10577.689725,
31703.723757,34805.859785,25291.362964,15892.598247,6246.513206,7246.575931,18424.351870,9782.668949,
17980.696889,18931.411203,14444.116363,15996.584174,8777.151553,8803.738896,7822.436921,7821.812855,
44819.569037,29519.913629,24803.793751,8055.024405,8820.124895,3319.681582,6367.968141,10455.872665,
24205.735648,35441.119284,16459.065712,17856.805629,3604.283260,4795.385692,3960.859484,8608.064234,
18563.295096,64152.227111,12977.116681,8673.194119,15450.094448,8622.307059,15546.786864,4906.990650,
13489.301526,33402.250756,17858.553123,13792.261403,19245.643895,9394.883325,16649.155507,1540.422096,
16868.979131,61392.870878,18913.483222,14307.192848,12203.248058,12729.267064,10985.035706,8151.724246,
7628.225518,23444.395000,23206.517440,7695.535321,9257.100115,20716.183090,13558.597793,10862.376820,
9934.907334,44790.608999,8853.276247,1895.614110,8062.192951,17999.558795,6867.210685,5456.407618,
13572.452603,41310.734000,28235.671833,11520.217352,10774.126169,5048.741405,4688.734399,1824.541221,
34289.161987,26284.096631,34548.516617,14092.469454,14597.367618,12377.126499,7039.151963,2581.505896,
14493.959778,8963.264021,35253.822260,17244.829694,1562.254527,14579.344482,5526.610638,4119.415804,
18351.491316,21627.609958,22959.563692,15475.222169,17886.911861,5006.679017,10068.596661,5281.170342,
17730.619989,18090.618554,35612.470104,12727.258961,16378.780716,8778.011493,11425.182107,6625.585281,
24216.163571,46629.591129,10572.799388,8141.274098,11029.356892,7091.412377,5684.437805,4544.478992,
19083.371122,20619.223477,13299.604130,3709.280765,18259.311003,2263.117769,11859.505423,10509.606162,
27171.944165,19116.123282,5911.707509,10449.953734,12169.344026,5314.318575,8350.793603,16466.488671,
13142.900400,9721.032099,18301.205818,6289.153938,14102.386764,776.037683,6061.575983,12994.973807,
26563.166171,14851.621889,20323.081845,4535.181157,13810.660857,9017.864061,16789.409787,5332.783520,
21985.363314,6552.676559,30169.339040,7568.441437,8517.378835,6786.721289,14862.943034,1896.301458,
39820.531069,17575.029638,25647.932712,4711.131142,2708.850442,14150.830182,14590.438802,974.940851,
15641.823575,12508.186203,19165.121235,13913.063353,16587.413201,24915.308913,24467.183343,7992.107878,
26376.679961,15708.041340,19324.992594,7946.872924,11618.529430,15196.878878,17039.968315,10219.243010,
17102.899678,25323.284613,38284.735731,5300.678500,15198.760018,16566.386998,15210.156391,5386.447576,
28891.505095,43758.786341,13270.410453,7823.299296,22630.861478,26323.411590,22409.398819,6955.566363,
12640.712550,19712.582007,26327.323588,3301.043967,6453.318083,23167.635642,11634.424017,7480.233418,
12073.237137,46166.307698,4987.911929,5675.010236,12799.741356,20635.671645,14291.988039,4159.870436,
10056.436158,18616.925707,27654.800201,15504.406590,14638.340611,15291.376840,16270.848738,3722.589689,
30279.366495,14612.134958,35684.128528,19556.662611,2697.095289,3229.102835,1294.089433,7031.451929,
8117.537784,27144.692718,30902.741752,10042.338687,10970.093100,7980.502178,9709.852609,3752.962728,
17050.519113,39006.643207,1842.995863,9020.303164,16865.211313,9386.218678,2837.005264,6887.297302,
10488.439026,28979.101278,24553.014430,9440.749488,20573.073809,9119.696141,8231.369803,7318.540982,
18749.908614,46343.490158,16710.267569,10136.161675,13053.998024,10744.331284,8640.866503,966.340528,
19414.720551,22836.611692,22520.546218,15270.137728,4632.769889,16368.709231,9286.211750,3216.288931,
24635.324313,51266.290924,7635.910720,4791.248424,10354.953953,9772.745380,9327.615800,4638.289680,
13072.827067,37035.212027,19774.175822,5208.819677,6942.232906,15598.535727,11022.635763,7378.699539,
35602.402380,50983.501848,14653.350392,3267.317224,8196.576563,7145.083952,5341.974658,7188.694093,
15272.444003,30182.768452,15582.663699,4317.441959,4033.693589,9027.848917,6863.395777,9198.551133,
35338.727356,24512.155103,20415.858992,2570.505335,9069.569340,10232.384593,9170.104308,10784.852308,
26918.813330,914.082602,26762.311530,5618.392907,5778.053012,12629.340759,5552.035420,11198.598848,
36496.606174,32228.964305,28818.338476,12410.389198,13025.040686,14019.384657,8897.385221,11698.591551,
11647.825167,12542.406199,29176.508613,13263.682032,6702.714579,11138.101908,5470.536566,9149.109959,
24953.167514,21014.780611,7043.639343,2253.961107,4488.860210,6901.716075,914.272961,3015.662351,
14730.424189,7959.965445,25178.913660,12993.898787,7954.616978,10446.563736,4246.746505,1956.625686,
17671.757406,22059.144565,7989.012947,5811.730066,7169.589794,20240.599345,4917.565488,3908.414570,
11759.629980,9219.813415,20772.215216,7969.397410,10964.262842,14582.353129,2666.956675,6843.255515,
16691.802225,15604.506075,10592.540546,2391.555137,7670.799145,14739.562516,9051.541830,1726.658742,
5118.807638,5610.696797,32529.994362,11589.084468,8113.437672,13583.232507,10830.260057,10553.378296,
19705.378199,14802.172142,19122.379162,9112.643486,15808.753654,7296.070416,8286.580636,9448.301187,
10750.687432,1146.632508,28435.747596,4589.124809,11717.973038,13164.333550,7207.373277,2782.989310,
21122.316540,10150.488056,20123.570621,3771.001393,6995.301246,12723.620781,11415.079525,6977.100672,
11681.451294,7986.263766,20262.701925,10932.194039,12357.126020,7161.031430,7358.330783,2637.529364,
29334.558308,12446.563095,14025.694367,5160.283736,20886.067819,20091.346916,2414.047937,4600.417820,
6065.689665,35788.088389,18571.893271,7574.963592,16267.420630,23010.172477,7229.955984,9186.069491,
27937.403612,29566.910192,9395.879346,5983.199629,14663.536119,8940.196274,11898.198777,6722.086053,
13049.336980,27046.561175,32135.164138,9769.015500,5205.261962,11639.378260,7546.353581,3852.667358,
22219.535625,44757.546667,20892.623730,9621.093704,12051.054825,19324.931254,5113.896815,7042.981595,
15574.881357,27448.296509,20461.456380,3744.153181,10311.543267,15104.903424,6944.549219,1992.309934,
27858.577307,38589.521722,22704.093710,7233.955778,10890.363850,4775.174832,9730.897902,1756.495787,
16956.357880,21616.539498,28013.672723,12777.854199,19481.823030,10151.542085,13158.692875,1357.979798,
31042.366199,51532.157102,13619.505078,15992.682369,12032.970135,5862.127733,9755.451687,2406.291710,
11747.863574,20544.394198,19693.182391,11377.328095,10038.313595,5146.071794,5677.425649,8272.531953,
33986.501523,61851.232855,4895.547374,8146.116874,17263.846783,7955.088841,6000.135537,13331.782246,
16519.374323,18507.918823,20605.531935,12895.652607,8434.122113,13609.094438,3967.183874,6220.701643,
26091.088948,40500.557205,13956.306942,3109.534838,3716.881362,13552.431403,7538.524185,6081.844943,
7859.637770,13922.376532,23878.784941,4596.958052,7800.163373,7335.427772,15611.106310,5623.872430,
18686.377589,34779.473136,15319.140569,5888.201417,12434.311663,5344.851403,9619.259753,3361.983012,
4096.998933,26487.176310,32462.198762,12036.172833,3502.041436,2388.665232,9632.719872,6043.361017,
13335.916951,43186.648706,4084.784701,11720.331733,12150.076179,7750.001279,18590.411222,4994.482996,
11118.029818,28453.561186,24427.042047,16059.358571,11866.752898,8450.168917,9445.954819,6590.868617,
19842.763600,9284.471815,15220.900829,1109.627230,11938.225437,6380.420390,7943.298172,10129.254306,
9858.546232,9414.457572,27199.547088,15546.942001,13043.741130,3884.943223,15927.052272,6783.862192,
22626.919393,20706.049699,10542.034650,4641.258173,5589.136165,4873.911314,12606.724093,3354.841750,
14389.948848,12586.206897,20177.194907,15906.403844,13204.536580,7483.147815,7007.689284,6945.011527,
33031.753410,38583.462573,16353.488391,15327.402970,6649.633095,7591.275396,2508.274794,5830.793312,
16438.128858,23482.927219,33418.164109,2845.722269,14029.731981,10986.781079,8028.906657,13840.156164,
38768.260199,6096.111198,11660.905680,9747.209426,19881.893102,14049.376803,10870.517905,13763.510449,
18191.688797,29013.500277,30640.319165,4690.206551,10929.393759,7788.894637,9120.745814,6969.698895,
35408.865200,39251.888331,19826.079691,6985.780397,7211.660355,2995.978708,7163.106752,2761.898468,
11008.158565,7247.351591,9601.209977,13978.034554,13779.925322,6599.209544,3665.587057,4426.856473,
30329.559324,29566.202735,15682.551881,6909.687594,5029.812297,12409.083864,6544.855449,7741.525884,
8544.919205,8615.385416,18204.146018,10125.802357,7181.506422,11618.992481,5010.304778,8641.402470,
25022.429709,29420.722870,4768.376264,12717.148824,7960.242674,5602.928534,12867.643345,6249.631664,
10021.653886,23576.035431,19857.176117,8872.956269,6228.526604,6426.955097,5200.914103,3020.273238,
16650.048709,55471.959592,8896.687236,4847.484395,4357.260253,5106.650996,8588.641854,3555.923600,
11468.451328,32879.826646,26277.153578,4006.274086,7051.621026,12957.690820,6675.067432,854.828378,
19013.363921,32784.258397,17783.920355,8257.079201,11579.981622,3882.564004,6060.537678,5644.986119,
4213.572210,9600.838329,29013.232333,9539.098076,12060.611701,11144.216886,10264.369107,10732.063731,
24133.619158,29930.098864,22274.408480,4098.396472,7767.977799,9236.751175,12658.294163,7554.572940,
17466.031041,14796.724770,19831.002762,10069.194994,6690.341604,3754.653959,11933.747377,6702.722787,
30282.967964,51041.214499,16436.438679,3783.137651,14444.365061,9864.101167,2222.407584,11248.836527,
8941.273791,18525.286970,22038.011495,9378.060140,7835.268525,6544.242883,5253.286613,3587.763239,
26348.157264,24571.238394,6624.108566,10426.269619,8455.472612,3695.411119,5462.234994,6220.897633,
10968.882304,2364.393441,25666.650500,9336.627997,8669.046397,6261.006030,14052.607471,4746.529467,
20032.459178,32721.096972,25787.981300,6403.165835,2912.051521,12585.924330,11012.338493,4851.772376,
16607.323686,11502.434021,28916.165592,10619.635521,10321.522065,14750.779257,1018.513791,8232.182467,
30566.625503,35596.102869,13260.199223,5840.729997,10891.264109,6812.993201,5442.096326,8320.644085,
14009.413496,19100.276324,26198.532028,5141.999036,5582.471919,3221.600320,5694.100908,10008.674198,
25273.041623,18772.627933,9231.697798,9525.721839,12203.566557,2093.636167,3638.100842,7903.428147,
9213.908962,10094.648497,20431.799125,14999.878948,2738.137601,7869.736496,3253.619842,9430.492973,
22390.973846,8755.717744,13050.719724,9835.464228,12290.832434,16059.699605,2045.300720,11300.532684,
9558.412051,12302.332050,7302.992671,11622.183304,11529.602810,12807.556718,5048.261490,10233.382104,
15648.665070,26848.664789,16050.586060,11003.659402,5462.724629,4065.131172,9265.249969,4666.249821,
15313.095763,6239.168677,28470.279350,3506.066405,7060.641601,15258.078132,13921.112271,2665.188650,
36632.128949,27264.145181,18949.321824,8930.644585,5872.987789,7492.110074,7855.044855,6086.052583,
11120.060224,3541.019444,30047.038997,14854.011728,6925.138537,12617.098425,6478.244425,4489.920434,
25675.664471,20901.849779,14858.070957,5774.309468,7932.366834,8011.617826,3645.673016,4547.804657,
12384.927102,22606.552626,21873.140475,6451.468752,5445.163060,12457.752720,6882.884028,7836.188761,
10858.353849,37543.462807,3089.296407,5084.407027,5515.574077,14026.221857,6637.290257,6038.774276,
7903.314238,10143.869264,25281.542591,552.441491,11933.148002,3123.295006,9481.608174,3440.579086,
21325.522404,32504.358872,4772.432893,5258.220793,7487.000023,4413.295107,7565.768519,4380.705879,
10138.384766,19945.501210,21450.775609,11273.076023,2935.242773,17740.592227,7406.536335,4317.088755,
23068.650443,34284.562545,12322.362424,4175.447189,7878.160883,16327.332283,12451.454172,6206.339536,
19422.562150,4570.366992,29797.538367,6757.082303,5417.549825,4449.664846,3618.357279,5509.201895,
30584.944602,35973.355207,18419.943647,1655.733323,4945.014780,13982.855021,10275.977221,1172.252022,
12414.201590,3418.767930,20509.194427,8003.809699,8575.895318,6422.652524,7960.154091,5075.574857,
32315.991579,39428.908450,20367.479115,6403.012169,466.808114,9847.685272,3105.738913,5292.121669,
11917.813658,22261.324351,18241.734249,12195.469097,9168.466192,4289.930264,6456.500400,651.149836,
34638.584086,44961.067118,10694.362828,8475.680881,11771.501800,17354.287621,7202.456420,5163.412882,
12326.230748,21209.022678,15296.292282,3097.733701,8553.746695,6280.645166,3836.543360,5495.827521,
27714.618106,35023.710976,14430.508681,4734.853122,3324.436295,13443.327769,13764.176736,8397.106892,
8042.654612,19672.991273,23680.506156,2596.755868,10478.647068,13270.662643,13171.762962,10252.576007,
18214.872935,29969.307288,5783.056758,4712.135927,2059.754051,9977.592369,6835.329836,4272.841371,
12223.892853,21371.003580,17957.077624,10442.148647,10044.067587,18933.359097,5222.441965,7247.418995,
25290.589137,6987.737253,16925.468637,9883.101636,6669.910820,21908.322300,13949.870016,5198.233714,
4879.291213,4043.028512,27214.067006,8906.962360,9608.263402,18922.081305,8230.610460,7202.844396,
26629.642426,11784.712614,10681.589405,1787.647024,14393.624629,10257.882186,5508.623990,9752.060088,
5076.262097,12304.833982,20861.558390,13337.414122,4121.186410,6295.787726,6327.040599,6689.950776,
24761.262586,16987.974418,17061.909455,10564.192671,12137.829512,9783.524969,5083.530038,5162.020545,
3149.110315,25127.782255,20982.646196,8841.838713,17501.820702,6416.578114,11406.120327,2069.092356,
22131.389216,46510.610258,2874.427113,9627.794500,13458.168879,5158.423491,7983.743127,2046.915787,
21129.332752,12625.858472,27639.628882,5644.554211,6219.321613,7099.217013,336.923036,1719.362478,
31409.495490,22472.907351,21700.349981,8161.930866,5994.796254,8446.523949,3566.513306,3891.012812,
12453.420112,4624.911523,18417.959927,3699.546183,1776.228197,4817.866470,1339.601381,2538.849130,
32825.118769,28799.046528,17765.622125,8934.875502,7769.653332,8414.126923,11585.823109,2243.522224,
21534.741949,10305.169688,19076.888182,18101.543224,12338.957719,15495.016215,16618.083800,2409.410696,
29885.952887,22464.099921,24771.904054,14348.567757,5337.562627,13328.557237,6071.349034,4483.224039,
14207.130491,28322.977829,29233.370412,6063.617166,10566.843601,10259.580349,12292.551418,5504.277429,
20755.789154,57691.247852,3503.086780,6034.823550,10509.925482,10957.336473,17686.071737,1140.023945,
7972.165888,19542.178745,21332.909528,2171.624500,5548.641276,12928.341412,8889.517815,8401.943378,
24697.132584,28691.166100,5634.009206,1506.970734,13182.391771,9375.832511,16528.573386,7545.698962,
3515.651462,11304.248839,16739.737432,5841.091951,7158.178456,14725.181207,14424.755581,3940.166504,
17443.229431,48044.420615,1185.764632,2611.744350,6992.314536,8401.447431,8449.277420,8175.980705,
7944.459836,25567.522406,26404.180204,6755.080389,9197.055823,3746.214578,15212.946961,6182.926058,
26758.378928,19904.795081,38455.616597,7659.742108,5690.869118,4131.297248,11003.680282,3930.946281,
6654.166299,12226.186192,31975.074145,5737.843129,11482.810088,6297.824810,4265.794886,7379.786967,
22125.364941,14372.396149,12960.571436,7136.253655,7715.713125,13310.007850,11757.627925,15539.942550,
9305.970959,4138.932357,22292.624642,5504.034076,10342.909999,12666.576189,12289.044782,9601.094208,
28322.741201,26387.819215,5007.652127,6072.910440,8353.956342,8309.210241,8160.953986,8669.221995,
3818.279191,15299.724893,19148.148324,7546.340220,12050.527215,5307.225515,5938.578964,9550.572420,
25478.686757,31902.870708,7212.420178,6406.840569,14408.421672,14910.210691,2756.098030,4752.927761,
15348.741752,14164.852932,27399.753584,2889.380482,6836.498644,15326.367740,10593.799949,5271.994906,
24953.651216,11839.431564,8057.749086,5694.862298,13186.885659,4723.199541,19503.702849,4259.563681,
9730.580653,2293.958281,33648.336653,12819.344750,9733.766341,4450.346754,12883.274924,8911.120124,
32113.913169,17153.317515,21368.419371,11215.948391,9640.075193,4873.209213,7528.409157,6012.687987,
9346.112568,11213.664148,13302.832164,2039.821177,5676.536232,6905.733992,8648.054943,5621.739271,
31140.436063,25112.684103,13565.190638,7854.736490,9928.088358,6312.510906,4654.360724,11108.714456,
13386.110540,3903.672935,16912.989707,3814.413701,7949.685937,7092.506428,6594.606591,15553.795969,
19512.775070,21735.343650,11060.622420,3410.359362,10973.888828,7337.706740,8255.852104,8670.752556,
12267.361953,23772.072754,20573.523286,5488.757999,5955.208731,6357.059342,3343.767257,3511.612972,
21956.114535,34787.122135,20379.040034,3724.624556,9281.868334,7900.334041,7803.249159,5241.141416,
3834.064999,13790.358824,20225.167798,2778.231387,12280.893002,4643.930819,7756.950455,3861.072412,
23553.644246,36507.717432,7822.639250,5507.491029,4472.047652,4090.028156,2182.476901,8002.096683,
14369.153825,3545.939114,21747.109705,7947.878763,8749.828172,6920.885295,2086.396888,7070.944377,

40103.000000,1832949.000000,1005941.000000,2734225.000000,1232930.000000,3640355.000000,2344381.000000,1519325.000000,
2506172.779722,3601464.563523,3249076.002990,2126029.798543,1026871.631073,2402330.215868,1676359.660876,1053711.285648,
2214006.885423,1924301.284587,2539627.377992,559204.647080,700078.544807,805722.210321,489756.561466,208229.742111,
1610120.800787,2520255.463097,2016931.390121,895525.849092,488489.422456,1232534.467576,355826.095388,191911.866487,
2074725.420508,1774029.026553,2317605.380893,562176.762825,883118.947817,910216.388031,291061.895995,247645.205976,
910448.014597,2571054.283893,1135097.667592,1086375.572390,2202401.387703,2928885.094640,1309269.834559,332574.833822,
2249545.513309,4366264.529627,4418252.107838,2124237.814912,2681784.896274,4253739.376583,2409286.804050,529489.496975,
3683383.066070,4869688.244619,4210133.616745,1596864.106986,1857095.898315,3921345.322990,2380994.673047,695169.660935,
2293248.551835,4220091.715988,1827949.122187,423338.949169,1624287.196048,2381307.440989,996831.839747,469282.794941,
414386.653772,1886946.654748,699787.285472,277302.974028,1834794.326736,960719.309961,651896.262234,219200.764250,
1130314.025914,1684111.186174,104972.359412,417543.766677,1196866.629579,664766.144807,896841.828787,134915.127211,
516846.935199,189444.418503,594175.398077,263824.151627,429306.877620,422468.379670,356134.670523,111750.540822,
974071.520449,1702642.229859,307240.288248,113651.477190,402129.251730,354259.126450,374568.295822,213378.023489,
226157.654746,1118919.402330,562762.145325,100538.054799,610623.094709,385911.696425,410778.050693,142371.845765,
377030.746086,984695.194673,577295.102071,51741.135085,503514.614340,252040.777811,353757.946398,38428.239829,
382693.260959,498262.139501,175216.037746,104604.943896,227021.957985,128354.027647,59363.590751,5120.478307,
553014.075658,841570.267057,404770.243084,151905.134208,141493.900970,71045.593278,345405.218686,17275.581226,
136264.209943,440197.936089,303109.972190,61386.541181,152961.809789,85423.963156,131000.747278,47630.147685,
525791.578433,547942.159385,339463.298752,142004.799163,189765.148865,203307.591874,255537.640390,70622.567146,
65180.503225,178115.361972,451802.262807,151915.750902,354167.516200,178903.550434,244485.230615,61016.149129,
271268.344333,524313.952070,105314.185235,36477.748516,119056.162675,80881.635883,102793.457954,21124.386352,
147889.178668,224252.111185,364950.329574,78508.759228,136190.997187,58117.925108,105656.376727,70767.915892,
291045.389793,356196.046412,281789.000455,100880.520487,37092.636992,84321.661677,45325.936909,69674.839170,
127501.719326,141289.904618,397064.230940,93460.557370,163995.628901,66659.017787,99969.930067,32980.493273,
323776.530249,304247.027249,227326.121849,48419.506204,124580.638112,36734.067653,90236.024886,9786.233256,
134257.510292,187574.658409,307708.245271,72687.881755,184944.631429,34659.907425,84983.625604,26901.698909,
337050.735736,214432.682032,136703.967894,58043.475197,100901.201348,40267.479613,45545.120197,13262.373239,
181970.419195,58524.885495,310001.879368,71924.914072,135229.111845,37090.114408,111545.398355,10702.282952,
385128.351858,173716.021694,110051.281866,24159.669378,142059.323914,30812.717189,46286.581479,12815.096841,
213762.715896,105344.419507,257060.913133,48717.859018,58029.401262,24724.990555,97801.826721,43436.235108,
340396.871095,273740.619536,184932.840388,48764.187912,92685.488544,30156.892077,95359.999697,30722.548200,
126479.253275,69672.984526,236104.180540,49033.157985,85935.802197,12167.408914,70909.534283,7672.267659,
310919.788734,271748.880507,116446.429905,48893.113689,94020.715875,31277.916856,51184.513045,11801.150020,
104429.761631,95974.886508,190906.941347,64324.837020,73797.123377,39324.106295,32152.193914,19934.155172,
265822.811867,240377.194721,73918.810810,17138.345359,50939.140417,16695.526453,49607.951820,19848.855644,
88124.372909,124313.736933,186729.512861,54678.756656,90378.640565,44741.822309,34186.476706,10435.166296,
209635.212906,320192.720400,132252.705363,47219.724442,43718.025322,43948.951716,53036.655989,18217.745849,
35185.993637,78588.895715,171203.924632,57002.114678,95471.264884,29805.810626,33873.277203,10874.723755,
190064.975343,297560.486114,67848.326853,24255.490773,61989.104332,10736.457710,40292.536196,8590.852615,
48382.907268,152895.995588,123101.515869,37652.349952,54850.042463,24472.560463,51225.265440,9329.412032,
174369.272900,313396.006894,114579.887024,36433.658891,53286.672049,15908.045480,32079.335125,14143.837299,
8595.126900,87940.534034,156971.208642,53617.457299,52425.262696,27103.656948,45494.553610,4545.858050,
153159.760895,307654.744017,115761.823913,42686.210720,40735.699796,22191.576630,48132.080979,4755.316202,
50262.525355,111454.099361,142941.083901,43842.527561,59890.440419,4082.878965,31015.501346,4637.859281,
172082.190079,256565.086891,105145.293726,33759.955939,56742.276398,2618.653082,41175.036273,3299.379439,
54590.604213,86845.952817,165360.061119,37119.823646,68135.172267,14813.151803,37505.494953,14212.900316,
174613.753065,267775.928977,93988.693278,38704.102348,56571.031451,11556.388333,42718.065683,11737.204625,
85097.830933,94750.819216,149946.330734,39995.824418,38890.011116,11253.429591,24432.786563,2541.694148,
185418.709208,226271.692320,114574.236795,28706.823622,44178.191034,3387.920124,37576.855096,6433.021847,
106274.472331,93070.534334,146498.347057,43088.876951,52286.329281,23998.203448,21513.649287,2069.127126,
196857.854129,197941.367873,99021.272097,31127.478422,53298.185022,16070.042906,36625.011419,4704.851893,
78416.084066,80759.143060,133962.646951,41117.015058,51464.011669,17158.394542,19324.567299,5825.809729,
183619.028705,161599.807839,100032.759355,29935.714001,52101.458497,16114.321699,13981.157614,9171.140517,
79492.845171,70090.855945,126676.332021,38888.727475,51126.995776,18313.569435,28017.944968,8934.050427,
168199.335606,123348.003401,69407.487834,25038.744598,33450.090895,29073.045811,34246.258741,6605.586542,
65931.623948,52077.937207,98219.398667,37599.527412,38065.312238,14828.729784,22126.002338,1026.543921,
161871.105846,90326.970354,57013.677770,27179.228592,42012.619027,14592.850305,25924.070050,4815.227075,
50131.859849,31654.281470,101214.653071,41700.254929,54531.559927,10253.908077,19938.095422,2611.016981,
134755.671793,98226.137850,59545.246044,32215.208328,47816.462509,1824.330118,29819.339637,2598.978352,
25785.832073,28277.647550,94821.186016,37447.370261,33623.542881,13353.390200,22619.586393,5128.962038,
119373.489701,92521.941073,70277.552046,26777.679852,43962.936426,14781.249377,22768.836580,2454.162322,
16182.754023,57747.942668,113969.856119,31759.310512,29507.220822,12649.583434,23106.449169,4946.710795,
100507.418262,143146.894322,63520.148569,20500.148983,37871.152035,11211.433781,27993.049125,736.958213,
16414.570134,48282.487626,104591.761380,34986.483117,34413.094338,10858.871731,20652.738520,6499.767278,
93069.152812,142694.659785,71295.513584,21355.406820,42853.832773,19941.006172,27476.940702,5131.175520,
42865.899210,58053.921499,101954.344691,41949.366700,32822.518183,5481.896437,21085.200165,3050.625702,
121357.225177,159703.231215,74450.256252,25770.306208,39569.553311,4860.266611,27390.098570,2547.995010,
51782.257314,71963.742697,112640.844740,29741.501605,36999.579664,6886.419503,21162.911407,6021.919606,
131279.886074,181890.249083,71318.720031,28891.234934,38182.058609,17721.279670,26502.128731,4406.629003,
58150.307522,68800.936904,110984.793196,38405.596324,37225.235169,8288.807753,23923.130276,3562.133720,
136821.660815,181611.523310,72213.268444,21834.431074,37613.766033,5917.358934,27945.568319,6672.528402,
64518.504735,70498.457556,102678.010784,29010.026366,33558.231159,12903.720207,15216.190265,6919.073702,
145416.768893,168058.782171,63430.856768,19033.088208,40127.403582,15804.306602,23099.847431,6631.032475,
55292.231439,73209.371467,95177.818623,38190.724345,26634.484390,5241.846052,11749.824333,2338.857969,
139657.096082,156477.501323,39879.218656,17477.101736,36426.468590,8422.088532,28322.456201,1631.003631,
58950.903547,50938.414465,78183.750766,32772.128582,31802.178713,4480.236142,20347.839783,1611.163359,
122706.270574,158756.951049,45156.014590,22610.204658,35996.552965,5411.630791,24116.758407,3732.594372,
45250.146150,60124.996777,80916.108465,32774.498859,25592.706859,5569.568393,16560.565075,4447.085028,
106063.474960,130108.301573,35772.854825,15508.718292,36645.625706,12318.284863,20807.137843,3246.247571,
27698.286875,52517.604202,75033.216841,30768.509563,22996.258967,8766.762482,17288.596473,3997.792187,
88015.913389,126359.017244,56801.461645,16661.950437,40840.773691,6893.828802,22380.009230,4375.436212,
13670.742772,53988.044665,74617.612078,27367.278653,25613.587031,7933.422607,18503.019144,4057.759841,
80196.798703,94333.587619,41377.392353,22883.050409,29912.325225,1508.724000,22604.375280,2012.767810,
6058.172837,49420.665138,82192.444417,28832.421030,26664.332776,7266.648942,21037.822542,7447.703728,
70094.650456,58440.827139,59206.375482,19352.171829,30369.244773,4843.032504,16662.548970,4853.160594,
21450.226417,18844.401132,87589.274332,29152.648170,21884.409329,9499.569956,11437.745669,5020.104067,
80519.598562,68134.191380,57689.459564,20304.791761,29769.378768,13839.456828,21091.110656,6803.917836,
36351.939389,33629.455760,85320.438290,26736.277860,27576.268131,2952.293250,18606.574089,1257.454904,
104419.580641,65336.191812,55309.230403,19352.830803,30177.762487,7124.094567,24165.279216,1980.040212,
44826.734864,21480.207674,97502.468374,24126.522582,23246.160496,1364.598541,12801.983952,353.034196,
103814.769035,71745.078528,55470.856459,21029.112734,34984.416760,10933.592370,21156.129185,2012.505368,
55749.593996,37038.277996,83256.934247,21707.762661,29070.739937,4070.299779,16343.265313,3316.239494,
116610.177439,96357.912837,52048.124483,18785.976053,31075.084924,10898.083311,16242.485998,2875.205849,
50561.366732,42781.555438,60678.220632,27759.895686,32079.050885,8098.350651,27213.829410,3261.266203,
106017.357098,119038.612351,33391.745326,10346.565774,28302.539234,10009.840128,9070.643929,6251.001264,
52030.299683,60522.769112,58996.955687,20683.459698,20512.370814,10799.978816,17962.521035,6886.699181,
97785.243739,111041.201586,38228.653066,15670.679686,37090.801484,3915.332655,20781.116558,6833.651011,
39647.822826,51291.718487,55844.560902,30677.276021,24583.877988,12560.953185,16664.013593,3677.562699,
91106.411547,127593.022028,31317.854349,16173.415479,33345.405652,9728.549971,19718.354761,797.205041,
30532.462092,54674.813026,61620.824363,25749.182863,25949.409945,5188.808130,11817.721754,3157.924785,
67819.000361,134425.048685,38639.205556,22742.088400,27424.358438,4002.493599,16843.765750,4860.725008,
11571.830887,59055.802506,58103.997104,29532.518487,28170.657889,7654.626657,13227.327763,4866.213604,
63018.565678,128379.175155,55510.939921,16048.395220,20432.038090,3212.627227,22259.754959,6487.621953,
5107.015170,53765.082992,74888.097120,19885.961518,26904.288022,4197.343056,13603.478269,4942.598670,
59925.470847,125724.142810,44180.008798,7915.201328,26807.653756,3282.058563,16919.978436,2447.381696,
13559.339626,55254.451040,67573.433681,18150.585246,18670.153042,8419.816455,14935.252273,4030.309785,
61919.310308,108479.660577,50809.718775,11951.748621,24531.395204,8756.481946,9091.686939,8443.531489,
25955.361209,54917.843886,76073.983115,18652.395562,29721.407538,4031.248172,20694.180957,9352.469631,
74873.584097,92325.814592,41565.536225,13529.737304,13439.195454,10082.292647,19560.333843,7696.895680,
31706.747202,47485.265743,73776.561163,16762.165928,25177.908801,7670.701672,12799.068301,5335.336161,
90453.291199,65108.265761,43904.150548,11984.504597,24446.217666,2141.000388,12086.498485,5054.884763,
46851.992998,31134.005341,54269.585366,20428.590115,23496.116194,3829.841296,12665.197339,4539.434874,
89461.757468,52405.042049,35441.978603,12089.615905,20597.129835,11938.062573,13072.797735,5541.813198,
38434.101032,20032.783417,55470.570276,20605.340391,9516.520801,10809.887742,12325.896518,3243.172244,
90660.625220,42711.975379,37373.626291,13536.567981,27852.247660,6553.546891,15711.567472,2348.427693,
54265.827677,27277.214632,49777.000561,20220.916912,24430.277401,7865.735561,12043.558335,4747.490802,
84068.894950,43427.031159,28014.615683,13392.352829,15201.663114,1531.859581,14105.107476,9397.864844,
36451.518135,25741.661715,52283.682447,18121.769919,18366.151309,5514.647344,19535.364833,6003.639180,
75294.638813,59351.724561,23611.080480,15777.311531,21518.509290,1992.262299,14734.771993,694.320558,
29789.171770,26226.288323,54210.553040,10335.536468,25325.829711,6311.121334,12728.573931,2402.730903,
61170.910051,67507.511764,30200.343445,7993.397288,18284.145207,6181.683143,16049.768905,6453.047931,
13595.556675,33053.810299,49275.790279,17028.624301,22405.547218,567.761623,12830.891746,5730.648569,
52460.748151,85830.084773,45429.311122,14448.466383,14274.951519,13829.285725,7710.100139,2075.863661,
7475.192846,34521.434293,57477.238920,14576.979985,21742.289222,18986.676258,12697.746019,4257.841133,
50640.182621,84999.504476,46595.069879,5219.012816,19412.627679,8364.399043,12365.740906,8477.707174,
4008.098757,50272.961822,64009.727054,17991.711875,24661.220267,2737.555765,10521.918308,5740.390095,
43497.536258,110819.880520,35219.868540,9151.101528,15986.510593,269.415560,21620.378976,5205.825524,
26081.278370,43582.252336,61238.843489,12813.877653,26603.884900,4099.215868,11310.037326,7909.881633,
64641.660233,109892.278490,41210.996224,15830.705143,13647.856288,9663.828170,9969.775415,10486.828784,
27406.985546,57723.650973,62517.686655,27433.182443,26463.590487,8453.110585,9832.048113,2078.662460,
73148.741182,85054.875623,32328.971276,10604.991539,18045.515171,7704.798120,16522.128250,10481.711213,
36511.174067,40973.971211,58802.892916,15837.949484,20569.425440,15041.369014,1449.978018,9154.165570,
73534.934343,104347.883499,28976.514148,10084.766992,14905.576511,4962.211778,12014.081021,8521.768349,
42413.010939,50547.023826,42790.653653,10008.490503,16421.604936,6023.403001,10564.180901,12048.821235,
81167.869238,94292.188939,23350.427951,14011.912649,15023.848916,3244.874082,16483.326333,3926.582611,
40320.373233,44925.727399,37719.414239,14583.520166,20954.462773,9618.372454,10374.095127,2239.782486,
82334.196613,79848.807781,33288.983812,14169.818707,18000.119952,6898.827306,22880.328880,3891.955890,
32121.222652,30552.920672,41129.685068,13416.915692,23386.487857,3651.998743,19056.302255,3772.138758,
71704.455128,68052.558878,25740.491998,6625.979603,13798.741553,1969.201665,13993.223542,1198.372661,
26556.315780,33022.259019,46627.606756,9697.777608,14570.597107,8019.307134,10101.822836,1026.806072,
53869.196190,53350.677903,18780.208737,7773.610015,14552.862387,4242.658312,5125.362065,4897.691470,
12791.245189,35323.914610,53134.326891,16507.355236,22053.961360,7690.411341,7723.324168,2467.749913,
50314.616264,26327.492829,40631.792992,13029.952314,10348.740592,6266.254705,7330.010295,9487.286109,
5094.536906,25303.637557,56577.721944,24510.468526,22401.605382,2846.252247,6943.953513,9846.334275,
44514.689751,25274.522113,45355.384986,9917.489035,10980.920332,3921.053601,11400.394504,5421.275934,
3936.144186,25589.264220,50737.130076,11507.691193,18219.216458,3812.095242,5051.704195,16307.290607,
42525.920393,45452.513456,38346.207415,10541.805958,15617.407964,14861.891435,6395.953775,10209.754492,
16483.076132,19173.605848,58084.144956,9902.691525,26636.407583,13981.040268,15599.044578,6212.493319,
50521.424010,45300.816109,23772.452205,5202.752453,22378.460421,9465.051456,20720.368033,7344.889932,
19863.709638,45481.989169,47982.473733,12691.236063,7414.943104,22677.840442,4176.863313,3653.523136,
59543.004485,72122.778262,26845.975597,9554.669934,19637.262201,13941.276579,14451.893023,4702.008512,
42813.963295,33940.884876,54154.481114,16584.333253,20311.327213,4229.010312,9301.877787,9103.462943,
67525.858811,84993.613694,26417.130122,16745.667644,12023.307429,7882.699368,10850.781753,3950.594050,
28780.053863,44717.110603,40826.760335,11932.800528,20147.807706,1978.091729,14499.442691,8768.611302,
74729.658362,83142.772083,10520.120224,12180.349771,12526.465858,1371.771186,14459.280505,7312.853656,
35924.389778,33125.173096,42418.609823,10365.790574,23584.127677,6473.571301,11941.929214,933.544096,
74590.566950,96134.949056,21126.463881,10201.377784,11485.797074,7845.787479,1822.781880,4123.901347,
27737.445131,45482.687964,37712.740275,17537.486604,14918.921613,9176.698349,12312.137804,7075.920395,
65006.236771,97099.433363,11529.945469,6456.003809,13260.622719,10519.465380,16460.871979,4277.501913,
29546.420820,50935.759638,40581.347278,10933.241727,23550.359063,11186.942812,14013.850044,5174.180937,
45746.799986,102656.071763,31295.959172,8223.147445,4311.020722,9110.586980,5626.494048,1949.169852,
17480.425035,38903.246839,51694.543828,11131.784717,18815.917353,4113.381682,6942.416448,6781.957276,
42389.581157,91055.909678,37754.321820,7328.559566,9629.267219,6621.459666,4658.557820,9182.302633,
3831.879307,57511.546947,62368.476674,18955.962402,21871.053151,7324.416195,14300.416633,3694.540467,
46697.822324,58389.663668,33851.727107,17373.693943,17892.052819,8893.643737,17886.009854,2042.636467,
7318.958327,36663.026701,53207.527039,7506.543273,17815.012954,2033.567913,2100.947049,6332.394283,
34737.770177,46169.759524,31300.800872,16719.036172,11869.355804,7920.798746,16327.099019,8254.215951,
10597.602507,33767.607230,54345.119921,24285.888061,20268.926192,10120.176094,7953.354197,5608.280744,
43119.400382,24680.681892,36489.169537,11750.484730,9600.508238,15425.440553,11382.643197,2755.808862,
16625.574831,10270.338477,28237.319847,5920.114373,16537.614090,19440.343151,4793.163915,2569.781934,
49077.739739,38570.826234,9069.953330,5578.812624,13412.737681,12150.172618,9602.675254,1536.146770,
28198.250443,22590.999539,35016.107910,13017.363245,15767.070580,7650.144983,15637.845552,4993.818717,
62933.316362,17239.773161,12091.072921,10745.432667,20254.348431,5389.681496,23770.488622,5561.035984,
26108.052779,24553.817040,48175.969129,11787.022649,17279.603881,1092.515216,15596.551923,1390.114771,
69886.437559,39581.304357,27306.568261,15363.648052,21055.184322,9402.395154,12266.324686,6619.812009,
29847.836096,22551.672344,32640.438010,17064.841010,12791.362867,13528.163947,6296.735908,7784.185680,
73507.459000,48926.679094,24663.320974,2422.449746,19532.145960,6911.677331,9145.939423,8662.900483,
39168.560664,15959.217331,45070.260207,15226.160495,18809.903246,15191.124365,8925.527128,8749.289387,
60056.419662,47651.074999,24545.135428,5714.993874,2017.353402,7536.664013,14487.631777,4177.501339,
26383.131070,37926.546886,38010.202251,9588.092278,18018.585903,13063.385647,12219.792837,4653.721749,
51672.663503,91115.578356,22713.477408,6167.773825,14608.439525,17949.359248,13949.511404,2160.600401,
19891.733829,42278.460870,32310.694973,8974.464349,11842.262545,7559.137265,32866.034110,3532.062286,
36987.800397,70777.076198,41732.586470,11977.738439,20743.316373,1444.100633,23722.227613,1874.227029,
12676.291566,37876.062207,34884.635431,14584.520993,11569.508360,4826.851087,8456.418160,7431.824087,
29916.051231,74219.172840,35171.934581,3295.255666,6269.924836,6689.485002,5416.464956,6140.101795,
9142.949142,29486.748399,48702.402100,10687.765842,16898.754882,1517.524111,20070.526012,5008.959999,
27290.708570,76410.914546,33361.502591,14127.947950,7228.310878,9968.616498,19988.223799,5561.472109,
11632.675917,57400.768942,37183.961932,8998.469915,12588.350656,9515.174167,4257.412115,6674.140377,
34567.619472,49377.736962,16118.454278,6292.656468,12767.362054,5948.707913,4918.448064,9119.267214,
16394.141921,52262.327964,47193.902822,10509.631232,13303.117657,20184.551354,9673.959326,5007.895477,
46445.325180,63077.706698,20300.696290,10148.906581,21794.311841,21270.656769,16385.996673,1560.645987,
26346.615038,24154.389517,34263.515447,10251.998862,15133.378263,15420.462564,10661.506280,340.592255,
52184.281716,53044.035089,20686.439214,14914.059578,9635.366495,11450.377320,5919.922083,6799.041444,
29506.363708,26648.359209,32430.195489,19214.131732,23244.410297,8512.237610,1294.531764,9186.335164,
53650.800987,57325.403733,13500.534351,1178.195921,14740.313409,3953.307280,7555.014498,3255.035717,
34636.279022,28278.685369,25680.152538,13754.047285,11972.047560,10509.388027,13932.793572,6087.518072,
70660.278706,33170.651661,34902.234271,428.693360,13455.786868,19529.396224,17156.005302,7121.258035,
31412.642781,15919.111045,31036.221710,9916.379080,11256.584722,14860.228563,11444.742050,3550.017673,
52697.656879,21781.051731,33513.591538,3673.248961,2214.411816,15632.462534,8657.026952,1247.736886,
28529.693028,12873.963380,38055.681254,12523.613034,19074.353340,15980.240449,19248.721662,3537.878913,
41546.898107,24925.808355,35301.605539,6957.768691,19914.556867,9182.161476,14386.907441,5376.432338,
21704.364798,23115.116986,39672.277526,9829.427109,4284.477412,9823.989159,2938.272734,6175.947841,
41144.972056,23533.119716,36579.804072,4905.996839,22070.481478,8119.948138,6474.956304,4064.305730,
14408.778878,29058.748538,35345.824105,14538.943621,20540.405932,1051.592597,7567.488036,2434.975595,
19775.166449,44039.174635,28713.867443,3836.805192,9819.526769,11043.831512,8153.662773,4098.820787,
5412.560962,20571.623564,33246.564259,10932.208052,11445.996103,15146.292162,12537.120864,8473.794563,
25173.644830,49690.941213,19726.851567,5523.672972,20928.144696,5662.538023,8455.544942,6978.491883,
15053.939239,39771.534977,45490.737952,13617.925674,14852.186559,16608.267297,10463.400532,1566.365171,
35363.180262,66002.970443,13874.940123,8693.444561,7835.166068,14977.675245,14049.396322,3154.666183,
27735.867390,9143.007494,40255.249077,16237.221524,8099.536342,11686.834969,2280.108248,5963.850344,
43346.986934,57216.408141,6685.452905,5981.540088,10346.267117,20829.770834,10514.170119,3670.418762,
23901.808179,49941.465671,37749.779670,14377.138078,12404.429064,18389.952573,19917.108840,6534.404474,
51961.310881,72522.565135,7915.930644,15197.618233,5244.987671,12844.111142,22732.874858,7913.779140,
22169.959494,29388.049209,40850.267382,8469.674975,25636.340705,5655.681782,3863.432194,2784.730339,
61897.528490,57098.146886,21274.002190,12620.685549,30858.032894,8168.353206,16666.244914,5523.303395,
26426.156673,41128.846622,26775.314445,14094.661291,14284.003635,6050.719709,9094.682516,6137.649250,
51518.156521,87939.655805,8398.705150,1407.841406,24940.985736,8068.925108,12194.291697,6585.063013,
16825.008105,35574.883544,31028.260286,6039.292465,31501.250423,5243.189680,15382.491661,5898.819466,
54646.466298,56788.844856,39308.256043,12752.956612,16523.180527,16653.956602,8655.394247,3544.817332,
18405.153844,26776.175622,44131.269498,22447.972832,11328.489280,20012.741837,11195.104927,3097.624430,
43940.062087,55112.640409,20604.269025,10471.164534,21679.707831,13512.278638,10076.447425,5832.739375,
21246.193377,26867.688354,41309.744116,4116.313668,3962.650391,11780.044153,17597.970981,4320.416592,
30143.731296,48551.260910,17093.287715,9619.658916,10944.186768,7395.384539,22788.575035,6614.061742,
13618.468670,16843.955196,44043.435113,19208.669393,6986.603412,9557.482121,11731.875888,7452.271512,
27256.840976,49718.923171,34615.486883,9505.142219,18832.391528,8155.223133,4257.137225,2296.184763,
2244.069782,31550.414809,30247.633190,2884.894934,11598.952219,2083.728292,4899.388915,1205.664816,
27435.438184,27347.923422,22150.726983,3303.927862,8740.194768,6920.478663,6157.717214,2274.173968,
4655.166593,31818.537227,23786.475133,9147.445545,11585.155496,13523.884047,3696.235289,5733.617178,
26598.717711,14407.513630,17958.087210,14065.160190,20023.750392,17573.211184,5823.642148,7358.990039,
17003.445346,12317.106047,13620.266151,16454.453524,9104.346860,14169.078945,3282.491133,11218.522912,
41467.562141,26907.712583,23048.706214,13024.353055,19855.219010,7059.585612,9010.829701,8473.730018,
20946.652061,23539.537457,43622.613868,16283.413708,26111.834865,11790.649859,4782.180068,892.309546,
48628.637558,35419.557631,16769.102475,8527.623395,10828.624344,20017.169290,6341.925568,851.137528,
20754.059146,18588.586756,18877.554674,16807.648783,3281.232428,13337.775468,2592.894923,4830.311497,
48430.904221,47683.925548,15114.220964,15640.808392,13512.519584,7868.392049,8707.384284,7134.673521,
28708.982351,24843.207047,35187.753516,20458.042801,17303.414239,22298.545552,12569.299447,5811.485908,
56385.982970,27886.074408,30063.514677,10943.732603,10247.816416,15308.253201,10116.207584,6428.612687,
27954.484774,43674.038980,46457.857743,16978.792991,2086.410608,5300.168893,9347.213639,3794.764534,
41835.235728,56644.701776,24717.051962,17442.923979,13884.872145,8427.111448,8150.811180,3985.700839,
10711.253958,48131.980413,28222.592676,6028.528319,20716.055004,5138.852105,16616.502233,3709.680216,
38784.272767,61996.609432,31932.577174,5637.662577,7430.990269,16047.922538,9601.055656,6753.015666,
22320.087674,32000.903993,33850.389892,6558.298198,6800.740532,12561.758538,4974.904839,4812.666580,
30850.943788,83519.370275,17507.717653,8607.398782,1102.212105,9718.467375,1305.741536,6216.607061,
5104.534817,37882.856899,20671.873407,6911.291544,11295.228648,8610.267910,14267.555043,7726.929995,
26565.400496,70775.252338,22659.075646,13140.636263,7280.530771,7079.694838,10680.267239,11012.901088,
11775.006868,31407.957635,42329.854832,18811.161739,10118.337918,10628.506487,15204.843633,9311.282755,
27148.570301,77154.693356,13451.679231,4617.985568,15622.477292,13102.008161,23367.703262,6811.504069,
3777.116521,48329.058217,25635.435519,18515.844365,2132.912448,9101.805334,3369.587087,5483.800628,
26415.582612,60195.268884,12471.309353,4995.185176,14622.615360,2978.856008,14285.775479,11140.462621,
11051.270123,31295.706158,24772.588185,20396.650639,15393.367320,11212.998066,7876.816560,6212.734435,
34033.993529,35166.019203,11635.264725,8600.653345,7128.273916,14025.578712,5090.888775,11313.583705,
18128.643421,25212.336919,33393.927038,18181.410058,13943.632151,8216.361449,2336.519798,11914.667979,
40459.975036,29154.826727,18461.989818,14773.860662,4634.404521,7599.637328,11720.205028,3111.104427,
20576.228375,13752.241545,25358.940949,6879.478889,19213.177600,21173.351496,14400.976254,10605.917325,
39472.188754,37368.112236,16793.453142,4685.792570,21260.106562,22685.071420,15407.446320,9361.997437,
29783.394701,41223.878186,23011.222842,9195.488676,13351.167426,20361.352699,13180.523789,7129.994343,
58230.290065,8347.485909,42682.502984,9762.593149,13329.858889,20420.029995,6330.442086,1579.621790,
30903.876812,28128.073691,53948.310940,11129.301943,7284.422357,20113.729204,10676.682995,3564.028325,
37891.469653,26661.967283,22036.392650,10222.535929,5095.104618,16935.889947,13448.138112,2185.256812,
9693.439617,23263.720949,26819.982282,4279.184594,9946.021466,15997.851408,3193.006309,2705.618051,
43604.796863,31181.030526,29364.816109,12599.152235,17036.000149,10786.875353,12155.352271,2450.449143,
10136.613458,30350.376621,20124.263685,21298.709373,14505.260279,7420.422326,8502.723795,3911.480780,
37068.765781,47063.967499,12829.963719,15431.799428,12344.622847,17468.365703,8651.064075,4036.678885,
16115.653668,25353.435164,27944.306565,11112.847839,7679.021106,17788.269889,11605.079357,7774.653654,
20990.690928,58990.002393,11556.518398,12391.022629,24474.513618,16365.151479,15454.001108,3812.256935,
1424.775201,36052.536698,20265.514411,7878.544456,15876.219857,19768.531919,9295.136305,3121.636671,
21810.052093,81724.414094,18392.090137,11790.787415,10791.983783,21997.219287,2574.275725,3220.361223,
13919.297110,31024.957461,33120.420677,19820.695961,28597.260368,16800.915877,17788.617809,2401.280217,
35861.924652,55525.152982,23867.937109,14635.388097,24099.848879,9067.044819,17834.898292,4914.231885,
11841.665545,18648.434189,16667.049853,7920.534767,8003.122948,7035.545069,13349.763554,4726.989644,
36261.371981,71052.751477,30667.793295,9389.175696,27401.244357,10084.936400,28003.996801,9994.611540,
8133.733262,47876.462714,33744.031927,5056.808604,18310.713237,11894.489641,8936.571242,9764.816767,
33463.864212,57382.690902,8280.788076,2817.721583,8287.182230,9070.266120,19604.196504,4674.282864,
31000.019782,34361.310072,31239.509220,4431.297397,17781.569700,2546.372527,22122.103181,4521.089506,
50152.827278,43181.122423,14537.885738,15760.407748,14745.477121,6588.566613,24123.365092,3329.859648,
7676.781919,47973.837840,25328.553421,19966.848272,4370.170844,6013.048810,11007.686503,9692.037135,
56275.580656,39755.210965,11182.743455,8308.873970,13417.119063,8134.118212,17748.099588,5227.365690,
22040.618142,16395.718552,32032.169401,8947.774267,11200.368581,13375.926020,17439.161953,3182.106287,
39221.346796,48310.515817,24522.626357,1161.549924,20824.458284,12626.296938,7615.181264,3263.095443,
19819.123934,24512.170159,31662.432975,16648.608806,17332.977887,13367.333538,17507.807750,5237.773698,
34468.875329,29776.363562,20383.061261,15321.173527,4083.365374,13469.321149,1860.437610,6056.978031,
21106.116601,20858.256522,23379.457135,5607.437487,17463.723487,9006.298865,17538.410948,5056.931399,
23511.569326,30084.470546,30687.097673,22511.825675,23268.598604,6890.086180,12504.482327,8215.662716,
6613.603800,28614.056765,25020.683852,15673.198220,14934.646368,10215.904356,7818.909101,2765.729616,
31045.141337,6705.218915,11216.001400,6907.440305,11048.598121,11576.675755,7616.300846,5701.075726,
10476.069883,40494.994462,21698.104588,19157.285823,20616.849173,9439.009238,6688.037020,7160.551294,
20520.445109,34582.995047,13249.964553,16123.637077,11978.395213,5370.306868,5008.880239,4214.414872,
6345.377736,28656.050321,18195.032185,10726.548963,2003.922136,8717.695003,9539.294568,2653.518003,
18471.830666,61203.182483,13819.578432,3934.235438,19448.154497,13444.643631,15162.766731,2571.762885,
15773.837404,9947.686358,40199.739013,7944.050139,18676.449535,12971.814549,8960.757671,8319.251286,
29473.406516,47235.465340,28752.725699,10829.915988,10099.970581,17547.535014,7020.378538,15605.437991,
12693.483299,31199.970885,8669.033440,11254.257224,14805.283027,22844.112637,8235.461215,14192.646756,
39659.658070,39196.475785,23189.324402,9932.173131,10203.832810,10541.220605,1306.460876,3671.584857,
13713.165508,16061.934140,29132.127269,17390.169795,13645.154812,12423.595504,10752.094198,5666.007792,
44000.083012,42701.286927,26188.142728,2040.950086,11604.464501,24407.708530,13718.057037,7279.149756,
32945.627306,54354.693113,26676.669756,12258.773751,24895.730724,25104.853791,14538.013445,4106.210799,
35518.780154,74509.226847,21543.286191,6581.784741,9935.281979,17948.622441,17097.531161,5557.663923,
22059.654916,36029.783222,42050.541798,26246.156519,12184.001096,5581.339587,12545.971495,8075.168153,
48368.109539,44720.086540,22008.408410,26561.577555,6306.576214,6598.549321,14556.212112,4421.073394,
21915.221967,57352.960211,27403.401544,9439.182645,10857.509392,4947.632145,7782.791227,3145.420743,
24808.735089,63871.895525,9142.462619,8080.044057,7907.347987,15612.134112,11096.977184,7301.991792,
11696.078755,42672.129836,28819.898858,13559.816762,9168.415091,10262.673757,9364.795452,9017.559103,
23040.925247,48266.426777,28921.126199,15757.716853,7617.702132,5191.026450,7681.774821,6164.431850,
16809.763452,31407.034193,27729.006091,10559.237489,12991.572048,4994.117709,8621.033313,9632.085630,
15795.757181,39637.033011,11579.531587,4145.935097,9828.042107,6176.293944,6199.550427,10783.061051,
7558.489554,24255.726571,19824.429034,13231.269358,15822.909931,9039.769395,6775.480065,5635.573190,
20872.444581,23755.704949,22020.718667,6870.114205,21186.850789,5198.164326,9234.826188,7982.078208,
6791.981861,16219.865518,21304.315248,2958.984825,19437.042464,740.223356,17524.819906,12555.588554,
22745.045364,1224.840793,12260.925083,5060.876180,11080.200365,455.841905,15416.042271,11083.854206,
10633.952999,16086.025177,32310.622361,12832.627459,6520.421204,3785.477430,5672.571229,4463.444081,
31415.350398,33681.411136,11927.272983,5356.631721,12009.353061,4605.427887,5947.510046,2790.006854,
19994.412964,31580.839157,40465.400578,11025.258550,3644.486913,2971.670179,12352.926168,5311.584123,
25731.929480,23739.200576,29670.813043,11755.447506,20118.364263,11430.841385,19833.985774,8407.856175,
21219.314262,11851.175034,11731.129561,12024.394824,18046.675417,25192.015760,12954.007877,14103.607898,
44449.224022,15945.845568,38430.202531,9166.081916,10623.621634,28536.850243,7297.782658,13520.765203,
22444.878402,29782.404853,31762.074431,7655.511218,18389.753556,15280.942769,18087.166587,8175.655577,
32339.906594,36493.034020,10957.857531,9396.482002,16900.577765,6748.306797,8383.128142,10855.751179,
17428.513067,31277.178840,35230.609389,4753.026992,7564.352557,8100.260338,17672.158572,8753.890057,
32281.674984,49040.192632,17211.090242,8640.141181,10681.997931,5230.842897,18246.086955,2035.855242,
16786.572739,21662.874784,4951.642402,10640.233356,13374.450300,4723.998860,3369.227489,1773.787856,
26045.524547,66006.725113,18631.232481,10902.552516,10136.746044,3713.361657,10665.097960,2676.771717,
7475.784938,11217.542799,35087.895999,7929.704148,8218.225591,8504.352524,8160.741375,4497.191966,
31999.419347,54203.377355,20389.902039,13809.321026,9932.824700,17483.273258,13916.715321,5046.532898,
7289.538510,35596.274833,24974.399348,14768.208148,8107.169187,22544.429054,10042.075887,4659.505776,
26391.980527,65045.209074,20889.262473,10041.160029,24075.126560,16511.649292,16069.365341,1679.615131,
8414.769321,40262.595175,25275.388872,9053.308993,15457.938835,3601.730086,5980.561674,4845.321110,
15284.046631,40590.006443,15935.182437,6468.800781,11117.133643,4652.253881,7931.492786,7021.066913,
12775.558606,26046.071643,9336.083420,16691.366467,17198.713790,7092.252697,6416.706751,2929.572831,
33650.495028,38502.864150,20690.291292,8297.421675,7047.546325,10492.381893,7522.104031,7175.868950,
14039.189087,14442.371140,21373.222045,4053.708655,8357.137535,2733.271635,3585.334736,9611.907935,
21935.808131,50633.208872,14031.704395,4964.745367,6591.190273,13417.361681,3742.799375,6815.341671,
13547.287954,40201.081167,40619.750386,14969.585149,16084.032922,4657.997055,3284.945911,9574.893982,
37821.951344,26841.777734,43216.103308,10598.832763,11697.155471,18057.442277,14502.335443,14251.392443,
13864.981771,17632.513675,32809.781361,10444.533309,17425.054282,15006.596879,18306.106428,4571.735130,
28766.037537,25167.150353,15546.198306,11699.171422,10385.931785,9489.801535,18210.568923,10783.326514,
18747.385734,22080.576102,11257.511334,10970.444541,7719.527459,16605.813616,11417.949356,12352.668980,
39046.464742,35087.522663,14099.340163,16266.750823,12179.763681,1936.110610,6148.235137,2933.668767,
17671.495391,21594.827090,17376.924061,16149.111363,9043.901967,18963.784134,6906.925206,3708.068219,
25793.796527,23340.132621,16231.395548,3620.382022,7164.419887,14277.018941,13746.980663,6928.423803,
17490.108371,28335.471161,28814.383802,7062.572530,15165.568631,9565.109217,12894.446728,13969.691689,
28527.025281,14506.692529,13961.609261,2195.173332,7064.069425,8895.975612,6875.733484,8374.375182,
18563.978068,22228.754902,25592.458184,11085.343995,14662.829853,5275.870233,12291.055519,1988.697446,
29745.175451,17445.373071,7979.937126,2996.582009,13564.800562,8491.418752,8054.116253,2184.790929,
3550.826946,27676.383444,18267.129278,16740.124098,1575.316462,7635.255849,5256.434129,1088.496658,
22826.934317,33441.007830,27075.940109,18875.155308,4110.521695,14386.478490,3146.867844,3149.823569,
4515.434390,36755.845026,34540.716826,8648.782415,5487.044351,10707.029560,5013.114225,7732.079080,
17056.330349,46264.613462,4796.022548,1090.521631,12309.329657,7976.304447,11546.556368,12885.440415,
12834.993248,17103.797041,22561.286726,1662.911323,11994.200919,8015.427539,9545.445107,11538.100666,
21920.849651,46309.873005,26855.815464,11372.724765,5710.413967,7225.986136,568.842635,6422.397069,
7410.163732,35769.259827,30104.703530,14643.744805,9422.168815,5181.353549,6212.502907,13523.695427,
19771.539093,68556.791290,17672.251636,2163.428394,17678.550269,4568.956512,2264.752034,9950.051765,
14483.354602,28498.788585,19773.333669,17883.954077,10686.708914,11740.965188,10794.021485,1339.462772,
28996.064775,44303.753484,20098.488070,11306.756020,11284.542533,8642.045934,9762.226413,5137.212718,
24315.307062,29469.127357,29171.148386,7125.804071,11921.802777,3088.187494,2584.157109,2145.932218,
33842.730910,47903.139694,11955.454246,7085.505878,11564.312045,4363.710978,4772.681430,7176.210885,
24975.558541,28040.913032,36223.363997,11729.964030,15824.068080,11380.923074,9084.755470,6459.753681,
47108.279293,42568.461620,18732.865977,5241.925084,2257.168504,16513.895221,6436.312133,3479.111321,
19125.591882,14364.458302,27656.591978,12890.634530,13451.651180,13132.827154,4269.612335,10450.579998,
34927.210331,37141.771740,9743.924352,9188.034691,15424.640917,8139.448510,4124.032181,12319.810557,
8051.048115,32872.715132,18056.919204,11369.542902,19941.068824,10289.803963,8809.841692,5963.947957,
30625.291183,32083.042209,20296.035781,18839.558288,9439.480645,6218.363890,14462.202406,2704.614229,
9239.075266,18210.900899,23817.856816,6881.261194,11507.128669,10782.451100,7672.990724,7001.737312,
16883.669467,26888.754177,5525.396069,9004.963796,17942.103521,6170.513896,9252.488046,7558.313278,
12688.942915,23946.623487,22325.743319,4946.384837,15619.814874,13139.272001,4002.084331,5666.629402,
33277.542021,3173.716326,17010.240636,5550.483396,6534.015015,26384.657886,6965.956149,1650.560115,
5763.338143,8189.178728,19331.484256,8433.165337,13809.118258,24280.411514,3972.988019,1428.916724,
25645.292866,17921.853536,15274.388127,9536.154476,19021.063607,15182.705638,3622.189611,1751.844231,
6044.398815,5229.139693,29624.840948,10580.467463,6011.949473,5262.985770,7631.128409,5311.265338,
28823.927768,7698.765958,25520.082617,10377.526671,12064.709267,4492.175697,10245.593297,2743.743923,
19638.416618,24662.395232,37206.435982,2112.455277,10794.435601,14865.490322,16835.758868,7030.738326,
29398.404465,32472.430906,15931.554316,10424.116575,4175.364305,26079.340294,13742.454444,11949.411547,
12556.728087,14049.195689,26871.961410,6979.096820,7441.945234,20405.455572,2976.138654,3169.276655,
29696.524203,27086.089466,23314.997189,16155.909085,14941.472269,7143.858822,6622.355454,12996.833054,
9190.557619,10284.613520,8885.066034,9564.999324,11373.131098,9383.606995,9023.035891,15544.087861,
34754.221998,38032.825593,7878.208642,7030.620969,2092.318023,5100.798120,12226.671506,4949.461218,
5807.826244,28025.921472,15447.877667,12083.299919,7435.713441,16490.329847,3111.476014,4394.561294,
32016.448670,30794.138137,16497.586407,18418.731383,4878.700436,12395.303286,3308.124524,8621.119501,
26215.913256,21301.313339,34361.924292,21767.263773,3952.688923,6778.457148,12877.179084,10378.387822,
23664.305756,41984.238527,13674.979517,13761.569307,16465.019845,9621.222258,19349.041300,3914.042338,
15311.376527,43919.952395,16609.899033,10773.831450,26773.281218,8098.364998,9405.345858,5421.187674,
37519.888206,41352.503471,15915.024751,11412.731439,15473.324103,10023.079711,3889.187972,6491.219922,
4737.534600,22043.106376,32279.827858,13454.818623,5806.451569,19886.892410,3419.202819,6217.765340,
27469.625071,33688.097159,22131.364064,17437.863564,15398.163840,23365.701733,10184.917827,2284.683668,
7622.463836,18194.826024,19133.191435,10298.339794,15203.927412,9697.189307,2207.682450,6048.349089,
15052.948427,37345.699060,16388.354898,10468.845814,8987.285171,9795.107508,8116.179901,7859.503805,
8714.776315,25908.637794,23430.395725,8399.274005,8524.430368,16180.480065,5915.957302,5490.735725,
16061.176725,61589.327245,20909.488950,9021.994718,19815.345226,11089.313421,2388.917015,2101.967083,
20942.527752,32510.413215,11761.581206,9344.983571,14373.793704,20093.467690,6880.083111,2737.235928,
33316.750081,25514.275643,15038.858122,5649.603395,6773.213412,24496.093932,7357.484269,5118.973719,
13242.487944,7124.889239,30489.556924,9013.023562,2736.524259,19730.289842,5113.064577,5139.658145,
42531.580242,21645.385742,29875.826308,13414.240344,7605.662412,12731.367238,13357.734903,4105.442033,
13049.248043,23675.428666,14982.961988,14234.176844,4772.416135,5607.041582,6989.431098,942.849031,
18757.048029,27069.148145,14203.805038,16692.852239,8505.495963,3333.081537,3358.332831,11014.160096,
10789.837345,8988.142789,22987.471994,24604.401096,13292.139551,9309.449711,6521.768069,15947.064753,
30240.238480,29569.615213,4510.888121,5519.125939,8465.988731,15738.459523,9715.798204,7076.008531,
19216.564371,20938.584296,11683.291599,10346.650825,17152.931928,16484.986581,6915.461183,6902.929264,
24904.691405,30797.267701,9513.522742,8803.069606,16793.177670,17771.582450,21310.170644,5823.094101,
18347.149676,18276.963421,18482.241414,12489.767028,7196.272953,17328.028103,9993.411609,9256.687203,
46038.872721,35650.519367,25374.824100,5784.029190,4498.478828,11934.890608,9226.338122,10089.984125,
8838.246836,12280.922764,32169.880439,19149.885324,6532.715193,9112.310398,7278.632404,6360.689417,
31332.717218,32682.623272,31649.327721,6454.094232,13525.547312,4675.870410,15379.681767,2937.121257,
12012.053811,10002.470911,32162.324359,20643.068532,7739.611532,8257.425344,12942.005823,6923.828400,
29452.996698,33499.119411,28291.394849,15851.960721,8387.199210,7449.487727,5159.286652,8636.081008,
6941.978264,22485.925989,32333.719583,4210.977380,11886.539362,12685.433449,9705.312597,6375.366770,
19319.348021,44982.485104,12346.169083,6871.302289,1705.076738,15366.493937,5503.253778,5952.424977,
9103.713459,23821.677731,18878.444245,4572.494210,10673.289260,10153.960188,8997.481089,3069.737811,
31320.579318,59939.056889,25793.818743,3553.984177,10783.082851,4741.060765,3694.426540,1648.875127,
5656.547126,28660.814193,16480.265960,6066.048002,11866.147809,5441.530135,13382.199504,5358.873958,
36241.780902,36014.114573,20262.897806,8093.989954,10664.184125,12336.685364,8676.136216,7879.901058,
16846.144594,16820.141340,31719.663657,10686.366306,5125.932079,11449.289950,8490.375636,2984.835854,
29312.509866,44032.804788,14010.560718,2560.555517,10992.907109,6885.792965,9943.820898,10141.977312,
12056.220943,22909.266007,28882.255431,8201.218847,4421.652072,3808.980093,8833.900740,16657.176022,
27814.968369,29395.190628,12536.967075,3983.503079,19415.664485,8621.948789,21256.122152,6149.105766,
9934.701206,22761.396571,9941.289859,10435.495236,9782.424887,3690.620596,16721.791040,9690.168907,
32466.930241,28880.601782,23124.649693,7366.606116,10044.489093,2721.376275,7681.764950,10326.306206,
13252.943656,7566.586756,22536.362635,10995.795060,8089.926888,8517.198658,12949.691248,4619.828062,
23240.641814,28564.990093,15734.422891,7060.628430,11337.125112,12277.343548,7485.881951,10449.217520,
11232.185487,12646.400031,33880.829623,8658.839359,16953.745522,3258.032927,12391.177549,3200.553432,
25748.003409,21143.789028,6063.778598,14188.042351,6390.084007,12610.681849,5382.696344,6041.230256,
3867.518374,13156.359297,18735.632018,8805.769481,6924.111259,12555.226797,8265.676240,6229.947969,
18804.577596,25601.942501,11164.003225,2517.530051,13148.737312,5573.884970,5402.172984,1671.577727,
16115.760402,14523.912211,27771.255542,9128.091300,13605.008783,3748.607436,7973.170249,2998.775943,
31236.756025,4487.305680,21055.675608,11895.222558,10633.554618,11800.358027,12010.767739,6063.013092,
3959.777406,13244.423905,32971.941441,7509.231758,13932.417479,9682.854606,4446.769668,7091.487430,
21950.425622,18134.879482,10101.530747,4754.154225,5473.539411,8906.473734,5599.864356,5063.917709,
13931.405539,13673.325848,36379.493508,4353.921448,6300.127100,11625.520709,2039.078924,969.495117,
29488.203695,27669.249447,20025.870383,20797.749328,6741.996149,2153.384992,6083.773827,6339.848721,
6027.213765,33245.801091,15076.202588,30834.861325,5143.771727,13317.292287,2656.330173,7527.570180,
24897.393143,42200.267027,2752.968031,21992.279584,16278.209277,9502.102900,9421.097385,4113.931409,
7896.834883,20507.725244,21746.417339,9311.257000,25382.238171,10932.929002,16225.060748,3836.836742,
33708.520180,38784.167111,10992.327588,11847.094083,16528.869156,9259.466487,16894.110594,6449.094534,
12867.806862,11469.952280,6731.269573,17956.336959,8192.323882,1414.630093,14427.745298,9734.985566,
28468.372148,39077.740643,17301.773675,9038.901746,8090.765512,7826.971958,2759.112363,7186.748458,
10240.792712,14805.618532,30586.812018,15348.387404,7948.388633,4082.993963,8980.727150,2363.260856,
39382.729010,35414.821436,29745.615301,27086.483112,12685.825111,8873.486591,8727.379097,7535.531776,
14871.157227,25938.818821,36933.186952,21274.435262,5327.933929,13118.951117,11678.524373,8858.173660,
29415.791913,56310.378480,21101.226997,10411.682343,12892.533517,5472.064530,6400.501063,6797.443860,
17710.530172,9012.845972,23640.664508,11884.237744,10773.048823,5580.602198,11716.659243,2543.316258,
21141.249627,52507.172906,15044.075039,5962.248973,2884.625682,8317.369397,12339.870687,10476.205211,
4450.598771,24543.260232,10719.640716,4280.615636,5035.219664,6224.976350,5891.584917,11355.294844,
19031.660701,33422.716819,8265.064610,10903.278724,11057.505664,7033.884122,12692.265397,5492.306197,
8761.448695,24903.607963,15695.297915,15267.312932,11014.543316,7145.081468,7189.580777,13398.448072,
23970.732143,16729.303110,22115.873708,14097.390226,7066.808561,6630.687907,13418.863691,11255.276174,
10513.703998,11545.231548,20218.206739,8781.115785,9762.315283,6414.866150,7807.533120,7243.091971,
35705.694392,18454.050609,16694.671426,5840.426285,10028.053865,6468.462199,10597.819627,6906.647369,
12796.762188,13993.819465,30913.457531,9736.317912,12730.426287,5895.367635,14402.266789,6326.239443,
23099.744165,23815.238314,10181.999486,1963.230373,8359.433702,6213.438862,14229.835972,11344.081374,
12999.487603,15522.395266,25396.462313,10057.768958,8097.639515,7801.251607,3808.582048,5872.692645,
35792.228313,17710.199271,3162.302278,9891.807678,7123.556194,8432.103965,6597.957692,3637.128869,
3628.169508,14572.645532,29497.872406,23790.101045,13986.903067,4215.084841,2285.245918,1442.720521,
28135.288468,31558.242585,14771.698289,22439.072201,5720.214983,2601.420144,9598.161635,8304.096066,
2466.389580,24041.623540,12552.664262,11478.608920,7220.146037,6872.629191,7958.544320,13762.033342,
29658.115110,23422.464857,23295.019103,8896.197316,551.321688,8585.138664,6396.924839,12805.651236,
9432.422007,8007.187547,29567.140353,6289.723259,10492.515490,10624.481007,7205.485482,4822.923406,
28890.474119,24985.598434,25693.475865,7861.100924,12602.084263,11792.413849,2039.724417,7270.557838,
10298.126339,13575.519756,19157.684488,2161.186920,7783.739105,8470.707516,3495.370563,8080.962083,
27999.536580,38831.577708,15890.372834,12272.894899,5284.200639,7921.274186,5597.652684,4019.984730,
11718.340619,14541.295293,24825.742180,9416.357846,13838.705266,10053.072031,2218.411205,10932.204653,
14643.675452,25668.190194,9427.343680,10032.669946,16195.072096,3676.661382,8968.701642,7749.744647,
12691.720262,8097.609964,29181.593883,21417.118770,9653.463208,7163.324421,8698.975409,3852.397511,
30987.917591,35395.560758,4537.728265,9131.809647,10430.932253,10363.932340,4140.061263,4072.057212,
9438.197640,13148.167486,26312.457150,13573.871086,5456.469121,4682.107100,12058.587841,6034.535484,
22964.408264,40136.329739,5821.853247,12879.954821,8931.219284,4678.273604,10646.926755,9710.289712,
723.321301,33864.716840,23302.051636,668.572820,10591.433142,8935.371916,1266.624352,5955.394086,
19401.303817,51657.601214,9153.265734,4782.757386,7907.949175,8705.981721,6639.081547,12523.365066,
12239.958163,29891.561242,21126.705896,9698.364183,5606.554193,7065.707260,6605.161368,12598.924417,
28413.268829,28882.983931,12287.466860,16886.067409,12766.352926,6090.305259,12420.858056,5479.420287,
7777.274171,11637.272492,23075.942164,16633.602559,15946.138869,5804.674675,6657.733535,6027.014027,
29224.496342,27716.428298,8526.558987,13742.324567,9422.705078,5678.996816,3589.047932,7497.247929,
10638.711577,14659.337671,19924.681797,14748.027657,11947.447200,4071.272443,3102.790100,4450.782620,
34046.602091,12581.123358,17819.250788,5033.639208,9568.891725,868.485772,3192.123806,5976.500128,
8673.524019,2931.588956,31992.784330,8431.327021,17064.741541,7818.577286,2903.090991,3880.952209,
27522.188223,12796.668002,10444.919481,9644.336838,6613.402620,14028.712033,7357.260517,3982.717513,
8114.381436,13088.708295,23675.943381,10442.570734,7239.087419,13408.019651,5239.628662,8114.111665,
30887.519847,23291.231693,7107.299306,9450.340288,1888.135620,5417.422551,1751.535015,5260.905902,
6496.218351,7874.601309,18667.892841,2442.620524,9882.140139,4969.351765,5118.172157,2962.254669,
22057.376413,24930.546161,9588.147780,12796.109115,16359.815531,6492.980727,14728.689169,4268.971812,
1475.486575,7587.458688,22894.926572,11761.501363,15682.959916,1452.278661,15602.965341,4619.454949,
28212.755906,29047.829562,13276.038869,8950.218663,7509.074965,6921.225636,11774.136197,5414.006537,
3458.283671,15680.742138,26646.094024,13953.925135,12153.533651,10464.949705,15988.471138,3688.857722,
28256.286432,35158.768304,23986.094889,2171.777030,5118.004885,6492.815648,9220.686432,2713.452206,
14918.298532,24723.415088,10348.224923,10879.530226,8705.695277,2299.792559,6051.034077,5805.655271,
21634.772590,40611.885926,15193.894067,9836.735761,3030.575152,5891.824752,10255.858494,5497.704725,
12763.543242,11612.001036,30881.558185,20148.049067,5775.862318,3196.044202,10291.777811,3303.868183,
25614.488488,31734.204005,10189.732218,13489.051338,10939.262226,4419.937431,7972.450674,2944.242994,
6059.665032,12596.892472,17588.065158,6663.205944,12686.448579,4935.927519,1224.951476,5303.170651,
19979.103294,34589.552251,14642.089017,12124.389750,6934.879714,12488.696684,6251.264772,7142.334338,
10015.208816,9236.236849,26228.477343,1180.567358,3274.727480,11881.890884,2499.833621,7373.604673,
29913.738644,28684.685612,21441.694978,5572.484807,9213.134742,9587.372377,8944.805674,8281.133857,
8050.097213,7011.876417,18176.034146,2750.517973,14223.857459,8466.555521,4898.330480,5382.035369,
24678.412552,38056.621478,6238.900355,2125.630262,12298.758143,3886.419878,6728.908364,1378.579588,
12604.657930,15033.195509,13256.234611,12130.751688,7374.027911,9200.245678,7704.498083,5112.076701,
31531.355131,19538.515492,17053.542377,17828.909263,8349.606014,15063.693061,3088.653851,7204.503979,
5246.045625,5572.310054,24686.912147,14214.514447,14621.465744,12622.047130,9465.716677,7849.515838,
26029.759640,28303.025435,10528.000295,2244.424982,8299.064372,3160.085811,7319.334294,4684.793532,
3131.846037,10296.115257,18717.395372,13419.117373,9104.831713,3082.529408,4694.409217,4688.102936,
26038.126743,17815.930729,21400.988654,18038.124745,2480.645962,1756.080899,10617.476664,7114.522788,
8402.431508,6250.989481,32240.077771,9505.177294,6978.071039,2201.800222,4438.938156,5813.120303,
23500.403182,32813.195756,4213.792169,3516.446636,6083.735438,7372.958811,7152.621335,5427.834489,
3442.343196,11758.833789,27580.036631,5815.491775,12724.168813,9274.366937,7609.139567,7384.801948,
24295.310229,16921.912091,20851.613364,8732.364591,2834.942754,8353.920257,405.342103,7980.611645,
8256.684074,13991.609379,27102.688431,9028.445226,7683.647785,15960.719072,7662.779558,6114.571788,
21018.546595,26881.193959,9663.483448,8354.598623,12484.709806,11363.908069,9877.217168,2432.916278,
10497.436591,18508.511713,11102.378992,14815.579499,15660.955500,10532.247085,5724.242404,8723.655552,
28349.601565,26735.574158,12087.635882,12876.784442,1785.487000,16344.291621,14474.827090,12384.012898,
14094.585020,12790.213890,32027.372322,22908.371888,13849.189683,18585.755602,12814.749946,14834.409208,
32115.878194,25682.193839,17663.329570,26480.222112,2848.240497,13616.633412,3076.872002,8347.768060,
8471.178072,7339.960029,26063.095865,23100.980318,12675.972147,2476.363776,7632.481375,6856.497605,
26171.004879,29581.752201,17937.906334,21603.811155,5835.027028,13892.477615,320.911589,8187.932900,
8532.961810,5086.449472,18171.900991,10132.661395,10166.995006,11890.318495,6617.501982,7880.630659,
21679.712273,27309.266501,18882.400360,6179.398689,2423.776496,4713.855409,4077.054718,7431.850329,
3443.215497,5756.076455,11616.689535,20730.266759,9286.936853,10490.726832,2716.362074,4478.894567,

289497.000000,1969919.000000,1398500.000000,2972493.000000,1405123.000000,3768963.000000,2443302.000000,1559314.000000,
2342152.094598,3809535.128530,3596027.375888,2403758.172355,1263830.899211,2305333.404581,1627540.291837,1071531.681695,
2402801.287083,2440669.062615,2977005.320817,827821.964879,703151.400833,460716.234807,215017.365364,203252.438371,
1626147.647274,2829547.817950,1631500.045776,860914.443663,413658.097310,1173515.569402,286369.634378,218566.753231,
1890131.802534,1875381.780430,2233332.896387,573192.316482,973724.743181,794660.218543,146239.273713,258524.447843,
582094.493343,2982374.762050,812192.423183,1133813.412792,2128300.278301,2670598.766830,935712.364918,329906.160018,
2869650.472225,4844095.441066,4178434.459345,2206434.430936,2485833.436851,3760089.732571,2306086.555220,492174.852913,
3992829.073152,4617598.019902,3968663.055735,1570637.082167,1695588.677058,3625079.132320,2708562.864153,731855.496658,
2323622.945911,3551604.812570,1319994.129039,340216.111878,1267997.624237,2333041.895142,1428029.948610,506861.022536,
809604.938246,1630855.710318,838367.777486,232913.934627,1543038.431082,825283.342442,534411.888672,117726.942965,
940177.055662,1698333.779417,95249.510811,410827.817463,1270196.285854,648416.497938,854228.705819,138760.865869,
889678.227066,124685.924426,819717.824452,369268.916391,568673.554906,644559.883256,432216.801171,64791.019704,
1086858.887405,1635795.884940,493189.097955,106332.958358,533824.726626,372623.361556,367446.200603,183929.928358,
356454.071086,1056985.652002,531707.336186,133794.648143,581595.536213,281366.621660,358781.456517,143001.617646,
214179.216355,1096912.105336,637411.156586,73670.956069,555962.937441,240766.814609,319330.886778,68307.225307,
417796.926034,458417.247449,209441.508534,180334.579990,301259.163170,272504.850070,159438.725088,42869.809660,
430256.400870,743309.745810,379814.999233,201154.117560,224592.089526,238056.475011,454790.897574,49172.235287,
125353.468191,441904.228158,333719.409524,121586.434792,208805.349756,65238.687614,167765.982548,77535.097389,
372885.625996,640077.673638,259695.125434,135297.549588,186216.490446,191339.401834,237977.842423,82321.529802,
80917.746785,245230.103919,369340.903365,159943.120551,351861.904648,156802.277707,225389.293064,56834.110844,
180145.543719,526065.425066,159467.489011,54741.797381,124443.231528,78566.973538,174526.860721,37579.078917,
252543.775739,289764.697395,358784.518988,113286.426636,88459.564665,47892.592606,115351.725425,66192.502755,
307393.887385,284232.070619,237272.753602,103089.159466,38195.269269,102307.364816,88546.482976,57662.232420,
159241.672460,43716.821724,396432.682404,109237.981654,116244.815519,81509.312457,113617.932730,19549.603479,
302015.055064,374649.502023,187530.209812,61173.524079,110912.277867,46004.168089,112242.175960,9671.645418,
198669.334682,202973.490730,323431.666868,102917.783803,148004.634531,28111.713735,121775.453003,16111.464518,
334642.420519,265915.784335,125074.083060,60709.907078,88010.292317,31354.660616,34243.670135,12219.253687,
277815.332762,107066.623287,340870.063483,101691.756585,115759.647163,73065.466524,103314.622658,3295.854358,
362387.317469,169946.076143,127435.314929,29601.625049,106345.369955,41126.973029,40942.109032,14593.676991,
265263.195479,103974.129855,286262.322672,75608.599084,74731.290955,20749.186362,92410.583122,26872.918996,
291563.710139,299465.693113,216273.722076,50596.749124,64035.374002,28981.407260,71034.716727,16870.135624,
162554.359047,42337.251380,267351.256264,80263.886728,88323.447413,29095.384206,95524.493359,11035.060854,
254871.303900,227768.208742,139211.455335,57690.049175,105551.863094,44485.962680,64464.884801,15195.758611,
98714.064142,81079.448227,216302.366084,95888.525478,55506.321875,44468.116672,32450.562925,14405.892303,
200184.632629,248870.235139,94405.477718,21590.941341,55032.080271,19749.722571,44295.642709,14130.631235,
101716.896292,116816.261453,192475.818068,63129.062083,76865.843688,26468.009879,49849.687808,12185.730781,
139353.599088,326394.626113,107426.686170,52259.039543,51911.789464,8287.467610,55210.124913,16929.801664,
40655.340768,65439.716524,176191.440082,73268.969243,101442.636805,43975.922067,49060.645411,17683.759302,
124002.767276,274366.475887,60098.246872,28059.402731,54814.341554,17524.145765,52793.294278,13556.183707,
73825.338145,168680.885273,106947.684834,50906.844285,55518.336337,43158.627020,61584.946220,4264.939190,
139911.218965,316711.592578,90618.218519,37829.007215,63748.878316,17084.041745,45918.315497,12349.866411,
55588.576481,106300.319740,143440.554677,61879.438243,59361.272229,48001.359928,42348.833956,3648.010694,
148046.640716,281522.696810,90968.531419,42381.093252,46600.283929,47335.611397,52590.649044,2630.229878,
108257.189698,126486.298023,159065.648524,58858.380257,44187.405536,11338.273875,44400.508330,6149.154145,
179620.121547,251160.592965,81161.578909,35020.373449,55839.666581,33853.783102,40205.987708,10729.246517,
102983.514265,84294.263852,178420.018504,53894.839856,71861.383442,12338.654673,34715.764125,8448.582133,
173500.910396,278584.895053,92600.549682,34659.249138,53060.058691,12966.057091,40420.376384,8133.734175,
143695.790737,122393.657811,155134.373750,47851.142870,45226.617126,26093.414806,23865.823970,3568.143786,
175150.154957,211225.037346,110160.331489,31487.361426,42806.698528,26451.392983,38233.785219,3650.520724,
139989.469976,84391.438307,159128.164977,51968.197302,49121.625509,11557.415525,19091.401611,4586.750516,
171072.928934,178454.361165,105727.655147,33157.976296,50143.447569,27428.910814,43251.258996,3731.065013,
93551.258293,79261.303188,160169.638599,54866.865310,43888.958755,33034.279602,19458.437897,5320.028415,
146338.923637,160119.747772,104968.970483,26301.197028,50285.920480,22658.202769,21335.393935,10539.925491,
88520.523157,61296.220248,144706.392947,48152.646392,59368.410032,21948.133101,34659.538692,7787.680023,
113860.907082,132165.008968,70162.450442,28660.740193,33291.944801,30682.911616,36514.705580,7615.430179,
67484.233896,64684.958396,125254.487550,49872.566031,43935.047163,13754.757484,24046.893692,2237.290181,
114512.808198,77785.786370,63251.605203,25586.683962,33238.676521,24118.543881,35464.205308,5350.081255,
40880.164495,15105.963142,107949.025768,48320.044083,47181.877168,8913.842527,23810.659513,4067.151218,
87552.953782,90004.842664,42176.555633,26639.098178,38550.972694,10315.757616,37132.833006,2482.364399,
24229.934654,32433.674464,94132.102503,39980.223001,35963.023556,14363.362482,27794.782373,5654.863508,
83618.354257,102433.857142,47533.867580,31648.931840,41010.900976,12869.143925,29936.892290,4711.692417,
52591.410562,39328.318008,104946.737683,44995.369741,43935.398232,15198.937011,19684.632565,4807.937880,
102061.383135,116451.239542,39164.913568,24237.614063,26715.926147,17221.949648,28935.497616,4160.973215,
55840.986388,65922.913508,93305.771710,45178.106483,38546.971763,17193.366118,17757.646770,5046.351902,
107835.048318,143141.930391,67760.155125,26302.560823,33692.561998,20575.918389,30408.718955,3492.354790,
87147.774973,52300.967361,98967.475221,45349.278259,36644.991372,11041.047223,26743.761057,3642.050811,
127584.985673,160500.378443,65394.739517,26292.308034,33416.648855,16941.772088,37392.617018,7756.837962,
91017.081827,83966.200379,116369.386100,40470.280342,46838.590747,8815.225256,33754.505870,6432.273235,
128760.382348,172086.017816,77863.375438,23307.615147,26243.889714,21882.639262,33660.871176,3965.896330,
87314.335235,61350.170538,118994.777412,44579.040819,38131.263645,4825.762280,25180.353085,6171.244972,
120157.848608,182813.099615,79350.490629,19882.314593,30328.561568,19709.348555,28759.170567,4201.550162,
79001.295424,68993.614500,118251.206376,37901.483036,36256.343134,9278.101094,22447.839947,1579.701355,
115360.537995,163973.897621,73019.722474,21690.623737,28893.190172,16972.024560,23925.195884,3631.781163,
61397.039618,82874.703038,113763.044813,45073.690392,29053.022184,7684.938908,19348.818921,672.161640,
96523.518493,153932.581778,55957.598582,18010.811195,32688.798008,12339.048802,24369.322153,4653.739022,
53921.882200,53631.600876,92077.059501,39361.760260,36134.421950,7543.787948,25377.213969,3658.656980,
75074.508717,159139.824152,44267.386218,21809.696674,29729.069927,13628.549338,25753.277896,2526.899924,
30920.389493,69904.921352,83809.551189,40196.442813,29616.178932,482.942657,26694.579449,5581.094547,
59918.648643,127895.181603,35784.021932,19046.991050,26813.297064,15641.216692,23302.550852,5368.200690,
18399.449684,56964.734395,68290.898899,37855.496634,29036.297353,11977.138877,23614.709093,2953.340367,
60995.547057,123411.955687,40395.537242,22378.410146,27980.743355,7992.325077,32384.996684,2639.514820,
34836.235717,46141.335125,63703.747588,34312.609227,36420.769577,8192.024692,24317.241102,1425.754964,
74958.142582,87523.957120,33079.650403,18522.461500,28235.655548,12888.206433,23392.362326,2578.375473,
47459.020162,29344.891471,74376.432967,37927.121574,32195.284252,10568.262003,21951.514932,3439.362929,
92124.651862,79304.547125,46997.285513,14162.840600,30728.539884,18071.293947,21240.212936,2363.342977,
67259.508250,26163.323505,78529.714926,34970.840458,31018.235440,4385.753531,16123.707446,2271.169821,
93703.817229,58146.246768,48374.983393,25263.438583,21713.064001,26220.901358,18572.700569,4589.545596,
73659.690642,26536.080927,91038.875377,32629.461474,28378.187587,14332.602065,18933.833901,2778.687319,
104312.949391,75841.793531,55682.314009,18515.832427,24812.045054,11692.116634,27409.323935,3845.703557,
71065.101972,18415.602837,96575.350728,32044.962881,27105.095142,12991.436473,19195.693856,5496.945894,
100128.063411,71613.436191,66653.587098,19588.441735,24243.879661,15493.840427,25701.512276,3915.747216,
62045.486317,29945.413092,90893.895465,29936.997576,27809.680958,7466.382094,13980.727564,5096.233476,
88930.926917,78822.581667,58428.145304,14425.734314,16952.486636,8179.937073,22399.172653,3295.118639,
52116.660792,55982.617253,91240.662773,36323.058432,31968.834477,5561.466564,21555.629501,3532.831926,
76210.986373,124354.004074,53699.900976,10796.233827,29789.163096,15100.395856,21224.712891,1384.429167,
40034.338440,31243.909297,74442.089793,32242.331204,27230.072614,12282.334876,17186.170222,3381.217059,
55502.228873,105787.379524,36688.888061,9809.412344,25882.861250,11112.872573,22674.768166,5345.400304,
22073.245860,64128.343364,59380.489532,31803.293551,21764.929065,9756.161869,16915.157991,1825.830628,
45724.414732,137351.016882,28551.332755,18144.728111,25631.270726,8516.014863,19716.194548,4207.923111,
14770.742422,48417.787489,63062.509246,33347.506872,25063.774229,6390.113653,23900.986623,2636.579664,
43009.016697,143179.353691,24313.901054,19587.437765,14851.085909,23899.592107,15439.132366,4806.095259,
31432.394568,61684.365667,46911.629329,24393.227336,24282.221531,13913.205095,13680.010566,4766.869197,
61460.725166,114888.045833,23519.541393,16462.098730,24708.313660,12445.933855,20267.635865,4620.084963,
45493.205816,53208.829702,59730.969162,26655.436710,15685.752124,17454.021556,18242.746195,8491.639696,
73549.145224,124728.762955,39002.176418,15723.480501,27034.383876,6812.393497,20614.822290,4469.839733,
58098.446632,59393.256361,58213.987519,24309.259039,23532.832463,10500.765631,10121.769985,5619.595653,
90075.413575,97150.413678,54873.759587,11550.567342,23538.388925,9583.081330,16005.852394,5043.374673,
65129.831970,51284.999954,73698.414325,29034.878685,18961.685068,3759.890738,11718.137331,2700.930474,
91443.806198,92510.255473,55771.874316,10973.026294,19993.760644,7308.860871,13725.935822,4721.117892,
61821.732652,45802.864696,95827.365046,22905.878550,30182.933018,7730.279896,12267.736643,4096.152949,
79916.201737,74010.276675,50332.360610,16264.926179,13786.961505,20437.113939,17085.075321,4974.227529,
51916.962779,36421.559896,68093.248800,30473.554797,24452.294446,17639.683787,14224.591267,8424.925378,
68759.153203,53201.003510,37414.020400,9871.149977,27534.936421,2053.072607,16727.869190,9355.318585,
38001.501215,20380.567024,68820.048706,22791.004115,17654.258598,10821.266769,5047.137483,8462.985965,
50997.526429,44740.851722,41936.102273,20755.110329,10764.693924,11288.878195,17208.208060,6055.001737,
29779.489986,9277.614975,61899.946811,23154.942263,22692.064412,6149.281988,18601.729383,6356.401319,
44630.955867,45239.022279,44339.586492,10661.369646,26261.452731,9212.199870,22919.058166,2260.760201,
21989.315170,26876.712592,65849.201602,23366.361952,21332.092556,7585.287578,20051.800900,7884.963711,
30926.954894,51047.052377,10310.811764,11995.327265,11892.166838,8057.478572,14732.094334,5255.134366,
19379.951834,23116.090745,49956.783246,27157.683777,19297.379317,6620.568058,5443.988393,4997.858016,
40026.100747,63888.356685,13898.465455,7208.197996,21602.053749,17954.798839,23692.962446,6132.192718,
33781.194767,39376.263326,40042.726550,24807.605884,21594.925457,19099.677889,22994.512908,8498.054934,
52515.765248,76289.741627,27892.824728,6876.989767,14936.724223,4219.250061,10088.822565,3891.798060,
38826.810432,32044.397398,60541.947617,21674.110895,20181.443168,13740.315543,13815.696109,5608.151446,
67324.352014,88652.083968,24087.146059,12787.874591,13419.776083,5857.626185,13358.117924,994.244082,
47054.867493,59816.297793,56470.844585,18853.101867,10855.002653,13127.095895,8536.749179,6775.174776,
70375.075265,89418.479247,33858.256132,5954.411188,20719.402726,6585.949835,22563.050987,5637.750711,
57245.060404,45130.716899,64700.001531,19908.592404,23569.261612,13327.977676,24715.864547,9853.715336,
74074.870921,107930.257635,53528.681354,7624.818812,6686.862034,6962.777504,14733.923663,8671.130573,
47366.285710,45124.092808,68377.585356,26082.501139,23937.470797,11847.507549,11567.027540,5161.233619,
65543.223456,114589.134895,31019.028695,14005.225930,23907.903013,3259.000589,21327.392896,5274.398706,
49179.005106,61678.774370,81515.539315,20299.898467,15697.521863,10011.495233,12038.590237,4724.690133,
61598.159498,104237.826707,44824.050082,12634.289340,14734.737588,10075.458364,19147.109692,5423.903664,
29156.093447,45575.293497,57822.564792,20205.102033,22849.398735,2235.149048,14979.322080,8472.884475,
50876.257140,95519.709598,27379.594625,5404.038467,9172.605187,10463.375925,16159.516176,10514.458553,
13625.260286,46020.384376,56807.849827,22632.263815,18587.912404,5594.819695,15542.398664,2440.943610,
43367.816732,73761.807810,33953.270735,9753.836403,8728.894884,16698.217026,16310.029816,4289.896810,
22067.657120,35089.315854,48994.197209,19724.626552,19778.213993,16074.322218,8259.283743,3963.576842,
27230.317998,59644.723525,13787.380822,8551.884149,22076.014118,6645.029886,18393.126887,11797.169243,
13893.654438,22570.046597,37195.397727,24741.818416,14891.524469,19691.916918,12566.937378,9062.389525,
41068.398314,52310.875529,18920.284600,16477.773304,20104.230528,10209.258932,10254.283624,2596.426727,
21385.001918,21311.701166,44248.593143,14956.534744,15107.987048,8022.265991,17220.584025,9231.796757,
40103.016958,45997.288802,11573.601231,7289.645935,10668.412061,3037.109232,13698.737818,6818.871713,
35540.499807,25910.245856,36385.704860,14096.249691,11874.640618,12796.154861,13492.734134,5451.749154,
72685.266795,18694.578851,36129.478089,11225.933151,19946.373051,4118.019625,6852.393896,4054.910486,
48716.924783,40117.426209,57275.139661,19375.600998,16763.317159,5226.029265,12599.894254,5025.875462,
63925.154995,54670.751946,31184.256167,12403.848062,14866.474545,7011.435509,17365.101519,4671.300617,
42557.392986,15696.447707,59100.114540,25298.517122,10787.216251,22220.252333,6622.057827,4077.832680,
67131.974473,44211.902169,30274.397391,18760.542814,15682.507444,15563.576321,9731.225571,6281.257204,
54806.497322,43696.897941,70568.617951,17191.441036,21867.997027,4106.003019,15552.226429,6001.523434,
70014.219533,76047.965432,46012.525734,9179.627124,24451.890815,11475.400303,19858.729122,1843.475435,
38756.708385,40007.380171,51657.141453,25009.487171,15179.744768,4804.394513,13253.191744,6729.038766,
44980.734531,93207.910116,24182.645743,9773.160100,13144.432163,3929.706541,18299.366640,7188.735644,
31052.388442,18903.270882,54868.198613,9471.462887,20319.066546,6009.813350,470.559523,8281.864543,
39979.037690,84225.637709,44445.408961,11389.937595,8699.354834,15363.189592,12217.651276,8360.160787,
19127.750105,56911.638555,47955.818218,20608.466391,17399.929567,18525.863696,13011.637084,4673.188659,
17558.085901,104219.245750,16493.013607,8233.841507,12516.649495,3510.902541,25197.449352,6302.894389,
14173.608510,34560.266542,45164.834565,25635.588264,15562.419546,11390.319779,7334.333355,9236.899371,
39658.144508,81380.539655,18701.706514,4944.191841,10745.686780,8352.400368,16933.828706,6768.910058,
13169.478006,37069.156174,31898.484210,24576.837856,14942.745853,1971.539747,9082.099512,3970.846102,
32830.635002,91819.940093,7066.330673,13103.945235,15175.303338,8256.696028,15238.961300,2656.615999,
25400.078877,66234.588137,40353.456614,17900.407319,12857.448880,12685.508083,18829.941016,4080.656323,
50241.782830,63581.279417,12998.245994,16932.892059,19724.481145,5726.658059,17739.083787,5576.319371,
34701.193627,27002.308956,42454.720477,9165.552048,13235.681145,8219.862151,11769.929092,7104.940352,
47812.467432,70390.740156,29452.172821,7461.200779,7299.178602,8324.074327,6557.966944,10051.208796,
33758.320189,45410.913403,43955.400119,13324.690330,10194.229885,4808.338484,16147.752228,6954.626441,
63028.932142,47691.389184,35591.060702,17246.425357,6958.780535,3609.587126,14951.889627,4031.654696,
42255.202899,28589.747377,49182.345665,25942.523710,19949.359067,8492.765505,20943.180571,6534.827250,
56586.392938,39486.416565,23559.185590,5578.789458,18123.337965,8389.258208,18357.947106,6847.737201,
53418.505154,22482.443149,52076.830640,20094.679226,5070.551109,12094.314558,4961.127818,5589.754770,
60282.128540,27665.155882,35262.177773,8420.553780,18811.585990,4197.904564,9527.140106,2525.813247,
40993.138383,21566.335419,56739.675785,17765.655489,16068.672019,15463.038844,7137.614797,1556.618918,
50137.516288,32990.969112,29248.056452,13542.263901,14438.490159,9548.893932,14014.741350,4074.833119,
28618.648300,4001.912589,57064.253222,10615.906359,15477.109865,9174.540574,4442.841883,10000.392519,
26075.195732,24033.630225,42211.736851,9945.614926,10788.593582,10064.084226,10217.025755,9198.877125,
19005.174254,37062.814468,46793.052682,13886.800250,13444.564826,7588.748185,7717.664194,1524.751637,
11019.536142,55243.166107,20469.466940,12825.873882,17956.140670,16767.657606,15885.447144,2445.946416,
9030.237267,23946.866088,22112.775209,17759.030030,13613.861682,14897.291163,6764.512441,2802.713813,
19452.583882,55628.412809,11028.881941,5501.260368,14346.704966,18916.374211,14059.751538,8149.939168,
21314.895074,18048.105035,29035.350779,17670.025399,21645.550107,13797.934702,12261.727538,4824.953377,
34365.886995,56026.113605,9263.282610,9452.844813,9143.453773,3254.119232,7107.698961,3778.854259,
36417.286686,39325.654374,35379.999107,14634.154156,9353.757931,12853.662045,6676.009984,6648.876177,
61793.369492,52152.764862,27198.639982,3627.200967,9622.101281,7398.154557,13740.450794,3988.910063,
43937.809897,48143.810097,47420.647276,12286.823898,22703.406338,258.205541,13072.049463,6020.357537,
61817.436416,82635.534018,17570.617493,7808.968865,13954.273307,9759.465944,5552.018851,1499.940470,
34475.035713,50980.164875,40619.599092,24162.037277,12981.739491,20905.765066,12236.728470,5685.569045,
47716.344962,100645.183026,21469.318155,11808.068768,21216.655792,16211.875653,20692.107342,6446.686327,
50610.547821,36857.797412,46736.870735,13439.581506,9417.844218,22706.912707,10514.102604,2717.085968,
57306.719405,83583.721402,39087.109699,3880.634755,16946.196755,23635.926684,7764.365293,2931.748029,
30540.416943,54044.443983,42933.068329,10358.632162,27539.080763,14491.808775,6786.563384,9057.897831,
34217.222809,68350.579735,27642.734880,3703.596892,9137.173456,15086.661586,13197.057040,7507.036131,
27377.911622,48588.007786,50368.411965,13385.837500,14237.003978,2658.945474,10023.390750,2231.520645,
37321.540405,72678.934169,24672.564787,1563.529540,20697.277219,17439.114973,22511.978771,5154.875040,
20822.623275,40221.883585,50823.385039,12635.411341,13337.797792,7852.506264,13578.119387,2570.903619,
22191.431345,45641.553095,21528.754564,3546.968058,2592.757122,13060.173365,16923.641436,7546.691560,
4703.461670,42538.307505,42431.730478,17308.459625,11606.008006,15252.462899,10767.746702,7719.819951,
20298.021704,12358.590094,28788.020671,18103.056478,17615.455132,4479.323222,9017.300983,3345.300768,
12068.794415,7088.908167,21700.294233,19620.014597,12067.450616,3480.961595,7824.390938,998.935787,
22113.384424,30874.611583,17620.338364,4899.561396,8444.611153,14792.950169,10972.845662,2362.426600,
21473.730168,20796.465486,15765.796573,17714.149361,17790.185178,20069.808592,13234.263188,3390.015094,
43571.791313,4251.441611,16575.714823,15876.491880,14689.496264,8872.412641,7259.845767,2009.076296,
26602.057564,25124.031217,39863.404020,22157.999185,6887.942125,12975.224256,15420.978804,8343.212572,
41653.185440,28110.155264,20022.808243,7375.822795,12733.829011,13721.065488,3534.336582,6246.598630,
34488.346412,23252.886709,24441.843165,11944.100892,12984.263007,7175.946114,12469.277952,4409.471454,
51270.370937,32169.451550,24711.434066,6571.684774,14191.165082,6507.453149,17497.338920,7844.650765,
29748.425112,27732.889851,35694.845110,17831.991102,21435.615714,3428.899044,19436.984051,6444.734079,
54268.050372,45161.006595,33391.735642,8176.155631,13544.207773,11423.081771,8321.691041,593.629451,
39534.870825,37942.519559,52820.769369,9934.364424,14826.020220,20372.583975,18482.450394,8065.437595,
42145.613589,63539.484247,22754.496952,8403.108589,6090.455153,24177.946566,17260.724926,7609.321412,
38169.903055,36378.183015,43916.131141,7745.459100,14759.972963,15815.544388,12293.409561,1917.737954,
31208.081311,63494.954751,30999.673061,5476.893207,22951.630852,7129.014182,26837.778254,3403.173785,
28511.609279,31197.124490,53285.786139,11180.694368,13940.885105,11892.683978,14866.503991,7124.719119,
30221.646736,82300.948426,33513.991696,12838.684184,13771.215322,13668.781131,10386.497801,10637.005764,
10247.244225,47704.702117,36020.760374,12381.685285,25793.010291,11143.573608,13126.219217,5175.251854,
27493.464434,61904.517322,8383.859085,10890.424745,5597.408938,17006.624220,11981.326025,20618.076535,
15536.541391,25387.126251,38724.344830,21346.831896,19328.473515,12883.534544,6690.160566,17838.860909,
8106.529529,87155.357987,16621.995619,3645.268393,12622.853126,282.471941,14420.128417,12626.577921,
11780.174130,34841.320423,19941.699281,18114.222212,15013.260122,7215.957109,14166.326705,12065.598104,
16987.030874,71833.204479,5941.469182,3214.432398,16878.386573,1635.322746,10233.888628,3459.161099,
25604.461280,42587.241223,37178.496456,19161.275831,7686.200137,12279.289804,11550.238624,8737.733951,
33491.934389,66547.082668,23955.442604,13577.260651,7870.471874,14660.256996,10471.756178,5107.224458,
30254.973130,49762.087505,19869.714399,6736.412929,12608.059697,5842.885018,21209.863644,2691.446853,
51495.026751,43363.266717,16098.959564,4910.350881,10446.854255,6609.255740,5632.360425,11056.934335,
41281.626672,32407.929956,45114.330240,14395.621404,5412.384025,8026.909421,15535.343889,14586.886347,
47959.280763,23735.446786,30371.945892,6422.371286,18374.016795,10496.268071,13848.780154,7942.044015,
52671.200096,24463.793567,41716.486749,10600.160665,11432.943054,4210.563963,10019.091055,2139.236086,
43885.289215,14088.302859,21448.692880,3189.483778,8626.260637,12139.282666,6918.317797,6261.327738,
33064.205310,23263.189894,44080.394044,9867.416207,11923.505755,12968.294306,7152.802091,6545.166127,
47735.226119,18837.856653,31554.372871,8298.408510,2744.185789,11481.160048,2005.060147,10448.433162,
25235.231879,19296.491555,37332.046354,14413.677281,15648.383665,11161.902440,16955.374718,11834.004757,
23937.681416,31887.256241,20455.913529,4438.146472,15284.861834,15846.891470,17947.241806,5316.567413,
16798.858303,14381.444006,38196.369927,9309.070693,4003.079191,20679.433173,10431.627338,3301.037173,
25555.838710,39454.191473,17027.062503,3013.156875,25976.499040,14493.251954,17908.801464,4110.243257,
5295.910001,28984.810670,29353.046986,11435.358331,20905.187453,13025.353502,11854.226813,8918.660892,
8002.311382,46168.677846,18123.593993,6681.333712,12789.589014,11742.985429,11612.202374,9717.689298,
19326.198649,18769.179522,28330.625218,17928.528809,22892.439407,9333.166998,5465.608456,5907.336948,
26893.077806,60638.978850,23038.344992,13425.899787,12077.098941,13441.842730,15723.446775,4170.781690,
17496.704646,32479.463600,18562.650207,4001.223150,6333.915190,10538.695894,2149.653616,5283.305983,
36629.533587,45205.366805,13886.695784,7003.470858,17356.722135,19711.939891,19324.765368,7079.687392,
18918.078203,42741.862488,29346.371375,10293.420561,27796.071042,11954.535582,12038.814718,6224.231269,
27940.975051,65050.842856,16793.677804,10318.882669,11539.876473,5812.947706,11111.131931,8187.493069,
32021.239931,44367.752126,18063.375516,12408.422266,11898.865384,11871.721234,15721.732782,11444.838779,
49817.066498,57667.486184,27061.589866,12025.033520,4744.934729,4444.406048,12067.395186,14969.401190,
24504.962266,40276.566849,37520.992817,14480.220595,21394.375311,13246.646261,9082.503160,9769.590703,
46493.205376,76064.684846,8047.810000,4038.800142,15173.626784,22448.496919,13465.323540,2647.193914,
25937.896899,42519.719423,25811.418953,13458.475982,15347.253314,14288.935712,8772.981413,2494.863839,
45781.011615,56457.194782,31068.353121,3698.365529,18373.684442,18320.757628,11421.140817,865.897310,
32026.894337,15265.045215,49244.235977,19028.685778,15795.238947,21015.965633,4420.407753,2833.591852,
31243.026239,48791.329779,7426.781396,12735.189694,8050.991181,3557.567946,15527.654966,6052.856854,
22456.006740,15217.991440,42459.278406,6451.748015,11555.498567,11307.851695,6065.942767,7826.511357,
27548.714174,56819.556716,36747.404628,8586.464043,12099.427828,6741.410750,16402.643137,7907.245872,
21974.859588,44317.489625,34635.939156,9592.805814,8999.059766,8640.859198,18340.513080,7783.852450,
22825.991577,20282.983665,32850.194812,10587.853450,7926.129518,6723.369346,7299.903868,3619.673018,
11557.128369,29985.501027,35842.606511,5524.551115,12699.967007,13174.859346,9729.644263,5062.881992,
4551.306917,20154.045309,8939.346377,24267.528133,10784.863686,26839.264140,12664.643877,8926.754420,
16776.285376,12916.639229,42911.793688,22564.710893,6910.545762,16483.223629,15588.321427,5072.045952,
19323.181130,14353.300143,10064.575202,3543.799797,12383.680430,7341.970648,9862.927152,6779.616656,
15898.995538,13908.810678,29839.115919,16814.659229,18443.322796,5753.888814,25118.521771,4887.676195,
36262.731643,23110.028319,7010.796013,4715.465742,1423.562051,12794.797096,15229.639930,3058.301989,
36655.283739,18655.984094,25560.114259,14843.807389,16572.305618,15118.078079,8672.480750,5769.108691,
36544.716424,36342.325793,10337.555719,6250.558738,15317.946489,8924.176674,13493.166307,2749.142510,
18724.012245,38949.323812,37663.809550,8305.569269,6406.345906,21185.463165,10113.942542,4093.283888,
37185.328751,46337.954224,18140.953995,3371.591303,15934.067720,11799.347042,3669.341284,8522.122179,
39277.558900,28094.048593,23932.313130,9073.076589,22220.628336,14083.529824,13636.766667,8149.840524,
47128.502671,47606.718655,33179.452457,2268.442217,8417.850708,16561.110504,12438.476968,4998.471413,
30881.873682,33421.711708,42924.323666,13659.450758,7427.939265,7424.995564,5834.290833,6535.443975,
36519.223962,53426.832425,16786.702264,10050.517142,10095.202252,4449.396713,5381.930091,5428.809117,
22736.033650,22590.617860,41954.124460,7792.897771,4631.412707,16655.803706,15413.166580,11719.703082,
28666.597402,63570.386715,22238.030775,19892.651343,11370.414256,24419.191570,19812.666928,11534.710562,
22149.666937,29977.464157,36204.926753,17235.087344,17997.234757,11399.297786,3194.003503,6310.812314,
30898.904296,59840.461006,20139.271537,3896.403911,2247.457092,13053.794264,17404.782992,3473.624041,
6882.662272,43121.697508,25449.765185,16491.691388,15357.776479,11534.426515,8427.009281,3346.967728,
21759.891311,58664.672226,16039.376158,5570.731977,15239.266810,3622.388608,20950.794053,3125.156828,
1517.849279,12269.093873,33187.399373,7115.770502,9827.002275,5749.469928,7613.188922,780.160458,
18145.228700,46949.733093,22791.607024,5167.766684,11983.148059,5356.951696,17974.127552,903.324497,
12090.024586,33014.205093,13036.658686,16638.571888,20143.468461,7875.683588,9422.796371,3185.002533,
22413.000472,56471.970893,6384.294775,11450.163048,9062.100679,10397.351906,15305.289133,7077.936096,
21112.621322,35199.300917,22664.593008,9763.350412,14282.562167,21063.699089,16075.740252,9678.001761,
38972.628072,22959.884727,14122.352398,6754.022593,13841.661793,20296.516191,7756.539729,9374.767180,
24644.216637,10479.327310,31294.670153,23541.313626,15240.419760,21569.374789,16957.053104,6290.663725,
42020.806796,23901.816168,6978.156580,15754.499540,6334.543934,28834.654733,6585.464701,5014.689465,
23567.338222,19923.548241,27984.531071,9768.770359,15899.166083,22479.012221,5474.682053,7724.723461,
30554.476596,47493.445736,18578.502682,2857.036480,15990.129143,3169.399146,3934.904362,9170.637263,
25482.379344,19063.808892,53002.077894,14990.665983,13660.481534,10495.853824,7005.427351,5717.724801,
34983.141881,21948.175639,34890.277125,14296.334165,10367.026023,14867.802767,2302.016527,6346.723668,
25337.951878,12438.240141,15435.231184,2712.712863,3407.709029,13889.635309,7746.010948,10471.764365,
28045.491570,17908.340418,22674.707386,4847.696986,8197.592113,7243.224260,4910.883561,6693.722940,
27407.651030,33682.534686,22330.753889,5899.199704,2306.079384,2958.892492,5793.688651,2430.305782,
37320.330292,40804.575224,24398.818893,15839.482301,6756.223112,5016.600000,8306.046683,8531.174279,
18013.210051,26533.579166,33510.196799,13260.416822,9536.607661,1986.648258,8915.382572,10643.710235,
20371.170922,61768.254057,15694.629281,3501.768699,7576.380970,14591.985817,11053.998858,7931.367551,
6528.995303,14093.658252,25743.412941,14246.852028,7533.398660,17129.048490,4332.702868,7621.886031,
24776.759776,36659.859404,26155.813753,11016.474061,9597.709198,898.122872,2109.434763,9393.471523,
3128.493733,23563.688321,21719.224768,5632.299695,1665.596460,10216.711355,8005.447198,8012.811473,
21101.878095,58332.645245,11932.689859,13768.306990,10913.176119,4728.461303,15151.346510,9369.056812,
9289.156751,39151.645885,23634.855253,28447.883451,18132.251033,9013.700490,9781.984611,7045.906717,
28777.680370,54322.783342,14926.780222,18237.800836,20876.335656,6718.734835,13511.800197,1658.637930,
13748.621590,40046.155348,14852.614244,2603.228489,13265.890033,18217.457491,8651.910964,8274.194967,
29534.169573,58499.028072,8491.810699,7870.657676,13655.982072,13247.076856,9886.292601,9001.203414,
29374.390997,30517.882679,32357.624241,17860.010858,24365.935036,3878.489068,10830.929221,3205.082750,
46139.484344,31405.280439,29127.499773,15864.042737,16102.469067,11494.322674,7549.061491,7185.987416,
26703.872055,14388.251778,24036.282384,13968.048508,6457.463146,8005.634502,14253.815962,12008.131339,
39142.481694,58797.631224,13431.769615,10267.690777,9591.856610,4512.382920,10743.201621,6169.099624,
28986.427440,24691.474789,25260.204114,17430.112956,10702.477542,9561.162091,2965.083699,1288.580915,
40079.062261,38000.045109,18047.567446,10091.230336,18480.561264,9308.879945,13915.973933,1106.485535,
20508.741016,20154.475894,28461.826280,5963.326924,14537.454302,12564.410137,15277.321423,4162.246349,
19243.501700,40729.912790,24082.516943,2248.356907,8691.137673,3685.218834,13939.096816,7163.008963,
23744.091232,38406.201421,43182.243299,7462.183225,21870.334300,15818.970936,5257.980082,8824.251635,
33114.190794,7241.192141,24324.684606,7382.240233,14676.639117,11452.918237,8037.162178,6730.261224,
10604.976596,9032.133701,26574.257824,12339.194851,15301.630762,8413.918321,12203.190984,6453.952437,
17192.016836,17276.085621,9172.353841,5474.997081,8161.462902,16442.256582,20149.738559,1591.418146,
1030.532092,16445.155597,23956.876839,20452.983236,11094.061269,8094.849009,19142.332712,5703.278560,
22735.541605,17208.958925,20115.990045,19529.146357,9863.135093,8994.767859,9756.036024,1525.647275,
5039.024722,6876.169651,12045.487812,16125.441605,9381.213424,20928.331294,16870.959950,12686.630422,
26426.272752,15317.955752,12414.323154,6617.029235,14413.020567,23924.457529,10025.301053,15907.604386,
16974.215526,10674.282011,26868.193437,22797.924612,20481.829056,9209.601538,10492.177962,11365.283879,
25239.230385,20720.390048,25530.197849,17362.736060,7002.238300,8966.215793,15285.186416,13977.445903,
19309.253682,27495.212124,20447.977316,3511.417327,10051.142092,10860.264806,3121.457676,8505.999700,
24136.601634,42720.833566,9401.572805,9311.043446,2823.081598,3449.158945,16761.028327,2494.949080,
24160.386462,20637.390759,25378.996377,26564.043009,12959.731758,12321.959374,5444.108147,1684.610609,
43552.586693,36231.109885,11787.033060,22120.738989,13085.430271,11979.996455,15115.192563,6033.486985,
24670.293786,37038.694524,28918.311331,6375.822177,6635.172538,10391.833068,11186.759743,3045.130141,
25650.142739,41890.810474,24662.650752,1617.547404,8965.704246,6481.810828,10215.832632,5135.903046,
34125.752289,20303.129112,42066.358075,13894.787473,9622.967749,7305.728013,14597.484977,7055.998886,
42906.556448,31573.553630,24767.017218,13452.955203,7897.547029,9612.383582,6764.221597,2249.646078,
29498.539760,38156.926463,23985.776583,6708.169937,8029.351572,2207.722830,7478.146003,8269.718618,
15525.144296,72346.949024,6334.127404,5305.292543,4896.332919,10595.075608,16308.148713,9584.180446,
5577.719282,24271.522123,25087.314575,10610.843304,12244.197244,8075.985331,15475.987158,8012.311989,
25650.301335,38540.902407,32650.348680,8096.686039,817.011603,12017.251313,11590.856932,8603.102455,
13038.994005,22464.000644,22513.073125,5706.599868,16075.841861,7670.806798,6218.466793,7571.435455,
10068.114930,62867.031996,13597.894986,5335.225145,14132.127194,16232.584788,1314.370568,5100.651469,
17769.415502,32637.261744,32492.791364,14680.843444,3006.601176,19338.783702,8464.248475,8407.792144,
20127.324861,37224.093526,15323.828775,13939.540111,12466.679679,12170.615703,15997.342929,11103.442512,
3276.548051,33762.701142,23189.308868,9313.748176,11730.731351,4098.109827,3505.335302,7296.635879,
22005.736446,40419.694122,11827.043972,7801.122391,16337.080625,5753.802061,19841.650787,8410.496925,
26523.076643,30514.938571,40952.096374,5231.059872,21589.799157,14665.426030,23201.172029,5853.565919,
31397.232177,7233.106272,15403.681837,8973.880814,8026.478756,19965.436252,11141.886697,7773.065666,
9902.604302,4408.016483,18862.243881,3618.408976,7655.602809,11800.511395,5954.765451,10324.499762,
40504.401499,26199.757528,11713.194280,5168.428554,6429.751023,7444.088164,6558.073390,11036.852327,
35785.816208,15599.771162,23175.923908,14272.884891,10546.872649,10168.055903,10157.255311,12336.590880,
35873.318339,21003.581890,25068.581052,13823.240994,12023.596537,796.353269,10760.301208,11621.244680,
26476.581701,23364.240561,27616.424375,6882.813176,10108.584609,9835.024902,19186.714874,5931.723692,
34243.065181,23550.550019,6356.110468,5535.391383,8854.555656,12828.642969,16689.101991,5482.363418,
26849.168190,16921.989154,32178.767380,14650.672594,15494.251095,8403.033014,9710.962783,9129.244968,
19267.932528,38602.091232,18931.167383,16030.441425,11543.582337,10066.360592,10905.748025,5593.800041,
12412.468328,25142.412543,23340.352004,9457.492790,6400.566401,16468.719058,17234.251635,207.715468,
5728.258023,47515.970386,7292.678891,3443.095137,9648.669783,18873.102470,14922.267189,6561.276930,
13067.697857,18505.978699,35244.855849,7442.776578,14902.192067,24996.131047,14787.787067,10547.956345,
25589.697843,35182.917745,29326.942457,4615.404176,3282.019857,17322.427870,6856.868945,6334.668345,
11407.707336,27104.861647,15373.911202,3991.760408,13839.700145,11152.763332,7722.837106,4801.166603,
14924.145035,64165.832270,9116.549517,4944.759155,2447.554601,25561.303224,11531.118771,6764.969405,
16677.161766,41918.286429,31281.983471,9258.936561,16051.577514,20599.577776,2993.072139,5007.123498,
31922.137641,29452.490696,33618.209802,16130.315948,7349.903356,8120.253049,15919.846187,3001.036712,
12804.383624,26209.362280,36451.305780,11600.805399,10270.411330,10774.568116,13143.009841,3660.854681,
21656.744300,62817.682983,12371.406478,3190.014665,5321.947923,15796.215465,833.047684,5759.632451,
15292.512126,43856.066608,28070.239506,8792.392737,19842.968300,15540.095254,5756.801293,522.308669,
37493.278086,19532.383230,8159.068597,1793.360974,21196.563567,10384.829569,10657.195241,6353.967872,
23559.258013,20375.435902,26753.959174,9436.342538,15753.954703,12427.691558,12264.579053,5495.460352,
17002.601821,45344.913323,4299.739819,10035.558322,5593.441242,8934.279426,9907.501585,7267.231762,
16090.154259,36546.018156,34847.401323,8584.590104,16835.790850,16357.048352,15766.653069,6030.581697,
31478.712846,26734.764035,27724.021623,12748.591402,16698.294902,8817.774635,13785.633738,4584.232027,
17125.528853,11156.372012,19793.447629,14381.644253,10808.000175,10733.060295,6398.692091,1670.737673,
21289.801475,34125.857434,22961.264304,17141.823645,18015.404937,19165.782151,18796.592180,3842.680347,
14548.687491,25004.213543,6134.405160,10295.081221,23192.289660,8399.399167,18823.647334,1988.254640,
25393.281934,4572.041296,36211.639224,10379.405033,23202.219141,9223.333428,9864.741200,6003.699715,
25443.721180,5889.444166,29193.916991,15889.788014,5268.691912,13717.783609,13076.945864,7860.692257,
14251.023288,2328.740478,19436.533760,2943.429978,9088.019772,12251.945397,6770.006858,3218.740058,
13781.719582,12437.619147,39717.636027,8341.345645,13908.552113,20375.521062,3711.219695,5259.937697,
13284.448009,12848.728882,19114.510855,7833.933795,18642.584661,17196.448410,11196.857038,4548.814247,
12243.657838,14416.803112,49654.327539,21468.130886,11251.714139,13249.602506,13120.407422,3628.103411,
10513.511443,16010.667562,21543.805304,14371.058976,4139.555734,12470.795115,5858.916298,8249.682260,
18644.107426,56045.713226,24104.586054,8764.646465,12073.747088,4326.366411,10680.270458,9229.580425,
32471.779213,59575.855416,16052.693843,10585.972234,4519.598629,6302.344594,2141.599271,4483.461447,
16102.159989,13366.531815,24599.312736,2166.060025,10892.128308,9461.538547,17287.642178,3082.620305,
15265.073094,42372.145247,26909.306006,8994.667987,13256.908864,12253.552647,14520.331362,9541.942993,
14101.152517,24823.684314,19139.205076,15169.011454,9568.980580,17568.822323,2091.517099,16403.175647,
19368.293234,65048.482079,4254.971780,14084.064193,12315.550990,10521.204086,4586.319429,15832.214871,
20795.936381,24197.840918,10348.688798,4932.534370,11814.777239,3569.302801,14042.734989,7963.914686,
21289.600256,39308.584538,21610.713019,5873.121948,4007.119241,8760.083439,13538.152608,868.470778,
27417.383336,19739.092292,47917.572652,3577.379793,8084.813515,8330.876166,13369.489295,4438.479624,
31751.529800,44683.702159,23328.824946,4752.505878,5342.815907,17661.764178,15670.953242,9964.035594,
15596.307281,24531.527352,29849.990574,9036.946861,14034.419061,22066.734222,5579.281167,11371.056836,
28206.744235,28547.759342,25191.913623,5653.689575,17085.155220,10655.630996,1094.774254,8354.630715,
19022.310152,31034.314057,40346.882873,13003.632581,7572.068790,7829.586946,3968.366773,11551.521161,
21920.250545,32905.360669,26694.276174,12505.707020,10840.083862,10176.995206,7542.830071,4542.146032,
18125.652078,16830.055463,24365.594571,12829.231388,6566.326363,9013.818374,6317.895378,6623.618696,
13486.100571,44147.210577,23812.078591,14357.317553,7374.549290,9185.140477,6262.287926,6360.947291,
9236.596475,17057.240805,13570.538901,13808.733005,17222.714747,2830.826421,4522.396758,3283.362969,
20856.588016,27373.299476,14649.407002,19195.629316,14910.039213,12395.692499,11110.809187,3022.814319,
19989.978440,13773.613417,20583.343891,7129.062315,8033.338671,8056.885618,5190.916059,8167.137116,
19423.631140,45748.617376,27290.798850,19234.201115,13765.670822,2995.739626,13051.306231,8643.180340,
12773.760384,35235.238899,23144.783181,12981.256047,9569.337000,4759.246706,17874.754024,6347.778583,
29197.278092,4428.787752,22807.625659,10507.724972,4987.029154,11951.062059,12916.106305,8995.157032,
15530.495898,15057.259482,18491.785141,12551.840487,6550.798555,10435.679921,6395.658428,5567.764703,
33191.453570,9770.938891,10614.738738,2768.392253,9556.841823,12162.719597,5103.169427,4825.184041,
16209.073419,17967.439816,23620.684092,5970.582076,9574.254332,13214.463390,7893.463711,7214.603899,
21998.496998,30192.565878,3826.766800,9271.731484,5133.212298,6556.436952,4932.342203,10201.339424,
18799.567893,16398.292310,34152.519710,16213.349112,5151.140605,7738.222898,6805.014839,6230.275079,
25773.567713,25853.683534,18876.205085,11025.517324,10140.444149,12342.193444,12441.418300,5627.891382,
13625.415250,20151.341079,17265.510922,15598.989823,6480.201439,9333.622230,9020.811422,5696.465498,
26793.651695,30315.464260,25242.717109,7051.075763,9758.231097,8993.042783,2162.787099,5724.376703,
9678.801246,9568.267121,23290.940240,5536.043552,1214.133218,18389.233607,6140.378050,6836.293485,
29428.108439,27357.311187,22142.873610,3471.608360,14319.376236,12493.554168,8418.620219,8499.097666,
13844.383868,28937.374270,11628.440449,3402.867133,12462.012619,15128.889595,4622.075517,4009.383385,
16648.398217,63927.043205,18675.643673,2128.525304,5597.740437,8581.839140,2563.297442,5609.753561,
16710.644840,15435.070462,29107.724830,7966.090409,12204.941569,21087.842055,5004.166344,9510.428133,
15767.590880,39550.725547,15327.279253,6212.497626,3087.277191,19750.888239,14003.001317,5980.097281,
7501.034183,15453.539294,30838.755706,2396.462725,17795.896638,8574.884819,18510.911661,5443.543396,
22190.744109,42921.914211,12107.005342,9559.159330,14895.885182,2712.050374,12337.311811,4256.117609,
13653.187282,17344.621848,19281.489202,9041.330507,5266.391247,14498.564933,5028.816070,3762.320727,
15145.708952,43486.165599,16503.945126,7288.369349,7871.164681,22746.049730,7460.982993,6779.264247,
11367.311111,33766.744213,8198.850072,4703.648262,14077.263862,17917.536854,6386.946370,5559.249232,
21630.338492,16372.505580,11183.012653,5117.778763,10946.783341,17799.470891,9143.393521,383.821605,
19632.671571,17843.258610,24022.911980,3750.229921,5867.392977,7629.882129,6585.195064,5742.010552,
26129.632979,20853.455621,17036.039005,14340.354919,9977.072104,11025.099689,6059.712656,8301.482375,
7588.917143,27211.041747,21061.842969,12599.048444,10194.635815,13579.024563,3542.823418,8588.287384,
27513.867997,30927.005084,14143.268156,8301.093039,7432.759467,6997.005591,6630.689780,5686.402257,
16282.936937,18490.309646,27816.883575,5908.045421,12991.667610,2486.884334,3365.474564,5377.587484,
35310.437852,8633.557593,14362.722650,12674.173984,3940.235065,5300.378440,3257.279676,4115.970908,
20583.272858,2683.926321,22283.050636,19628.328378,16249.081182,12919.870362,14661.577360,2864.109244,
22123.920876,15609.020158,26293.636845,12017.139481,17296.598563,10573.479083,20298.563361,9968.508466,
9902.141145,4076.792647,12787.134390,14325.973964,14886.815741,4648.179131,10288.238837,11409.906264,
25645.379651,5574.208979,27679.063048,4662.592384,10333.208999,14675.238326,13825.334739,5949.949643,
18786.676620,22130.585317,13568.822135,11285.046511,10109.277712,8760.857791,6269.715543,1864.924244,
12314.553188,29610.778766,16812.622070,16345.850441,17287.749222,3029.596334,6652.979013,2884.476239,
13807.119135,11159.829362,20806.324337,14558.448439,14578.681953,10745.230300,4473.033230,7888.963650,
9661.048482,33164.732538,17923.586682,12867.540980,4465.871659,10809.298146,15355.703855,7707.012315,
4471.935534,28448.656188,31157.316358,12818.311739,11158.994512,6293.026148,12273.718370,4707.531176,
18439.536719,39428.444668,11461.423969,7392.552708,9630.527356,19453.419065,8644.880402,6652.536160,
17407.417784,10160.016057,25289.014094,8857.451894,12632.251022,6651.627347,9877.059437,6802.677008,
16323.088251,39223.595353,7933.281091,2955.593993,7624.079182,20103.028888,2813.333376,7817.063998,
23121.762179,14272.663524,16213.741110,13330.581733,8771.455517,25156.132596,9691.299706,11466.860676,
26381.229107,30712.079836,4031.465949,12052.713360,15245.394713,8126.469570,17107.977919,11982.322401,
29693.075286,21361.106585,21276.811691,5197.645121,12962.001070,13777.954594,12728.811833,6662.665941,
25326.349023,47291.714232,22191.974886,18034.525384,11662.014811,6316.084100,13261.831075,1632.855631,
27310.945397,27373.913654,31942.302236,17922.640730,18167.700282,4445.877164,15001.473197,6727.164766,
37090.589312,18507.348192,35232.517120,12486.608235,6630.212135,10974.892327,7930.666456,7323.471292,
7450.536299,6365.033037,19561.430454,17642.272517,18011.468967,18059.556340,13433.105223,3751.260146,
22445.517657,39412.037358,22284.050338,14120.079637,24688.878412,21065.347947,3922.669601,2438.804038,
16964.414168,22985.530891,14168.385468,14986.245404,8884.650075,20325.102219,13477.187082,5041.142175,
15569.253146,32157.411766,13123.636208,16231.023289,4540.499896,7870.288412,6543.531456,7210.942696,
6652.883316,29270.335297,14163.609337,15958.399613,5695.672447,3773.649180,7480.981403,2305.588901,
15857.659405,42382.617750,18183.784806,3709.322902,8147.985337,9421.254576,3846.693082,9017.925384,
21831.261437,28210.648514,35957.780764,10149.069817,5759.686064,18847.069507,15459.200605,10394.427181,
28622.859173,9852.816874,23292.829263,5910.724879,18095.816377,16081.354364,7143.538787,5020.278388,
25280.169541,7620.650239,24374.622669,18944.269873,17321.534010,7442.698700,10014.109460,3226.810088,
22491.427711,9077.375126,7115.202592,10933.767973,12661.348785,9067.223325,5508.796739,5394.394243,
18305.353462,2870.687737,18165.080752,5791.575997,6739.930231,16127.513120,11756.344506,10225.677567,
24934.792326,10709.435675,21712.562262,14189.198289,10734.071565,15745.177941,13635.264616,12929.084273,
14966.417361,15862.441107,18025.461939,10634.017930,9705.631016,11523.583795,6597.088570,15557.423631,
19066.393142,25707.360911,7742.254329,6895.448262,2899.589177,12009.799385,2319.235073,13103.185464,
4612.894985,10656.164279,19016.183827,9289.559105,6501.927048,9954.094985,7783.829827,8053.847816,
22061.194592,35910.692905,22331.181189,11956.179554,9902.295727,7453.793055,5076.538464,9511.434627,
19518.286642,1461.491510,33031.078186,18285.045247,11114.095276,5756.305786,7763.401626,5419.528291,
18761.318872,42966.162936,3516.886685,2039.989804,4921.455382,2493.510997,6747.437964,6995.569117,
14699.415340,29692.977903,28002.509272,16414.652932,13928.416470,4134.092216,10849.092511,9006.023448,
29147.996279,6432.994284,26544.923418,7790.608334,9588.149960,8426.561768,17509.803941,3381.799157,
16342.936117,16475.537893,20325.961089,14226.922640,8308.463976,11536.468892,5234.965560,1874.544352,
24465.008445,25680.478029,22476.041061,6443.419903,11402.470940,12153.039123,6981.235301,6143.630183,
4060.942321,34620.124396,26148.670432,9623.430488,14298.947284,9563.888824,2835.323886,10888.752234,
19760.983731,34879.800716,5672.937095,9033.845221,13422.332204,2433.590056,7337.320281,11671.708242,
7699.703107,12866.777556,32467.530606,8260.530343,8056.389286,1960.727212,5986.363212,10451.103689,
15994.121504,35890.646891,17105.609997,11689.203107,9866.824887,13118.592772,5154.495895,8814.751394,
13914.101923,13828.840255,10807.778366,7976.397567,15181.225957,17157.598174,10902.090602,7756.342827,
17303.802530,39426.894734,7262.670460,4453.968159,9898.797320,9048.777877,12961.375821,3947.951981,
22376.485320,21230.509326,24983.812679,10801.561975,3400.223854,24281.366841,11942.600338,5392.760706,
25061.005139,34492.052452,15994.877139,8423.114777,9413.298293,19122.515831,953.637865,6813.617776,
7365.909787,15434.200435,7090.165001,9612.421730,11211.856549,7889.141039,11146.182499,2828.840565,
28860.133410,26529.326309,20915.982628,7244.488794,4394.298231,20809.481506,5644.338229,1057.947731,
14233.786192,20153.393489,22529.671714,14397.760531,13161.082906,9796.875048,6135.330828,2838.571421,
34286.591738,15743.815204,13456.789621,3828.605783,12563.734679,6942.730046,4988.173858,5191.611826,
27799.867884,18644.094936,24552.730495,13303.845163,1183.335722,7787.749982,6137.656331,7444.745426,
12923.190426,21037.160084,11369.511380,4135.012801,7051.544991,5202.146622,7131.359193,7954.931920,
10540.554648,12398.114313,35106.581431,18946.223695,12380.899290,12156.309089,4646.997951,8047.279121,
19699.255646,31067.711982,24454.505386,15399.842643,11068.014870,8025.823387,3293.969183,4822.119374,
7089.520663,2050.384605,20327.664433,10202.035719,2055.222769,4206.934251,6452.233598,942.038499,
19607.914143,30901.120313,16099.755369,2487.685342,13378.743639,14078.030458,3577.290732,1317.335359,
9641.180878,10418.591335,11919.367364,17710.325982,15071.945720,11334.721311,10416.301633,3806.806687,
11831.381511,22587.921468,25692.475406,16201.045835,6359.112104,1687.899130,10090.025433,3846.500102,
15959.860950,12059.490327,9239.190127,3637.590398,2715.633914,6756.858191,4219.029417,12031.291511,
21808.083082,41925.067825,21723.506761,14697.884480,12578.370285,5733.798962,11013.152404,15340.429771,
13143.946031,18610.010501,20889.392160,16619.376128,19113.123151,9563.474301,8683.223838,9075.883656,
23481.819836,36278.816373,14763.447596,10733.967263,7483.693377,20090.948661,10518.527127,6414.437717,
14288.141887,17506.510671,24519.258710,2373.069059,11445.820504,19020.141618,5343.886541,981.125950,
24833.580313,38746.197936,21367.018643,2902.166623,10772.417510,5981.123192,4791.403294,6729.436041,
15903.611205,32175.107117,16462.311815,2343.310008,5443.967323,6259.111152,4235.000776,7004.736338,
15602.753439,19658.793458,16881.772902,4638.146127,10307.765822,6108.813970,9422.861420,9769.562761,
20667.005723,22158.910405,27196.146014,7646.495963,6199.949090,4055.291185,1147.604934,10362.112674,
34544.435650,25999.846930,17494.273580,11632.417481,12187.598882,3313.700149,6551.901892,7501.897963,
11716.151290,24575.804091,13935.293566,13090.584126,12677.035044,6670.663789,1885.459998,4180.167136,
18090.696629,19188.466432,21129.902992,6897.736071,6795.436162,5580.868001,4320.631197,3961.847375,
16320.741115,1929.661691,29880.053965,16683.861291,11706.910411,10630.472054,5908.607572,7515.153582,
22179.917822,10261.479390,23331.425910,8936.862923,17738.813983,5586.080126,9048.502611,2062.193326,
13203.592984,14077.171419,35284.704317,4938.256632,4944.210201,6627.687835,6104.707884,8900.689177,
14607.939994,34153.962850,369.353253,4170.446940,9549.871696,10847.887172,7254.571478,9135.023447,
6862.205665,8646.277092,27602.762693,6567.185252,9455.787497,6643.703622,18526.783308,2500.225167,
9891.935210,20979.716332,4234.669079,9525.572428,5669.271787,9305.323858,16823.554286,2574.623662,
13916.317241,7451.077817,28746.998476,8146.359865,9021.360183,15713.365754,3130.136447,2332.987322,
24061.734677,30738.986851,16308.731323,9660.172221,2938.332041,18814.816623,17364.270178,781.134476,
19315.759850,21424.886863,20479.813068,5022.686042,11569.881027,9620.955614,9465.717050,1355.716117,
28431.337697,8873.987627,16675.824121,7715.961777,11303.153987,10412.262586,8975.384413,2918.139425,
15780.024195,15505.335978,10529.216484,10001.929391,14733.842031,13949.473169,12672.683451,5760.995134,
23295.621878,38615.419644,15628.248858,3443.526275,14701.732456,5325.846722,14272.274941,9903.753842,
10425.481174,31243.343335,28549.407860,10231.634892,5443.677979,16219.136037,5318.100056,11634.579771,
24171.446021,22099.800920,3780.802276,5535.823516,10357.977755,10911.054933,11354.713624,10053.631298,
19434.234120,12301.587339,33374.388875,13002.512028,1637.271977,5144.174478,16343.918534,6572.341679,
14145.908567,20324.923364,17719.073454,1032.093226,9215.275675,2912.568752,8723.921822,1820.823124,
13798.934925,26278.544637,22433.784927,14654.785248,1076.254419,11259.869562,2999.721863,5309.177616,
27031.663652,24791.748405,23909.307844,13633.369050,9549.297694,9480.995534,3692.828252,3662.630561,
24740.834697,6683.269098,22772.912788,8120.747150,5497.706151,12710.341109,5674.634674,5053.274940,
9584.635857,24566.038493,4249.403828,6317.294872,8002.415214,16585.760516,6530.808812,5073.294737,
10001.938343,4734.740832,19225.571592,7960.004302,6567.146668,10443.837177,5897.921721,8372.465037,

549220.000000,2027549.000000,1371198.000000,2926256.000000,1417780.000000,3768457.000000,2341144.000000,1527234.000000,
2621430.159605,4232165.731744,3985203.925044,2431540.138810,1371296.834537,2267134.747876,1514225.242340,1039800.370322,
2803214.871429,2827789.392258,3038436.675941,861454.937963,882983.576283,426724.558074,170894.016983,264699.715527,
1646665.779408,2684686.232853,1334734.246245,726925.771066,425873.176387,1234546.728156,448693.755766,284500.759100,
1814364.756417,2010627.850883,2270932.387438,586691.807470,1007054.489599,776371.700961,161626.697846,281347.796375,
666044.123783,2866457.535390,945703.988903,1053949.329816,2233080.355346,2703143.325636,858688.402205,306552.924785,
2876977.012099,4884981.509170,4306478.570174,2132764.022583,2513950.154059,3761150.293264,2110032.613079,421385.263555,
4122810.572658,4762632.987429,3974222.551973,1552120.720481,1586267.850899,3563597.380812,2527933.551328,678727.105405,
2469124.661650,3626499.043445,1486408.557468,348519.504949,1139325.835101,2269634.876916,1306866.618715,438704.820794,
662079.735929,1610090.819528,873519.255330,203273.854900,1405365.762542,775609.813173,409945.020440,86362.433705,
887374.138222,1692747.991797,174302.222506,329900.817733,1178255.327391,502541.465404,857872.187017,159458.456840,
806661.487792,124991.173253,690218.047441,274055.143364,561966.556109,519602.588703,337344.133801,49664.205100,
921423.445908,1586554.888179,376392.758168,71212.396948,575775.865026,368063.515713,357141.172167,202542.614342,
260307.077063,1062122.133885,564708.392283,100313.635022,572809.102380,287217.850541,448955.903532,170065.674602,
156378.363195,1142689.761065,683143.468972,59324.718531,512119.651977,237277.686710,363124.990712,87510.467521,
428433.415445,458578.187569,258749.542895,114844.446901,295755.543782,253005.935894,129540.723700,50113.964207,
386200.147496,717402.705822,434620.569268,182932.761704,206350.981860,257258.065083,430679.181761,43903.677417,
227865.565673,593357.032070,334659.983726,103009.209861,199071.269975,119917.901922,151676.004941,58812.135526,
440566.159994,617437.022824,306262.656891,127413.141537,205028.554907,178099.125694,231499.450031,64004.363121,
84260.457015,173050.911811,393156.987660,163580.400135,366025.145762,161903.497607,202340.978613,45160.650279,
184730.144000,547632.388097,133771.366382,25798.232531,114392.874083,87817.893451,144022.353805,27161.534831,
261005.026986,330630.285676,350654.782725,88349.192319,113459.518462,57642.611407,97744.008187,57083.353698,
337163.333901,196960.637239,284879.880340,98324.138105,62302.338804,129686.358001,124996.810779,41240.762370,
179994.622449,85184.412561,390365.049239,91894.127213,128843.516890,127657.774804,140215.257191,5263.346835,
337062.188249,363346.156661,194075.797195,50824.764358,138831.182180,70279.019063,100842.611947,3191.156071,
204618.886591,194757.087137,305648.516999,78542.851395,148060.000138,25512.746185,121172.405064,15025.391702,
331229.588990,271248.650531,157107.748360,64854.448872,88001.182152,56858.306221,49487.011127,7342.841496,
263735.199662,106880.906088,328892.592313,82712.639193,131040.170512,58991.080976,123783.491443,10476.403929,
340848.508135,146471.610350,139257.153317,21690.074704,115282.893653,16768.676838,39167.472545,8730.844398,
249972.654832,120632.158904,260364.050136,56805.201755,76482.864173,25503.122791,98220.775002,27081.370258,
274017.032201,314348.469971,215456.150313,44169.056975,84674.288419,27757.018082,66990.332068,14248.973608,
143694.950832,32288.611865,241787.770020,61933.258391,84475.680040,38363.423138,99761.646596,16573.343282,
234865.384579,228221.930426,135664.001851,53287.244115,96814.001029,37433.523880,68425.201701,17780.335676,
91718.182026,73066.336854,201029.363228,81081.982613,56059.891630,55757.152962,35018.036602,18106.887208,
188010.277614,248987.617046,95391.983220,13845.915829,58997.414283,20277.247069,40649.503656,18622.592305,
71571.142509,135509.308179,178012.352642,49659.394723,85986.988847,13785.123631,52210.445636,11147.902566,
128410.582548,312203.145307,109435.830863,41060.846606,57799.643645,12656.963168,56586.430876,11491.899109,
47178.903506,93926.324096,158416.478335,58198.641437,102863.645777,41097.277885,46566.259174,12635.300277,
141600.290336,291009.957189,59973.184000,18626.155036,58643.499246,10569.298035,58637.375910,8063.400478,
89314.739873,143041.636858,107765.916050,42108.296589,57643.280950,46448.048899,63347.826181,9267.011419,
156459.564312,293407.338715,103148.609566,30513.882355,68486.514722,22621.340194,54027.694669,11341.373586,
65776.498180,144050.403978,139538.783903,52779.791914,57289.405765,32104.928816,54431.453029,2074.298173,
155967.240842,279622.949558,110030.592039,39216.460517,55282.752764,27699.588702,60041.932662,5004.501355,
114591.436289,102786.932851,165482.368210,52978.288721,50108.967355,19228.886755,43784.661258,5016.418146,
188289.736314,271402.543270,97640.200959,18131.456908,56441.150932,26001.438460,46880.292332,8344.384789,
118650.216954,102706.375145,177276.583581,40626.229965,80860.158760,9020.189428,38950.764368,4652.274295,
189015.507172,233863.455457,101239.798856,29409.310346,56752.151612,13852.822408,42045.931520,4463.090468,
137888.458948,112439.761268,144339.056377,46286.087855,50039.872863,27544.542035,19312.597473,1150.078792,
167620.092834,225269.784953,121703.363362,22793.015751,41220.837367,22709.312810,43623.718931,1529.021889,
135314.459294,78844.093314,157886.503703,49875.260522,52060.428387,11591.027867,22506.610401,7454.606121,
162807.788345,175826.919451,113844.297214,27469.906515,53284.304473,28244.027001,45411.738720,5201.442213,
85607.522810,106275.139286,147443.934068,42927.707111,47473.459803,35896.762468,23646.468620,3670.787310,
131522.316160,119658.795152,104748.503808,24483.685835,53608.331854,18050.681885,24749.877419,7871.393064,
71354.984219,22972.624115,130280.665145,42813.167157,63379.460244,28618.252532,29838.671541,6758.080523,
96135.607957,144407.316655,62799.426994,18260.613072,37635.797751,42121.507597,30997.107965,1447.192964,
55814.769144,65331.891837,111360.377406,34306.197506,48217.780729,8573.372799,26340.400160,5043.026497,
102769.041906,82836.102337,53147.467847,15680.416893,36004.089362,20750.367667,29733.723759,4412.745543,
38258.777811,4873.447905,98560.341823,38721.452805,48082.666336,16120.366029,26845.522433,334.322327,
84653.987460,83377.718360,46150.963947,22722.071189,37072.406013,5227.144117,33605.020461,4215.619358,
38680.683826,33427.386771,85382.075075,31650.525941,40503.148410,17981.423141,32167.493775,8914.371135,
100345.978734,105415.109006,61222.301569,25469.037927,39728.719463,13800.631376,35618.681850,5277.736661,
69974.114646,48309.758889,102231.704904,34504.667285,43371.415426,13441.914928,18561.306791,2469.207415,
120642.372205,145775.336356,56029.665922,20745.292213,30648.475199,12978.387802,29980.952714,3369.333652,
65934.405185,63064.557314,105178.870400,39596.537661,39069.636470,18299.664255,14392.203827,620.032200,
123869.574625,137752.856302,78417.973930,18653.999175,36148.147850,18066.829112,32134.823300,315.408929,
94421.982306,70372.651078,107452.610463,32278.343742,43124.459233,10041.786525,28525.252170,1725.758716,
131377.593663,164286.419243,79262.455381,21852.055656,37873.374934,18991.306169,31841.426520,4289.669770,
94862.251703,68411.663413,122572.351964,32061.678307,48709.298046,10238.270265,30865.820040,7517.114160,
128721.820796,199716.142830,71322.111546,15778.930115,32450.208296,22802.618328,31566.337906,4243.322813,
81460.117101,87487.178744,116916.057263,34956.187728,39420.461960,4744.679184,24217.144757,1576.750257,
114707.059241,151329.689136,78675.665804,16525.347829,33935.797696,26501.660617,27250.623455,2720.600453,
64572.908495,72732.055869,114726.699642,29415.153066,39982.457353,17105.358463,19985.768931,3612.729318,
97814.685155,173227.514910,66097.245048,22206.354958,33661.229054,8839.420920,20945.553310,3705.358278,
43554.332057,59828.935137,95211.908605,38056.177348,37131.298379,12106.499851,19243.399519,2410.313576,
74832.322711,154112.744135,51840.869496,20653.183413,31244.862818,16761.041234,23872.150692,3892.013796,
38555.269098,87547.061255,79983.523331,29216.560849,39582.546347,7188.294005,25394.455541,6450.778650,
61958.396344,131131.792317,35076.674849,15944.676578,34426.988460,11600.749231,28497.445757,2933.792728,
23068.676272,52624.770947,75749.709766,33874.397722,28164.500709,6336.049387,23861.859591,6450.382464,
67300.037445,136336.267053,32122.234277,17308.062383,31403.280615,13006.735423,18815.369023,1837.659877,
36199.075003,59841.768171,67015.452842,30699.777742,30324.710114,7257.536695,25351.706193,7342.743733,
79360.687739,101088.008643,43318.755453,16293.348286,28013.726736,11958.349441,28024.877497,6393.462038,
57735.739011,62943.241076,71200.672730,28123.126391,34312.712469,13452.415235,24862.018512,5449.439839,
89046.470602,52503.063930,40030.716917,21585.590220,28341.673860,5184.932360,24253.249987,5304.729813,
62866.918329,12151.916380,86071.776244,26156.001981,25757.127014,10766.594985,16377.362493,3126.707845,
94385.660411,68372.796336,58165.278570,15044.669006,28276.669692,17500.129543,16803.839671,7348.655346,
73561.395487,28850.748847,87346.168041,22225.850751,35479.913343,5003.561728,20641.268974,5133.791890,
103764.547988,55406.905598,66484.332153,16798.598090,24032.817192,10042.845483,25193.645065,3272.330207,
68799.577092,16719.976229,95612.831669,20448.295115,28731.062079,9812.126777,17106.924595,6447.918522,
104533.530885,61782.466839,63444.158873,15096.637425,27744.311279,8278.872184,20270.616675,3434.516860,
63552.704821,35061.259857,87169.294330,26056.207057,30050.467400,9011.235909,16784.120140,2478.440754,
84774.543604,85764.678421,57158.546778,12849.348973,25948.248560,17711.238797,16827.046738,3388.672998,
47939.628043,27192.923250,85793.077896,27113.120220,36437.502825,6554.570729,17395.330276,1119.588023,
74106.406690,101361.654052,62844.698680,15159.283856,19804.932224,11767.419745,18373.446818,4005.806660,
40135.655551,52625.241622,76707.602505,25289.310695,32049.735844,9532.951858,23714.252155,3050.455808,
52453.427238,97176.734453,38728.969297,13861.796287,26271.542239,12707.780642,28426.908728,2844.703191,
20069.360736,75138.984646,55129.512091,28087.484459,29344.101018,8999.750807,11959.881139,2030.979527,
46348.494743,127332.704462,28782.119593,18275.165543,28516.811757,9405.274738,26025.821085,3890.431579,
20910.963288,40045.507634,53515.951278,25901.585497,22752.403145,2430.027856,15817.473274,4253.798655,
52984.311032,135595.788052,27799.285166,15730.067526,20610.637838,15210.433101,18835.092748,2785.672452,
32311.862252,78378.966237,44685.168815,23459.384303,29451.149090,9646.047189,20286.247147,4512.078757,
70761.384881,118853.177982,38483.747653,13436.170687,22344.746726,11603.765221,17533.159141,5944.581402,
49938.055615,68050.704561,66182.856699,30095.178410,23120.983461,10747.731066,18324.677575,4951.218206,
79660.689984,119465.347660,45984.723461,14847.588461,27086.449411,7766.389918,20614.623302,2293.092741,
59993.813687,36358.359901,71668.456170,29049.407135,21737.638971,10385.638126,20314.753306,3166.216353,
84289.741720,122354.246834,47550.971323,12462.834279,28665.621899,4574.723027,20856.508425,1845.363702,
63874.007616,67248.007349,68935.936867,24573.963029,28822.554948,10952.799405,9630.430195,1194.010801,
92286.450255,78593.387108,59693.259696,16150.806019,23502.502259,3946.823940,20939.531380,2816.673942,
56052.753961,22076.554353,58867.408496,32579.247067,21078.596461,4381.123582,15864.919083,2717.828400,
79467.286818,91718.782132,56626.964530,15135.832891,18986.108440,11149.634714,20246.843418,5026.151842,
46434.342556,27436.030293,83366.670802,19633.007497,22414.241799,2822.960942,20624.560113,4809.156947,
72262.561497,78232.595743,54882.910364,11463.049680,20058.011363,11600.957459,15523.928267,2096.322015,
41772.346487,39118.278119,73900.594015,24530.635968,22218.549544,4208.901823,11059.419532,7124.762336,
50659.713073,42466.590645,31550.675244,6429.904663,9948.649940,18336.023924,15988.694140,7339.837872,
19633.806685,24657.298037,62804.198789,28520.437915,26822.625861,17900.478312,21896.197101,4709.025912,
34219.607747,41491.840125,28313.160576,18016.777499,22509.419098,5080.189446,18922.495522,3684.153948,
19348.786004,30290.064286,51885.142737,25083.580809,19199.928178,11646.985592,13055.030179,4323.640106,
45190.705611,73809.760621,25364.653508,3224.326199,17747.736311,3404.739440,21968.648296,4999.118454,
14923.850441,7842.888708,39158.461587,25237.786523,21102.701037,9293.499088,10227.245494,3798.982787,
52897.015551,55441.863236,18654.467716,7362.248899,17226.634094,5215.470699,18735.448028,4502.919221,
37374.409705,30939.754335,52791.852592,18889.297926,27003.785826,14007.890611,13835.884038,7055.702993,
60305.044933,72780.040866,33810.780927,9003.152061,15885.927253,3830.017688,8512.800031,5647.985685,
46768.062395,33360.216710,51871.486330,29205.155201,17268.376555,10121.336305,9461.160206,3396.699366,
78575.968730,101339.150274,32335.430580,16137.263703,17258.609051,13483.285845,14776.212972,8411.626264,
54906.172567,32917.344525,59337.449184,22585.729311,26584.126952,3880.337515,20354.592401,9450.092680,
77656.091568,93753.336016,36645.470472,20780.211152,15773.373584,13249.641190,14620.250543,1968.742091,
53222.095885,52718.266766,71134.561115,16460.029972,19320.543212,12859.444616,13242.618778,6546.761573,
76125.833025,106960.625336,56183.106723,10149.135464,16608.161972,14890.531642,14179.535567,3484.145088,
47541.976965,37668.232652,65965.945676,19126.709739,23836.581701,7161.897682,22915.757165,5133.840481,
59407.321603,96648.755300,39017.707174,10548.486421,32628.467071,18769.024499,20118.337418,5172.054530,
35743.257938,59982.299744,60959.884412,15671.982712,12320.516605,24048.038603,9480.934910,2223.628668,
46700.446403,85767.077618,40369.003436,9324.360810,19883.734228,6733.573722,7241.487114,2278.554640,
29381.735629,72726.631069,62858.319462,20592.331905,22537.383718,12807.579583,15087.361009,5864.357355,
41852.452728,88960.701276,34419.506845,11405.847044,14729.776568,6396.034130,9100.332563,4293.228830,
9900.706967,32930.847206,43351.148786,20518.592407,23402.930209,17220.711712,22277.765491,1906.794847,
37812.465660,73932.896305,29367.483556,15884.242963,23999.271378,8321.859162,28826.994353,2747.448770,
13097.102697,42025.410310,41691.808361,18908.284493,15445.700121,5405.712486,7375.932152,2584.588384,
35397.732372,50209.006406,23959.237830,8788.257996,17821.649714,8141.160161,14499.982124,4025.213191,
17466.717055,19824.148003,36238.901789,11928.695364,35654.697798,2618.163318,10888.208374,5461.917045,
46491.972173,53852.433805,12422.594752,9853.881966,23876.942905,11190.645499,13052.813796,4138.177321,
44121.510326,20219.341754,44693.646342,10428.503790,15580.184651,11519.191620,12902.482043,9078.245364,
59528.594304,44920.258402,21724.113157,15186.276694,19302.417794,6397.171578,17055.128656,3236.637104,
38612.457458,14948.820185,37190.580904,11972.194203,10527.113220,14553.191228,10461.758352,6104.810006,
68199.223511,25930.746138,38312.474663,4973.056902,18657.161512,14897.572858,22277.038372,6207.409578,
57188.062014,9205.744609,63057.897040,15109.467883,14696.800390,22252.436021,15087.924948,8789.304019,
75446.669351,31138.574775,41470.652022,5152.026507,13775.983508,9191.894817,13105.859161,7481.485690,
46691.033122,38594.964974,67441.155324,11488.446134,27326.357059,2671.560405,26375.585092,2922.782461,
56052.377892,65962.476130,42810.226577,10692.664202,19946.073662,8617.952981,18440.685662,7147.006745,
43996.955905,13158.324294,64438.884640,16039.612146,18368.772895,18737.470342,7096.734358,4123.904729,
51655.839136,58858.357176,38828.910640,6546.107827,26029.781874,8125.177631,8040.608713,7600.337542,
32525.946710,24720.936711,53905.098120,16136.761981,6171.666860,14167.409412,3689.443193,3573.478689,
39547.394097,64264.102335,41823.279129,9640.938340,24187.301902,8668.018372,14964.866872,8835.513541,
13353.102574,36893.017289,39820.654041,5395.375056,23834.076177,10014.451098,15066.076277,6434.263912,
26800.971783,90322.931049,30713.982051,7424.306787,20391.588799,17591.441468,14948.870768,7523.226537,
3892.044365,39779.308984,36907.413339,16429.573325,21227.451551,14203.904496,15980.753921,5453.440237,
29539.748820,81885.519839,12715.162040,3824.094749,4897.286039,5545.735648,12773.634733,3020.145533,
20887.579898,47894.644437,36842.914022,13034.069905,17423.216844,5085.901400,13540.201161,4260.065363,
36556.673028,71862.024778,7923.680718,9285.389876,12700.381026,5053.008234,15571.730194,1875.536690,
29345.477333,39644.226695,37748.343339,17880.659828,23188.159979,2532.045170,13874.848588,8031.076394,
56369.681857,91844.469320,14314.271639,8732.154454,15167.501347,11652.555161,22422.402032,11285.654381,
42987.997866,48789.533170,44086.812135,9311.518375,13599.689149,9073.509097,15734.949084,10465.770389,
50024.104564,62037.510667,26498.478720,4990.284666,12366.248783,7189.863868,12454.405645,11037.327222,
41172.107782,48807.416763,39832.204244,9607.711339,20764.063052,9688.541741,16798.645942,6152.512248,
60908.642016,77920.594122,41516.383008,1629.490722,13984.871728,6357.291879,23142.124660,5914.765298,
49382.763255,25946.417855,51201.107508,14031.430553,15479.460208,15046.579606,18087.191150,7532.809249,
58617.298474,61434.923598,36602.973460,9193.329608,16155.165818,8144.023189,6746.404067,5463.321020,
36765.945157,31908.705719,50914.677888,11842.611813,13145.010508,7746.074605,19540.626758,9108.183421,
52810.824786,37271.563093,43243.109330,6825.656777,15202.286599,4616.589759,4501.155917,2673.008855,
38852.961526,15899.154556,67275.620144,14077.170619,18382.390406,4857.852123,15713.191419,3627.604455,
52885.779694,34797.035679,44693.475952,9623.082758,10156.959516,17668.757119,16361.204177,2925.920084,
22022.299913,18801.349408,42671.667736,12984.265139,15377.860409,18416.467656,17321.258566,2333.481809,
24326.902428,31790.902100,17514.954688,7719.377613,19536.135850,7727.337689,10430.877988,7072.740435,
10295.149623,17280.500971,36730.561342,9876.031976,10481.882578,7735.161866,13014.078110,9353.473933,
17303.305931,39627.559789,26224.613703,7393.018335,11832.143935,12230.007339,6049.532436,3869.466297,
12132.423920,19466.685503,25005.634913,7554.891283,10816.953993,11707.926386,13087.155159,6498.841457,
25579.490411,27349.890534,6447.074593,14739.654510,24159.690952,13014.812432,10893.028620,8112.264748,
24410.537604,22070.384106,25566.705273,8363.961297,16922.371689,27921.734541,9322.009995,6417.638807,
46567.808503,43249.995100,21961.344240,15273.162683,14411.985133,10521.243701,7832.986864,8038.757214,
39892.479304,23553.471750,43941.462680,12351.507543,10413.501379,14485.335697,15615.550355,7532.453466,
61584.013402,51228.795832,26559.563062,10237.278047,14943.066199,16018.532251,18384.027184,3909.482809,
42527.399658,31002.390718,33979.220854,17242.934932,17231.365053,13784.916497,7408.631088,2800.491551,
61055.224889,47986.150531,35490.734094,5822.781626,10550.565018,11006.875747,14243.794338,6061.722512,
41146.728748,49501.508088,43452.144127,25260.398261,20609.737480,2918.096912,17391.678738,10822.703070,
54970.539700,96772.666062,26236.059284,16412.622718,12346.548925,10408.982135,15426.023493,2653.859789,
40296.594250,41790.336363,52126.855494,13107.937125,13385.853166,7555.855895,5921.670450,6664.781864,
41996.249789,85481.320938,28256.451753,13026.863904,12681.308420,8007.104166,9467.238270,4199.140702,
37393.422754,46415.373809,41059.329204,3309.710149,8125.621067,13555.355948,12978.308658,4988.239018,
31172.851246,66014.677142,40699.427036,8339.675517,19351.974693,5055.337828,23393.960294,5842.877612,
27102.595987,40047.605972,47359.924375,3174.089724,14296.282010,15815.171062,3928.397870,7871.192506,
19050.820279,91526.424683,21399.109686,7106.429749,13473.001570,4440.137159,19416.618342,7429.403059,
9930.679726,46907.931136,33050.104859,4345.969095,16208.248003,12932.961261,9401.783748,4800.427671,
18379.789216,75372.294264,31603.954925,13526.864257,364.260964,9449.393066,7128.334010,10119.225895,
15215.974542,47811.671370,34334.004670,13836.018247,16311.657025,5901.349482,4125.597147,9961.908182,
22309.208201,47620.203955,18382.910670,3731.741575,20397.223389,9385.452403,17177.744940,8453.751747,
21164.510815,36265.459739,25271.445299,7983.093531,10865.114813,8752.869322,12381.157307,5219.402964,
35607.431606,30391.393224,14116.774933,10548.828209,14386.636402,7893.553986,6709.310556,2960.392669,
28423.318823,25719.918315,24835.692204,18773.582776,18221.993856,1771.654187,2742.228693,4346.428010,
44597.715966,18499.924989,15340.815582,6666.714932,9888.383657,4597.337304,8269.009394,3908.221575,
34938.290101,14675.344855,21700.212841,8294.121900,11841.949452,6760.535352,12693.711373,7806.285590,
47937.542057,14902.078391,37350.598980,1695.829788,4163.855491,13365.216965,16781.606296,7835.708682,
36761.582152,13310.135547,47856.839766,3976.630028,10419.925327,19724.462842,8364.917352,6138.666969,
48038.902622,19149.498014,20347.933731,13766.217732,21480.844036,20132.620029,11358.749487,4054.395499,
37341.950317,22852.876304,36216.816743,22628.099405,12586.794313,25324.142688,15264.176188,2848.452874,
45421.958146,49467.803978,28585.171023,9836.250091,15590.499704,14212.295243,6172.895581,10008.089322,
15858.478957,22685.435524,44923.047437,7400.190361,24572.186689,1937.463618,11360.734670,11732.909922,
49160.685669,15881.900158,39048.834549,8068.868401,10322.725776,4181.547164,2019.975379,5586.595189,
33884.678682,48077.401210,55710.184525,18444.245889,12460.376449,17817.805819,16695.712028,5858.367113,
28111.311692,59989.247439,34002.503648,10574.396253,13983.121038,16721.218764,15397.280315,6917.613342,
21815.027195,31942.703327,19108.120740,10053.689806,10963.697335,10107.377578,4432.378625,6832.061492,
15719.185451,63288.178423,21430.180028,8574.861580,8693.037987,11808.553112,11761.757701,2665.401957,
9376.331675,66320.927117,26898.275420,8820.399070,18956.577497,11775.778237,4803.231201,1665.604984,
14374.760970,71399.991588,19961.108072,4874.922361,10775.610733,9571.799714,12072.194402,2547.480627,
14862.384173,28046.349892,30086.798480,5703.609711,12743.303424,21617.397277,3964.633008,5385.665667,
35757.080461,63993.770619,19069.829534,12190.345040,4162.148683,19421.017326,18875.096525,3072.964774,
24840.944908,28444.081166,33086.068832,18960.637713,15317.306480,5063.327827,9365.607013,2553.811581,
35042.822776,70665.705274,18445.371377,8869.768745,5111.556003,6148.585205,9088.143816,4869.815468,
24121.974190,45684.390730,18188.700929,15477.824535,14990.677664,12142.873670,12379.537261,7727.671858,
33925.966099,69488.823218,20327.807551,11021.832083,7811.570087,5899.958805,12146.517743,10551.437771,
45411.578995,40711.584263,31892.813683,11801.445837,12648.666948,6656.719166,8355.659317,6221.699516,
47615.391148,42505.741127,17996.893602,3341.561413,16554.517019,5024.892074,14499.829978,6042.182825,
33491.164068,4348.765893,29215.890945,5784.067847,5519.248541,6251.547197,11250.854331,12642.244355,
44281.233898,54948.954826,29672.340094,11365.868623,17635.812625,7552.243851,12134.331091,6667.693677,
33693.321081,30936.663025,29179.849219,16904.688131,14843.746134,2219.804874,14542.181387,10507.415208,
30839.867751,27149.245115,33754.098147,3659.077441,12867.582041,3517.333165,5078.495554,12743.659262,
24980.272419,7079.999621,38172.384475,17540.193448,21912.998031,6721.598856,7256.333050,8764.227692,
36424.201274,36461.607840,36768.727914,8446.677585,18892.674072,655.335432,1277.792860,6758.519319,
21098.567596,28989.776572,41870.219917,7293.933040,4353.712777,8124.788075,2341.814876,5752.661122,
25184.186609,19849.545344,20310.501847,4048.085708,12826.561674,7329.030806,7487.579985,4912.428457,
8679.353720,15917.755365,40534.556700,16313.040396,15707.968803,12806.241758,13075.727493,3936.213052,
26237.558756,29102.601166,28179.999997,11845.673811,6670.417951,2250.768063,1391.406892,1831.211272,
6923.636308,26873.022758,9055.932068,5263.614804,6966.280649,24033.624902,17239.401035,1248.800806,
13201.373033,48037.626113,23304.891856,11899.924160,10587.727507,27811.211833,10182.051932,5819.991141,
13091.651600,10482.841437,25737.411847,3155.310391,12756.763216,10221.586251,15732.327185,12540.851457,
26721.713461,50596.978126,19935.558964,16161.452114,19915.179952,14208.790972,16091.096381,13137.474943,
27502.949545,21840.981907,33555.224993,18560.247361,11008.092898,6845.234076,6988.739345,11621.481233,
36505.113062,53298.832534,6095.279422,1112.185395,17858.397357,9709.429693,16317.753501,10413.256327,
36486.017099,35741.803439,23642.319118,12454.202936,27407.639486,6728.944022,7742.298908,5961.015480,
53403.200413,52856.427680,23460.997396,9341.458120,12655.135878,11306.348532,14499.770898,3790.064778,
39161.138339,29728.945847,40036.004956,17673.366283,18904.585821,7765.266921,13518.355225,4590.361785,
52967.792622,51423.773006,19001.086648,2642.657586,18505.652302,9676.461920,12243.277430,5417.846692,
32928.377629,44956.642189,25401.532082,17159.590903,5896.395652,18031.366554,4617.851928,3343.063298,
42885.548855,51375.711129,18892.879760,12405.543233,13626.407742,10588.551478,11042.983682,4367.535002,
28396.364020,43794.655661,35918.883903,2982.878752,20469.715972,8083.941565,4990.453162,10050.083208,
33410.684490,59918.355210,33107.693630,3888.363718,12644.683384,10885.970557,15343.456462,10698.601073,
15032.666736,36899.245944,35925.392042,5644.892804,12756.572150,17976.788082,4869.719604,4064.312237,
18074.121594,60328.852259,20116.736424,9071.217625,3230.408567,8842.932714,10256.391924,8127.389170,
8660.650527,34950.121749,52842.804182,4995.028372,13178.743058,6878.642613,14669.164009,7567.870576,
19547.670411,47923.783672,26602.022995,6282.596859,10492.287758,6424.349353,18885.239917,3012.407640,
6421.423766,20638.493059,27804.710254,10359.793922,8584.877443,6635.718471,6537.541029,2680.225581,
25472.555196,56394.425624,12358.152256,4486.085613,17667.498080,11681.318143,21151.648916,5552.951214,
19962.252742,22880.325265,28927.254683,7243.320576,20100.030106,6890.137071,17798.555703,6801.071134,
32784.446075,30783.833529,29811.306274,9154.632194,5823.633561,7240.932729,12475.371007,920.600958,
5796.423498,17417.241046,19944.908914,14444.196899,8137.790766,7707.286294,18202.801692,5156.435221,
31712.879854,19926.133574,5175.902047,7398.711173,12417.873314,6473.573654,16992.595779,6452.448441,
27415.038167,25195.649321,19830.686003,8489.929080,2997.461068,15814.178067,17755.663953,5144.109965,
42392.013032,28438.885838,18661.777187,8307.603561,21385.421272,12915.598085,20892.603741,2717.954998,
43579.280747,43610.743910,35592.795833,1454.443558,24901.993285,10372.217754,23969.418029,8004.639542,
46079.717751,47244.493065,17105.354308,6383.723835,3224.487556,11582.894155,5021.634196,11792.771091,
23549.179303,10085.410666,19364.140428,5427.641493,19003.156006,6064.696502,15550.981571,18878.629849,
42252.495338,32263.750372,35735.361769,6210.281236,7359.645048,6317.042812,8685.652933,12152.792649,
34945.849732,23861.579323,37469.586243,2352.061501,17906.948570,11398.637131,12728.418446,3056.530583,
39376.291407,54000.221293,32253.712457,12911.114772,12574.086041,14081.251113,9997.032099,5171.024692,
15497.697468,27731.220062,31947.625032,4809.541558,8659.489375,10728.465358,22191.663728,4892.612158,
21334.385966,64042.612346,26441.050860,15082.519047,10610.616887,6487.231501,17415.278982,8981.417373,
16937.200137,8340.893049,51767.753954,9022.285344,17618.521254,6598.788317,9199.706667,992.265631,
6734.806004,60101.576927,12415.811018,13991.763186,12376.992572,18035.924037,8402.978736,9014.869041,
13104.191662,35818.951711,31852.578069,14412.282274,7725.897365,16618.046736,12737.956242,12245.236923,
24733.021058,50006.414949,22836.427095,12533.814543,11415.821197,11253.411334,20262.058962,9994.472744,
15914.344413,41658.783804,19580.897955,21223.923976,10441.052323,18810.034895,8718.082296,7417.523726,
29734.439757,65978.555863,11810.644930,12885.494641,11243.461331,25143.414956,14166.314497,6585.591588,
13076.196553,43817.938052,21044.593739,14150.468226,15418.787598,24010.590986,4054.774470,4396.225093,
36479.246616,39669.615005,9439.213205,13824.301442,7795.705634,19030.393093,9358.377472,891.128697,
28421.154237,31905.315860,22740.611748,18975.821073,16812.166833,12258.029028,4246.405352,2672.476350,
25326.146134,50201.012030,15414.363281,2591.854578,18674.707432,8313.745959,14744.132359,1000.836684,
23572.630442,22656.832399,35654.280671,14393.181137,15372.352925,7711.412075,19913.865680,8386.668551,
39854.242464,30248.690785,16874.411373,5096.149351,10531.160416,8588.596767,14060.725689,11274.392979,
22290.015441,22938.330881,39921.399215,17278.979023,8163.734053,13746.691533,6779.470129,6943.258785,
41063.206121,31497.151602,10281.880339,8616.732067,11101.789002,13495.027053,8640.565103,2941.470035,
30848.403201,7193.321917,31669.818629,6019.808675,8538.862002,5764.156657,11180.477588,2215.690881,
25249.218231,37472.680993,31136.750165,8133.007144,8805.002063,7986.186841,16017.076964,4268.121433,
17529.528004,21920.948485,22325.299444,11831.927812,15835.728987,10531.087611,12472.984804,5378.647186,
17663.015827,29474.108703,19825.557414,10032.594943,6890.779032,9009.755360,6882.643023,12279.746560,
18719.947963,19707.928702,28562.087394,21720.970623,17806.434706,21094.861347,26230.057430,15881.018822,
23467.401427,9195.161317,18980.899370,15040.874846,17108.834885,14631.976477,21724.629150,15227.025194,
13257.713056,26918.557201,38812.459194,15006.728407,19850.950943,1908.599510,4151.508497,11669.420000,
23227.480502,29537.394775,19651.804371,7195.757673,15735.992864,13088.549969,14957.139338,3425.251549,
2798.445779,24912.049196,39057.891422,21099.226968,6915.781667,23348.534637,1710.919175,5004.894227,
29246.063966,40782.468314,21965.549214,12045.549540,10461.817299,16738.759795,12115.257724,5120.026557,
19586.521906,16146.205688,14658.000367,23990.295127,13686.470202,22222.846452,3320.735616,4346.193292,
18418.893306,68022.811329,19519.751603,15179.319061,10849.101037,20307.998304,18307.942762,4748.728870,
13139.055333,46136.862067,22356.428055,3703.221291,1872.567713,3886.663226,12982.407847,6193.353731,
16586.073663,19608.725571,10084.321536,3668.376889,15368.713190,2823.325420,7233.017100,4303.980515,
30304.284974,30623.430752,27834.376356,5965.520422,16434.053874,3041.591158,8890.235131,3946.098511,
35543.864229,54384.106561,14693.740862,5132.770927,4522.759940,728.741352,11530.041738,7754.408647,
13832.028652,52733.151814,23544.846482,13720.565458,15403.940569,14699.569759,11934.545895,6363.904476,
38022.099171,50384.078880,24626.179429,9508.258015,5305.566659,18710.850496,6157.615020,8494.332564,
48995.569806,22982.948524,52709.582005,16557.257167,15236.887484,8667.541775,7311.876096,14819.160810,
44424.707434,29269.079997,35753.966167,15811.730139,3384.823262,5949.955737,12799.696811,15058.751335,
21952.529027,34694.416516,24584.195346,6177.983665,18185.260323,12775.353329,8608.172038,6892.462132,
30228.791916,46518.574148,11105.639068,10704.271199,12901.844459,13963.958026,2209.353790,3695.128685,
22430.194927,25552.382683,25435.672880,13034.224815,7343.263641,14687.697908,2858.259882,4511.289903,
30432.657122,50877.843928,18961.515373,16371.033450,1925.392028,15711.173759,11630.442150,3722.440680,
15970.125606,21667.949419,30602.493792,20738.319395,14679.759299,17571.671634,16132.179510,3726.797080,
7445.771771,62240.011595,3770.695721,3182.629918,11135.129036,8856.958521,11146.346178,6667.194208,
22942.827298,34450.107529,35487.724506,11898.671234,10478.766874,14997.580061,16525.129023,5885.913632,
20941.029658,25262.024276,37973.513447,15363.262139,3218.677628,17219.714205,12118.142642,1019.286173,
13551.701128,11287.707819,27885.241273,23653.623052,10174.299018,9270.615878,7016.864679,4291.949534,
19427.448477,26726.238353,11153.025575,9199.206287,5059.956840,11048.110125,9188.745397,6440.709798,
17674.115627,18098.746649,12446.184886,21051.653671,15235.711750,2371.672018,12431.799432,7113.438917,
31210.254499,10685.578410,14258.759042,13097.281319,12969.759058,12498.945371,26371.622067,4961.311250,
29569.941054,34256.320433,38224.309436,6667.032966,9623.235789,6329.705767,13966.150615,4010.667026,
38531.380302,38717.399011,19032.127921,6898.232260,10450.130588,12745.182329,10383.700814,5601.588287,
27730.011784,13084.754557,18167.989468,14840.742332,12955.264700,13528.128433,5699.316893,2636.236632,
42798.717034,11713.169516,22749.572050,3664.365755,9604.602496,9331.048029,10182.880759,6139.122091,
14678.843892,35736.341580,6325.231160,13399.512402,6317.782181,11190.863140,12619.424377,8079.645100,
37364.367083,47119.506677,32283.267075,5973.628128,16210.672796,2009.331329,6892.976596,8092.358854,
10503.996767,13731.111279,28792.015430,12119.667562,11766.941476,11378.446805,9288.844566,16401.589949,
27008.190599,37789.235555,22390.784195,8108.464770,12884.356224,6177.508338,8142.777709,18045.714699,
30890.121774,31465.856140,33244.547174,8261.062982,10966.987000,21424.719610,6323.755032,10521.524885,
30680.366505,73960.717112,19371.176049,11180.769484,10598.963256,24245.228479,13576.908214,14614.388334,
2182.989049,32669.124254,31931.042687,11726.232197,25333.702397,8600.684716,30925.044421,14580.754098,
20715.201334,47222.098926,11422.428553,9925.656221,19454.887481,9203.060602,20180.674824,10544.092878,
9100.609610,11689.302710,26723.977573,9858.883906,530.375433,4710.026401,5086.130305,14159.904767,
20694.714091,47283.347203,10346.387743,8278.962959,19047.178663,13444.813065,8671.074701,4543.121462,
4131.734956,24060.517716,28143.445728,8794.450772,16940.689484,17507.486209,9640.517949,12152.990062,
20966.540631,49678.743350,8644.680254,7839.298079,6112.028225,10858.722670,13851.552068,15727.503667,
21193.953383,37750.854379,34891.074369,18714.297004,14178.281873,12457.603775,10951.924148,8344.420224,
38295.818609,33365.545133,25712.144311,17359.507800,6348.692335,19586.363217,17774.672677,5536.052738,
7847.789335,16598.577796,12864.302114,9382.789606,18555.958609,9334.234610,1033.417356,380.548484,
29633.816565,31580.596838,6443.305597,3294.736764,1620.250782,9099.788907,15124.174687,5842.146342,
18205.002806,16888.191241,20331.702343,17310.939136,16007.636060,5310.670465,3528.421854,10046.932327,
35521.254736,30364.969432,21492.837730,15543.006134,5537.346202,7894.403610,9302.094549,13755.373748,
16720.572195,15073.338040,27631.962145,6847.312778,14510.369630,4826.582754,1844.055477,11501.832871,
23608.395246,45429.526849,9020.292555,3027.485344,3729.666419,12083.089270,17283.536592,5403.234568,
14207.842812,34103.650712,36737.819935,4583.785930,24677.535586,7891.019163,11049.276239,3765.382117,
49543.562345,22462.820345,29913.628645,6274.506134,8228.028005,20586.032983,8116.711537,5011.005736,
32076.245668,26556.979550,33247.567512,8792.249400,29552.039375,24489.354227,13332.056095,1766.042894,
20471.431307,10349.797068,18513.411008,5406.288607,29775.921662,17328.228320,13769.637903,7343.234488,
24431.425058,16420.497054,33505.296373,8417.684989,5453.563172,23275.368427,7639.399668,10668.814855,
18335.633777,12928.600234,17529.308289,18863.548659,17963.197407,17987.868961,22609.520535,3609.514435,
9033.042152,46013.364875,24314.446902,11964.974692,14408.636972,2777.866549,26976.748142,6583.432104,
13068.179706,42520.417039,13268.762725,9280.599900,8307.370811,1028.293868,10558.175856,9133.032227,
3604.962652,23018.094877,19997.532314,11943.376791,6885.778157,9938.427582,11561.738812,4463.621533,
16345.865694,49224.219477,2002.396679,9358.492966,10555.462955,12628.691519,14809.500984,2254.343003,
3722.797153,15911.422203,21422.110036,16907.609871,12717.594849,8196.198603,16626.338410,8563.782793,
24186.510378,50708.619196,2505.835778,12108.229398,16927.199978,4830.685135,17252.170078,8379.738092,
21857.322218,16626.519995,20394.232173,23775.828020,13249.147039,16070.789143,14081.610313,1796.425421,
29318.073485,41686.329077,12486.847208,18220.732617,2710.295617,22541.450881,8595.984138,3132.959458,
31026.705346,9941.273401,29884.907431,23130.965458,17401.500911,15122.802386,9485.730144,3492.683985,
38982.994501,47293.962813,33580.116432,19468.745905,18694.270577,23757.333041,17157.003711,3629.529852,
27571.692065,25503.365964,39264.221249,10884.541001,2615.804506,18114.397424,8478.785905,6473.680785,
35727.723849,47390.825609,11852.965056,2273.403056,14590.097152,6388.009745,12677.054220,8901.856254,
18389.572461,25545.572578,29166.408542,7371.456176,16822.195322,13153.677585,4304.149792,3555.558401,
30232.745133,45564.321756,9835.911123,12228.286227,20215.609172,20631.438714,11721.081190,3131.985499,
18489.964166,27403.157843,27161.138769,16672.839141,22495.541335,17400.059814,12454.959508,2184.917477,
24275.819249,43573.011365,3323.799761,17848.314508,11107.957580,16262.031981,3293.975237,10585.656619,
10432.403230,36567.056310,31489.296981,22180.849089,10955.995841,20984.015463,13275.346623,9802.758773,
11887.933847,27094.911255,23465.945803,4175.738457,14922.841321,18909.346802,17009.159253,4466.213025,
8036.271157,33370.595627,29368.681668,18175.769302,11647.508760,11591.444682,6158.880325,6992.919501,
17205.664322,22518.904222,8411.468791,10192.300033,14428.870575,14699.889368,6195.862052,6867.726350,
6741.645261,20677.707056,23488.309022,10297.810599,1380.667758,18451.121067,3416.597785,6541.319311,
23922.003073,18777.910485,16956.533570,14782.616726,11957.239747,17490.795386,5641.865752,6254.378347,
17944.487464,17085.636721,33506.831634,17673.743572,18452.868544,4422.984909,11324.718326,8008.508553,
28196.647072,14637.340252,19195.665157,10336.239295,18214.401853,12504.618078,11502.653882,10317.302640,
8327.952616,26740.074939,16108.238547,8223.937382,5555.281318,6226.892651,10230.814871,9987.640616,
27616.849753,24347.185736,13578.809319,9175.042022,8342.671766,11051.814649,12957.496373,2907.393147,
24026.495373,11011.946898,21202.167333,6075.095290,12919.991572,8267.465862,7214.954874,4568.557105,
25446.040489,26137.780622,19277.753426,5788.144568,15617.410547,6262.382912,9405.835215,5838.329727,
15879.368489,12786.287945,15662.944857,13934.225153,15827.303326,11212.281952,4898.816242,5836.637753,
26012.128023,20298.282086,15077.044386,12711.690231,7153.587039,15318.282939,11478.101530,6777.004736,
21463.235101,21614.931718,28714.557591,7089.138423,4988.023322,10247.386198,4597.843560,6668.176563,
22785.272652,30457.813976,11113.105231,11559.205072,9544.202410,1973.363881,11463.802262,2983.529043,
15113.092311,14864.921052,21349.454372,15635.969241,25203.321325,3281.770710,9169.146313,4058.075069,
19243.318601,39192.489938,17979.647793,14438.461496,18171.149228,5253.748787,10376.751310,4438.185018,
30522.081048,6318.572771,45563.389268,12395.369742,10569.737062,10182.333099,8999.060627,8728.761346,
30749.871081,37430.627942,31895.965237,10024.435983,11549.424812,10470.281322,10301.548180,10899.824725,
575.886648,17478.640430,7007.678287,3431.597289,9781.117607,6725.720741,15745.950359,4692.934425,
16349.819300,33294.203669,6132.139045,5846.000241,17058.998740,6604.673119,22015.839855,5819.564423,
10170.667556,25283.427822,21424.565793,7669.523476,2615.979789,6070.300830,26674.865943,7714.802108,
31132.289328,38316.727821,19773.918265,4701.682640,14522.390098,17089.439964,14063.355684,4515.287143,
9692.227698,17283.554861,19195.649825,17072.197615,11679.464791,17115.881875,1772.025262,1732.052896,
13566.548120,37920.754878,8911.054415,9361.553024,10356.029242,7806.866577,3513.483679,7411.258473,
19694.431344,23518.146903,33720.327913,9574.890984,14844.688763,8134.725713,10317.550054,9382.544096,
36085.359930,38245.131766,15053.153033,12591.626714,21738.344190,5737.774934,6460.178271,5247.610850,
8866.728329,21459.664611,23948.669001,2254.347362,7082.916129,1043.213322,7540.730336,5757.812758,
24930.948155,45718.773616,17129.957703,8578.707492,11694.931920,4032.586930,2351.644436,11181.829186,
16855.590855,25718.034623,27572.897873,5849.383566,7481.913707,4378.829759,13280.140419,12029.870860,
43754.300492,15117.037315,25486.512962,3256.676888,10933.898284,13759.498757,4905.787383,10997.242660,
25758.537239,18983.361546,5690.330479,4528.000961,19414.387288,19214.711935,14546.949476,10757.386241,
16512.880254,15404.477116,7724.895050,14142.328772,11929.570748,24333.023218,12001.882131,4156.742489,
20084.311458,4634.204950,14783.331699,14215.890331,5779.185805,15368.651702,13815.679347,3983.429806,
26229.362342,17063.239162,27833.603374,8823.240317,20485.226254,4417.674654,22664.886348,4875.343561,
17286.817260,9188.701733,36442.021821,8052.474518,16583.895155,6993.656362,4968.753107,1130.189769,
18605.084098,11903.860410,18579.940741,8456.216286,3172.485662,11222.115818,8073.585014,4561.226059,
7316.094137,15539.366469,28557.376041,15889.268106,11877.691788,22527.460064,2998.310264,6004.687086,
16697.031478,18527.310730,18367.602070,10464.527343,10072.746122,24713.968279,14605.165653,6388.654139,
13007.684100,20413.418480,23351.085863,14592.741569,10725.522608,18857.669512,12991.510341,3726.904634,
14959.909626,28546.387728,16447.308444,9119.687522,7022.938541,9689.628014,15438.767503,3449.849798,
13725.344702,20169.897157,13684.620589,7709.610279,12837.615830,16064.320256,9781.471877,7023.150379,
16442.478376,35989.744047,24058.961362,2372.962788,7419.040998,10410.024074,4710.365556,2821.663038,
14312.751286,12295.001894,14163.708585,10718.753484,16456.098362,9686.392088,11340.277300,12093.959266,
21876.311580,40566.752222,8902.265604,10443.468262,22206.492521,17442.051460,22615.765145,13707.826293,
14581.031497,22203.289104,19407.046573,5268.069191,7703.760911,27229.237508,11600.118615,9903.094823,
34940.592494,38825.668114,12111.449584,3871.046760,9722.678487,24507.260117,5374.541107,10333.082394,
17953.664231,10142.451083,24273.570970,3575.040316,12508.259372,13425.485473,5743.541433,5150.602170,
20769.518052,45638.088771,10877.711342,11776.745181,7561.553996,10868.806335,7594.811658,1697.333923,
17402.532956,18927.866982,34726.461074,17575.769737,9081.156256,2105.401210,16398.422681,2870.065483,
33847.357335,40596.265848,20137.791642,11603.925713,7477.129288,7009.735793,18369.667676,4923.580737,
25172.956248,17369.612496,20613.131734,15842.229186,9686.316652,5576.465506,8275.766877,3247.173978,
13938.980384,39258.567753,22566.309945,16803.012943,10729.720009,181.931136,12957.965096,5772.403804,
9322.165354,22291.875053,14395.135920,9624.990888,20638.558294,6367.441894,8243.142922,8440.175771,
16853.462769,41979.257392,29228.461116,19983.803125,18452.847057,9795.910321,8024.856638,8115.920844,
12802.558201,28870.880377,18503.716119,13801.571009,13208.923077,2560.847344,1495.783852,10364.485123,
21919.368914,30763.623014,18188.891611,7163.411111,20770.100510,19985.802007,10076.555404,13324.286643,
24415.777589,16554.195455,15901.821005,4010.764911,13005.425375,20561.617770,4488.113025,13530.975688,
16740.693314,24702.747809,10874.179642,15387.353866,14875.876089,5243.857217,10738.939396,12186.206865,
5019.556747,12236.249867,25829.684282,18218.428396,11881.210369,13411.335117,11538.957155,7221.442729,
21096.419742,12102.566484,10847.643771,8556.940998,7041.508520,8980.133868,7137.886556,6661.736191,
15299.963596,5317.186632,16358.640587,25236.500525,10071.161202,2792.217687,10110.732679,7466.884553,
20802.914743,19282.963467,15933.890645,10540.184733,14760.499622,6215.065566,2295.473982,2138.620204,
9611.453626,6135.790365,23165.347801,16249.642599,10422.129743,3720.555484,8148.781534,7170.097753,
26782.223861,12264.020397,14006.088321,22586.593781,5580.842398,9340.285791,2063.180412,5864.752719,
19592.031018,21901.924052,11833.959278,11777.984047,14474.565793,12729.660976,12265.398375,1305.639579,
26212.074688,34055.260551,15872.095771,6305.093358,8199.743310,12991.461906,16035.398144,4145.939110,
22430.221566,6085.745805,11240.794034,15952.522585,5011.231599,20522.717379,5495.517647,10204.607926,
21872.399937,31291.751253,27927.547080,12107.295662,12481.146586,33224.362320,4770.034325,11364.986985,
12672.206791,15513.418089,28401.670038,8534.055217,8899.049725,35198.767953,4064.938976,10144.286086,
23248.396968,19678.363348,18716.560195,12928.255125,4594.486525,25806.167259,7038.642387,6796.179937,
21975.685099,24395.103858,41757.548481,6178.152759,10887.240039,16436.429186,1908.994953,644.171948,
13894.630250,40348.756595,21118.816337,5937.990923,5532.287504,8184.451773,9172.230245,3974.485925,
19124.619318,25450.540100,19950.826883,6551.073957,3653.788611,7534.554771,5785.758962,3422.261003,
11257.443619,46320.846388,13015.719419,3273.399458,2109.375621,16555.135629,1785.620535,8255.685937,
11843.654021,17335.521552,15160.349467,8792.098375,8419.497719,18712.011537,9606.413899,7432.124430,
13741.955533,56079.371202,23319.157526,4841.363145,16996.404802,15198.770954,17436.362559,3699.796408,
14620.018371,13084.929818,20212.933457,9756.112103,16519.696384,5384.759324,9264.013108,4234.293758,
18818.702670,39387.220985,7981.131520,8411.645793,2700.649956,10218.803263,4693.133585,3420.074483,
15652.752112,11723.787332,18324.525215,4395.787365,15214.614260,9328.642365,1368.878044,2366.693863,
20045.637156,36596.420087,17022.763968,76.891199,15811.737423,26207.440143,8831.796608,7412.604973,
11328.821444,15348.484330,10266.943247,4615.518144,7164.442559,24723.390069,5187.263865,8032.839015,
26879.582451,33351.959487,13780.039645,15118.411111,6772.160729,23138.045004,8994.276503,9809.560731,
13167.756442,21986.675228,23964.757155,16452.173675,8950.421095,27524.996148,3478.612629,8481.237927,
34533.770770,16071.086119,14628.188558,6304.155145,1652.429720,15706.051665,13017.512049,2980.680857,
21889.870124,7795.118507,25297.370826,16029.087947,7452.853231,7894.758666,14464.595339,5174.860150,
22210.728602,21763.847532,19365.149849,8295.282492,9275.717629,8191.052778,16851.135582,4972.211466,
8541.991218,15501.508924,21780.725507,15723.339316,3689.656731,20164.457854,16534.983222,1248.255384,
34781.844760,4209.319031,29822.434186,8239.102185,7300.028650,11694.385056,7861.552421,1942.290573,
18936.165320,13725.644903,10591.717867,10265.404228,10072.360146,10344.585352,11234.803978,6933.435358,
20553.534962,25106.293358,30294.079698,14618.708984,2860.407078,7700.701095,5053.416216,12222.676286,
16454.575227,7831.802270,30769.395354,14515.850579,10282.404138,4476.884269,17733.144549,13030.028632,
13357.707634,23628.817428,6632.510078,13686.020611,9287.536925,5314.926958,10128.117590,8755.178124,
5238.491797,25148.633352,17544.647129,2704.268586,11163.311088,8244.131575,6211.397661,1872.053735,
16342.413816,22833.377700,14932.421075,10186.468818,6426.664555,11648.742580,7431.955332,10527.915321,
4999.980224,29890.002897,25370.538176,15664.615636,11148.568616,15441.185687,4902.762967,5685.514109,
27878.858138,39886.751564,10023.246690,10100.482364,3207.091430,15759.601613,5007.091511,9332.044329,
10895.810626,12002.823417,22792.906777,16115.401045,12175.654057,18664.099704,3872.922607,14907.951324,
25173.295409,38257.456605,2280.500876,19852.869332,9256.331289,27113.605848,3142.719989,4421.918726,
22924.127296,9387.055662,28354.455901,14525.145650,11433.925498,21359.524782,8355.525007,7983.788840,
19419.870353,43225.660365,19525.181483,3645.139114,7463.234763,10736.014661,8899.991870,7805.480590,
25368.984593,17228.682366,19519.087421,12152.391811,16851.983474,9999.170214,12500.745210,2044.868668,
31456.762457,40592.406949,23899.953419,6626.484327,16180.779325,14955.294990,16858.079836,3932.874283,
18377.194140,8627.178019,19396.551999,10680.732562,8048.706536,8617.218498,1545.587554,9512.959693,
21743.840831,50153.896194,6519.012606,6626.964344,9023.142701,2749.800093,17186.357694,9800.258659,
22029.784253,19553.073084,19641.204504,9409.316999,4934.992206,9383.362574,6782.062925,3449.364844,
18153.004497,32215.109609,23356.720731,11415.669225,13407.310074,16227.761462,14711.356962,2388.183690,
12688.861170,16774.432247,11066.260019,3813.805117,15954.651794,7593.737181,15291.424478,1866.085689,
12142.123641,26310.840168,23209.217200,5642.806949,15911.298264,11173.584868,1987.599713,3792.381296,
6383.544147,12268.678938,19900.468537,5285.419445,3898.467400,20282.078356,6549.082212,3770.751802,
13609.426021,27765.298541,13227.858758,10166.611343,11213.909257,16144.019828,5185.375944,4570.486913,
13992.317182,22172.239716,30261.319956,12655.269444,11973.643678,12990.437729,13200.972919,5836.003291,
9099.543721,8128.589855,10401.505005,11473.672350,15670.810873,19626.876550,4582.031466,8445.813489,
14786.950605,9171.981024,25146.815840,23471.770358,6407.089859,13999.726405,9493.118316,10706.419269,
24274.394724,12783.192959,19397.945602,24626.761998,16279.920020,9886.878395,8098.478747,11375.569227,
30122.398161,9517.123252,5771.150083,13869.605633,12082.016190,10766.232596,8475.529631,10063.817535,
26627.992219,31308.635535,12498.627251,3062.692630,10167.818975,9757.812594,11948.150392,7096.806459,
15845.594041,23508.055735,21567.147083,12520.405701,13348.131896,19262.895695,12417.768866,5702.849855,
26729.101985,23878.233540,26849.677381,14607.014848,5861.228788,8120.082217,24941.911499,6313.039869,
10087.100868,24779.769519,17523.841426,954.567628,19749.929437,8115.729922,12456.100476,3563.416717,
22632.799595,37676.350467,8869.389634,9853.295971,13546.458561,8423.214588,8386.602692,6253.280861,
13541.926067,22694.683833,19608.586313,6175.178236,5773.147434,3787.898232,10314.144179,9258.973180,
26943.112110,42095.520604,16645.793288,16680.713238,4995.718417,9497.667556,10700.910657,4475.092411,
14213.958764,9225.571874,23740.930466,16008.790766,13467.977487,3854.027455,16511.982650,3811.286186,
9837.115979,35624.168053,11899.886422,17120.070950,5166.745945,6073.488226,16655.867722,6325.519555,
10523.316653,19517.589143,28519.277568,23667.338503,8949.265396,12063.765564,8908.824573,4838.644054,
21197.792321,24947.251160,20600.067079,11267.696508,4966.679335,23996.146427,4494.564097,5217.844929,
14065.830374,9953.722354,9622.915194,12562.529123,8122.608093,28262.597124,8068.394581,5877.336713,
16503.137922,28946.408613,20964.604585,8665.433655,6424.471746,23067.651301,2945.751367,1365.783718,
15986.035548,22690.055478,20689.004530,16223.352996,9557.315914,13688.220553,8368.063332,9037.700826,
19592.286238,21020.273964,22944.535416,19498.106572,10882.646690,9261.990586,7362.523631,13329.809513,
16587.795387,13968.312090,12618.793423,20332.850255,3399.115758,7454.535663,8034.845922,8333.487896,
21138.509062,19100.138582,15034.652043,12520.727924,13474.262711,6861.533652,16320.657260,11631.543886,
20072.003697,4481.320501,17457.931842,13332.037487,14188.123613,5622.428877,8931.316541,10980.858417,
14825.969284,23664.822627,16708.591608,17035.812781,10623.548653,17397.819136,9540.696183,1892.795431,
10147.736185,13997.026496,30773.632015,8279.538753,797.412634,33036.756025,7277.996584,7440.096722,
11016.588885,20267.757408,5644.993350,7643.940528,9036.790308,25532.858974,15588.320991,6323.494651,
23049.294633,2734.870044,30749.682249,7953.865824,13791.188399,11311.613901,5779.866863,6486.102665,
26276.861107,15978.361624,22885.476944,10222.550808,12216.861686,12944.404497,19126.845548,11005.243583,
15010.625950,16100.275709,22341.134450,11118.795538,12598.190078,3296.670080,18317.301614,11138.825443,
35421.665215,26472.603642,16736.859993,10708.037875,4033.701549,8880.645475,2378.720873,7073.399320,
18471.831247,17353.898891,6385.898831,12656.390661,15183.670967,17135.989338,9249.144377,1361.890240,
13807.101241,34701.583557,19625.222854,20053.229301,17658.589723,28593.635064,6619.539166,5275.507066,
9642.965655,12297.070071,21261.526007,24384.139205,3157.078509,25850.412175,11691.185950,539.486808,
12685.329444,37432.919282,4794.221696,20511.309051,9792.215697,27234.726405,14149.877526,6788.977182,
12954.807027,16243.338627,12949.572001,18732.641734,5902.852721,35541.697667,19191.555626,5297.645228,
14591.051971,43561.681900,20490.207089,16375.499296,6866.090575,21733.291557,8144.648692,6871.099264,
13952.396104,22689.557311,33188.638869,10257.148995,7818.087871,15693.398491,5105.444989,10287.498079,
26457.376844,39501.879332,21606.775515,19697.003946,8308.965139,13002.215778,5845.539518,6224.340733,
14142.129661,14147.775041,22109.017648,17638.838346,3179.286059,12932.367874,12518.042720,7763.784438,
20839.305611,26376.738830,7248.060075,20178.269471,8055.161682,16312.950804,4594.251115,5510.811269,
18776.233319,16674.534485,25826.889532,20571.411118,4911.412916,10814.465069,10883.523646,5459.934732,
24007.517155,16715.405852,15196.782743,19582.488781,9261.096644,7187.165348,6366.780116,5850.644307,
14912.206210,3471.519180,15862.853970,6288.085202,4061.281194,638.668967,1728.054116,7260.851345,
19679.832786,21893.797392,5709.173420,16156.973983,9327.039645,10941.796824,2305.394455,7529.844296,
9534.551379,4507.805581,23583.470942,20140.821469,4339.173171,13473.926595,6087.228991,5248.248804,

203041.000000,1870899.000000,1388149.000000,2921302.000000,1436869.000000,3794039.000000,2500876.000000,1578419.000000,
2178371.889786,3610964.096395,3477011.718348,2336940.579445,1284597.682201,2382798.575132,1694414.679664,1088589.223221,
2280701.711630,2274581.351500,2965896.881044,798930.079538,759007.005535,405023.388461,294783.494205,209317.569318,
1602174.537540,2928198.307079,1754614.953131,879908.789268,445139.620695,1117363.517972,234787.419655,202350.852571,
1907978.801949,1882941.172220,2224233.246888,553974.645773,971275.782673,768587.717395,103926.068177,263465.002395,
528910.511628,3027351.366909,772141.087649,1138204.128199,2177633.377318,2685949.383873,993730.890601,340926.369176,
2896897.381626,4854888.418074,4095424.027920,2212972.201172,2523944.191245,3770394.425317,2401932.809571,495816.340430,
4013892.982887,4604445.500759,4018780.988626,1614380.909765,1679369.736183,3552616.193231,2699385.111928,688284.935085,
2174529.883027,3652201.204831,1474808.136405,381428.067533,1277957.873406,2298261.695528,1276832.117099,434997.412417,
869911.178486,1625428.501964,717651.458222,228193.324778,1635770.548770,922819.377581,660434.970498,138857.458879,
1054851.905459,1603066.554621,77342.984157,421867.313989,1361333.602167,660503.498132,950161.395488,159423.449865,
922854.370445,122228.431163,819653.672880,360865.680067,604949.346349,598052.684585,424187.243523,77517.623768,
1122290.824832,1621944.006489,513351.574651,113311.500941,522112.367785,324914.421911,371804.976873,196460.002398,
303206.124623,1034516.137764,528154.874046,135324.998489,551498.213595,291921.759312,383909.213255,136958.796521,
178726.642451,999045.207547,686260.486030,66872.036058,534908.463663,266224.373874,354837.980468,59718.072141,
381135.845092,470719.720523,239571.243530,169086.369520,301605.973688,236091.856980,143323.251923,42034.680744,
455751.104479,737205.522940,380783.969352,189361.933896,206417.170503,203709.820525,465317.010316,50534.087174,
138932.269303,467354.456408,335744.783416,99992.769771,195462.280818,28258.113700,181853.494641,69229.088645,
383337.575641,614875.463189,288883.147463,142615.430296,185242.792559,185680.487738,231648.683854,75790.726783,
42747.620798,241301.242360,394369.063545,168426.532936,345865.258339,170823.928946,231642.063942,58559.315571,
185740.664322,520073.430989,140533.620613,37790.768190,113300.746520,68032.550831,165529.688742,33348.871038,
216375.254941,273475.998749,342832.256335,115182.222076,97165.572046,25913.432388,108992.031739,67387.229497,
294191.256427,302913.832256,232625.311075,103399.662021,61086.292858,78495.790106,90854.661133,63371.877416,
175215.268918,61630.309013,384350.904519,102696.795111,116336.216988,77110.053903,112387.860088,25231.949051,
298340.170105,364932.965200,186706.992879,60445.832016,121088.071003,50040.085107,124344.401495,6940.468138,
196158.291486,222888.426864,322390.748519,99559.800667,155744.845751,16357.142443,123087.292099,18036.893376,
331848.526704,247300.805030,137226.148100,54705.413167,103655.733015,60790.127147,37661.402703,11963.480125,
261790.623544,87992.815870,349127.418113,96790.773314,116977.384844,78323.260250,107465.048609,7624.652778,
355535.021614,156930.346078,129631.488133,22499.867725,111370.107036,32902.794982,43603.292829,9166.455192,
267763.996967,106378.989948,282554.576568,74009.391702,78273.943119,16992.366438,82420.430149,26231.483576,
305658.141285,305667.190909,216054.460983,51290.437710,63779.794929,21718.246660,83419.671142,20713.487025,
163016.174794,38103.653160,267668.795225,74204.459582,87255.064630,24171.694200,101183.418850,10007.740804,
283437.212059,227274.810444,139181.956401,60275.813549,95089.357501,24228.730319,56794.447280,17383.627848,
112177.747286,88506.239619,211338.122182,95094.902485,62031.453176,32685.218051,38190.412647,23423.278510,
223816.648937,236785.375140,101715.926470,17938.158596,54684.395982,19058.850222,46214.640761,20677.876345,
108910.773436,131187.957378,199244.564292,66375.115479,85622.581692,18518.486286,57781.633663,11737.398979,
152513.316796,330332.863119,110095.263420,49993.905168,53946.972868,10796.621176,66065.780714,18046.620812,
30737.156125,74253.457659,158236.947134,66774.237293,102376.802049,30482.456838,53926.609168,15499.518347,
131095.478025,266768.343707,59786.847070,27748.531163,53040.031348,17737.990768,42059.110308,16683.433641,
68939.915710,173884.547926,116541.184821,53305.827061,60098.113144,36327.633966,69368.141188,622.965940,
139959.730116,317630.944218,92982.377505,41103.972191,64529.716191,13321.185880,49991.380241,14728.300154,
44941.652016,111083.134771,139692.865406,58624.059464,57735.423004,34682.529418,45365.699730,10544.222011,
138031.854254,282358.943853,86454.317589,43778.436667,45816.035967,29740.210670,54196.834290,932.236735,
93993.128948,125044.697183,155808.510237,55155.253219,46413.067778,8426.221710,42365.354997,6812.319183,
171339.506878,239754.914378,81896.386986,31928.768469,61086.393931,16730.678579,46210.694025,8677.102889,
86865.720550,85859.780970,172694.974079,50696.824178,73399.435740,13110.629660,39841.600068,11260.221687,
167926.869169,273157.281206,91586.107873,29002.494244,54457.971060,2200.802420,44755.143387,9576.024190,
132843.518810,121049.248748,145308.548492,48452.955326,44193.230134,24499.616726,29309.090466,2139.692882,
180027.998852,203166.583680,106714.718343,33518.616386,38949.507669,17696.188585,33864.721193,3483.659444,
135889.921466,81451.305506,159133.946774,55224.753982,53266.076832,14161.884893,25245.249970,5523.449453,
178561.983853,176170.227385,109384.575248,28544.903724,50482.052732,18376.659150,43610.794338,7603.965678,
99412.325761,80934.819484,166171.420475,55367.267208,48855.263696,29883.065952,24951.137756,3570.803934,
160061.641645,145315.470250,109254.302244,25731.351584,50021.772808,20925.397880,23464.695268,9801.482460,
92837.056487,53309.923747,150260.867525,42733.264970,57891.382521,16492.609851,28966.601430,8188.459657,
130968.224774,121545.976684,79075.157798,24501.636770,33676.303105,25317.360316,38525.180079,7919.850463,
78705.052804,48826.044092,123791.536207,44075.629185,41793.685447,6298.741316,27835.671661,2930.491833,
131864.123179,82842.975300,59802.658509,26520.303946,30966.938475,16859.811848,28941.256239,4846.929160,
50573.380808,3810.787399,108750.694134,51527.423806,46142.211325,5518.620045,22473.146861,513.530103,
93913.218291,100636.168623,50499.055835,30438.843010,40585.674628,7783.683388,34638.357769,5234.528369,
21112.930639,24869.583356,81657.893962,40110.195374,41456.937379,19579.002705,28100.389971,3467.651162,
83657.973254,101555.393465,57403.346451,26743.553872,35871.757846,16687.891226,32226.434996,7042.658956,
36904.777538,38970.397675,102876.078693,41218.456434,44953.123689,11346.726326,25848.812132,5854.495686,
93566.908012,117218.969555,38089.282122,23652.769705,30102.815906,17471.262914,30435.832625,1494.625750,
39881.771773,64213.727033,90434.048006,45191.898947,36377.041841,14987.268598,20593.115363,984.736146,
92687.729141,144494.188431,60642.338494,23839.756264,35391.911273,18584.318037,34377.333148,312.578604,
77654.908441,46881.956545,101939.025041,41134.801718,39639.435359,6333.561102,26133.014417,3322.331414,
120717.008777,156559.200578,62868.491741,26585.111407,37750.034666,18964.356033,38531.384148,4580.320618,
85467.522198,87268.279179,115845.185762,44157.996919,43783.453780,1527.893224,32390.585856,1095.918339,
128210.930938,170536.600740,80959.493636,21646.161197,27961.855925,17835.204659,29704.249417,4071.660766,
82535.163384,72226.086532,123720.730265,40650.942795,40932.641404,4479.992576,25674.994657,4047.104151,
132332.462793,194381.478920,77103.230494,20986.915057,32646.251184,15816.617758,29787.492409,2022.352730,
79480.136351,75643.666715,119728.422647,39045.093585,41274.410504,12264.909385,18219.522732,2716.153627,
127524.005311,153414.348040,70545.421092,22405.645267,33740.195907,7621.938497,27018.431053,240.472786,
72770.574064,81581.109516,108292.095551,41934.315242,35971.481464,8926.353326,19979.826975,3765.624988,
109717.167771,155664.149785,63441.330543,20927.911482,29300.157847,14268.927378,19013.083626,1530.886659,
60736.757281,49066.269175,90523.451926,39277.891264,37025.998848,3724.696590,27062.238779,4921.072527,
91968.547241,154024.012300,53012.120218,22256.563386,28625.912536,9806.356824,27301.911039,4370.177007,
42244.156080,65198.492492,92392.313089,38278.993851,26940.682556,5697.395599,22104.086031,3332.301716,
71482.159225,128103.184997,34247.341791,20899.956930,30177.109295,8755.258402,24819.972436,6113.565862,
21289.570286,56767.683784,68026.511260,35995.978235,30350.152206,8628.000893,21377.576716,873.802944,
57607.502177,110464.165779,31367.623644,19758.664513,32080.608869,9073.407427,33724.774782,3804.752638,
22398.375616,38347.160182,63657.072403,32195.467906,31486.416288,2015.927126,23887.507529,818.837115,
63864.777633,93563.486051,28242.042146,17514.670571,26830.597355,11786.462291,21457.835847,3200.294158,
32670.206932,41579.652673,76650.900694,34608.724730,32597.699776,12309.490471,21978.542790,4366.541142,
71914.396997,63154.377293,46492.640976,18892.611571,25233.882822,4421.332294,19835.454533,6866.441709,
52092.177029,19517.158271,73846.104205,33152.432443,29292.131196,10550.136128,24490.998723,5435.537169,
86685.902940,59678.887799,54892.998342,15458.898067,25852.343004,10749.426489,28055.027656,2836.381031,
63439.942744,27574.407642,90298.795457,30774.458948,27425.296179,5699.297506,14089.041635,2836.229766,
98248.347513,87206.799073,56518.789758,16593.733619,27980.607956,14852.537044,16561.227116,5624.649229,
76242.759926,11030.486006,96588.663339,26812.626143,28362.816778,8103.809740,18114.334490,4041.534716,
106255.062706,75620.343684,57544.841700,16710.113375,22912.086087,18306.467607,17584.488402,1274.422463,
70532.532708,33112.484835,102021.673642,32996.621435,24960.513411,7546.226759,15527.360334,1343.204841,
103635.166122,83313.877492,64876.428002,20516.277464,26415.278613,10827.018444,19473.790340,1743.441628,
64330.049315,52463.412566,83069.184660,30260.398347,26251.430021,8268.322575,15680.413095,2987.218122,
90791.407181,124602.775610,49532.119007,11347.569008,18964.564377,6299.418667,21538.837425,4056.306298,
45932.256760,44912.336484,74618.554095,29029.739772,32279.088918,3963.468985,21842.666306,5295.336984,
68909.803989,96374.873469,46829.581603,13791.023193,15818.758483,12789.103389,22889.727937,3802.270133,
42724.599724,61545.983141,58001.566262,24088.206359,28506.220271,12740.423272,15122.942676,2675.613786,
52019.160961,136460.663984,32373.013415,17688.368525,29747.391181,4553.922082,24815.336942,6953.989474,
19363.104499,51585.975138,60443.412882,32719.352299,24022.227023,3477.252166,13530.738688,2612.961232,
41451.521873,129381.196658,20575.639186,14985.079341,21304.115673,14936.112153,20943.891836,6805.468647,
13874.550516,65503.550712,51118.771425,27227.938825,30097.953755,10620.108497,18408.992684,8596.327665,
46072.868647,108939.438095,24998.864112,11795.155315,22147.522372,6692.647900,25603.832022,4235.941013,
33332.955352,63872.808680,52928.903619,23480.484816,21426.192419,9180.163818,14592.507704,3107.502788,
62542.596720,109640.340587,35191.895132,14405.413207,27281.181465,6604.184306,16565.501495,514.818975,
43676.243385,41685.034109,60920.261273,26928.991080,24619.264795,15909.969327,14633.705906,2626.746332,
74754.702817,99591.825714,54886.237584,21429.343639,29356.720875,10557.683743,13919.323645,5067.686521,
63348.696679,54030.051483,72449.669995,23410.014358,19761.122470,4225.363056,15506.878942,3752.638918,
84609.076619,72748.644556,50194.317030,11721.585329,14304.184727,7954.076119,15348.162134,2631.482422,
52014.573995,36008.389763,87410.626727,27801.714350,24998.871897,3819.262459,20582.638616,5593.938847,
84640.787543,73019.645911,47640.123551,12520.350634,23700.764630,10425.757959,15182.219428,4002.473902,
60675.260546,26632.859615,72627.658857,18205.413839,23294.258366,13166.888470,24441.540707,129.660338,
78402.824143,56417.739010,49047.967380,9610.008329,28754.278852,1803.442378,27600.558691,4661.634181,
50244.724332,27840.936561,73047.519698,22271.741938,19121.893711,3256.044629,18671.148203,5871.742326,
78512.119325,25419.847699,42779.237092,13947.203340,20267.772098,3632.560610,16667.079990,2836.093339,
44347.675235,19330.698987,57896.129880,25903.264777,20057.670898,5199.601936,15397.915151,2013.405652,
63486.799814,46435.425997,41931.422921,11266.752361,19720.203229,2491.769543,17163.711386,4747.232716,
29628.557179,25219.615919,55523.367987,29590.672897,24393.035717,1981.899412,18570.891756,6247.269611,
44076.617349,61642.511953,24229.488454,10766.678732,16256.598132,8311.133302,22803.557007,4233.842077,
19134.179523,25858.695173,45757.615682,18273.305309,22050.291857,8638.628958,7779.360570,1579.112352,
29900.363429,64001.861426,11870.332897,16493.248333,20449.564880,9923.568684,13102.687480,4715.623068,
20521.465508,30932.365872,49950.545964,21671.982325,25932.734701,13114.538712,9782.747735,7099.031400,
36945.221668,81139.252609,27743.044673,11109.032885,13872.278433,5294.226157,18182.833724,6167.406172,
25712.770455,30347.393388,46089.257340,24278.170305,22027.358807,11719.693481,18949.111955,4038.571208,
53429.159625,97462.916555,28259.108176,12769.923170,17047.017893,7258.932483,15979.096527,5461.679484,
35948.824000,52221.753347,49190.576744,25503.452941,17698.563669,8914.972785,2811.734768,6439.773609,
68662.449086,104337.473688,42877.897427,15656.111841,8498.060772,1357.828408,13306.377497,4626.432081,
48953.995959,42489.488424,64892.491335,19564.894810,17073.749561,3755.680214,20205.573802,2298.992576,
71550.792468,111314.681914,41640.881076,5929.377679,13457.737587,6383.269973,17790.959881,7022.399059,
50689.782181,40881.797425,73288.787464,21621.449265,19542.881365,13667.205796,8970.596073,4802.707055,
74321.691574,110053.745147,34374.365464,4660.796745,25451.069394,6319.731021,20673.264546,3988.523952,
47517.395135,79519.362532,63588.850435,19134.326862,14959.972355,1310.723612,4735.370017,7261.954117,
81429.783568,90119.828929,39348.871688,1208.605543,16103.335776,5147.780114,17775.169285,2162.839502,
45395.610552,43884.684733,67491.295308,23015.473203,16899.524154,7875.283957,14257.471059,4290.389074,
67121.852444,79490.381087,28414.155626,10138.428215,16559.269893,3762.569932,12793.906998,1784.380324,
40325.201524,38445.696439,64384.553677,16974.344847,23033.167333,13640.844077,18622.414432,5781.950884,
51634.200204,64936.531330,32956.447237,7609.571387,20476.483188,8682.359066,11666.305623,9842.149560,
29312.429794,43010.164037,60255.340283,18928.954862,16399.324926,9428.986138,15941.907228,10212.709091,
40217.905618,47667.855410,30836.048480,17220.676641,25558.005014,6202.127999,14782.855597,4686.301593,
11203.901804,27136.676956,34066.071027,6974.898968,18308.250870,3108.022777,2335.829109,6228.765500,
24758.400533,59839.359270,5605.576685,8948.990895,14548.679943,5220.410267,11226.496399,6270.920514,
14851.055787,35743.587033,38935.338664,14237.050033,19541.946719,3206.999104,16183.649134,2558.923029,
39301.408027,15440.993364,18813.553802,16537.440772,10292.161643,4498.027671,14484.824626,9613.442201,
19210.293690,22242.217980,31494.161526,27067.125957,16344.945774,13574.392455,11797.578862,8501.325504,
46313.835598,31933.308227,31104.858701,6217.881167,21061.790984,12122.802683,14986.023025,1973.457216,
37144.198180,29288.453575,55150.251070,18834.585307,24804.710779,385.979431,12857.415991,7219.224021,
60786.840733,47124.663443,35911.335015,9320.483720,8601.766093,10500.366802,9468.232520,8991.967152,
43388.542361,25878.442293,61955.320157,21730.554775,21348.522376,9449.906372,17299.434457,10765.016709,
56863.250631,64604.955058,32827.968123,7447.419198,22319.616504,9088.561862,17279.151425,6284.945447,
46682.571742,49652.962054,51656.043080,14329.261515,16817.276999,12826.656100,4314.256427,5740.238775,
75264.694053,66111.294424,37540.788431,11176.345608,18447.176366,7620.487971,16868.500749,5025.487237,
52787.482032,43981.068875,66548.668497,8835.604835,6894.046056,8160.900623,15125.133189,2634.901251,
67062.244455,91295.975948,50671.688509,11428.321357,21921.363104,12055.284765,14316.108416,5605.488018,
33683.916497,41121.148647,45966.760397,15680.670762,26571.991577,6959.307078,12049.884485,9244.689612,
60433.799951,80011.778471,40708.124685,18385.823698,10586.568385,11567.152663,11764.077686,4097.292407,
31142.350156,32106.125135,61977.190353,23434.010200,15075.756008,21773.592445,14945.283937,5894.098144,
46791.233805,82237.990215,18873.059084,6897.529636,26046.949768,16714.227091,22522.007508,6875.305895,
17146.701882,46033.846801,43257.993264,15805.103172,13451.589438,8983.411493,15803.982235,2713.984798,
35466.024242,93564.388786,18438.837682,2309.826350,16990.482434,12218.494700,7038.463750,1576.640061,
10524.726625,42443.667341,23627.832060,10972.162452,29253.990600,22525.533739,17231.850949,987.878859,
27928.010914,80955.204728,7966.634954,7380.684813,12658.472471,10181.331859,9227.817723,7027.715417,
10124.292563,45769.512159,41163.495264,17683.977932,17655.552782,10905.101539,10038.680364,10736.339190,
32726.921971,76453.080528,25529.014512,10841.254562,22371.398996,6835.502848,14096.303039,8193.061892,
19678.253720,36137.284955,27107.230002,20255.305470,10006.450035,9151.163230,12298.309609,7620.696145,
48545.420584,65415.355672,41389.949295,8200.609350,9376.849338,9151.539172,9055.582378,7569.585659,
32463.030878,28022.016150,58947.212949,17622.690536,17630.824931,6368.592581,13863.483213,13234.702165,
51770.795326,48597.064578,19693.239505,9698.785934,26555.198792,4676.588975,16859.909490,10720.330312,
40089.852972,25978.021597,49480.998844,4342.241880,21094.035281,12560.532695,11148.705516,6005.424979,
61960.257042,44827.896571,38276.856697,10548.288383,4858.367593,20958.662115,14566.843491,9378.661176,
36656.956711,33179.933778,46928.946397,18047.437788,18270.135062,12562.518978,6940.559886,9077.517296,
63049.651616,26557.443071,44455.124800,10466.966418,12829.620690,7511.682193,14030.964450,9944.133089,
38415.548868,24795.617038,43394.369879,11769.866104,21721.683834,2600.556511,19199.056017,3497.527418,
67233.520273,15648.152920,39027.368138,4739.982092,7832.509062,10138.707264,15983.031752,8930.030724,
48050.279297,35340.647411,57252.130949,14874.700928,14195.026570,11449.224267,1778.188435,7899.258608,
57243.998218,49768.003085,26302.000618,5690.571784,15740.872519,12131.431735,12960.956493,5402.628590,
24281.345841,18659.386783,21530.080991,10281.078849,5955.289190,21941.925889,9837.917396,8370.685681,
34541.575182,50051.686784,24954.328956,4284.262604,13124.863725,13778.389853,11647.480880,3260.489352,
10742.488423,15456.958252,43823.804328,8632.308708,17208.213086,3270.069807,6329.045973,1415.729769,
37418.241882,43021.158900,23210.069790,9623.376539,11101.589103,7721.542610,10885.825651,5883.648141,
13311.829395,41184.254294,27917.962246,19030.317599,16539.903258,8899.769390,15988.500355,12252.939217,
19957.941395,74206.716140,12395.767933,10421.400683,15718.746755,12370.787813,7098.392141,10875.829929,
15697.326050,31827.311101,31270.399434,18234.199387,2756.788759,17628.042471,7439.597579,4698.314867,
43481.251776,77273.655524,20740.996715,4908.406577,18511.960623,10339.360308,13786.005445,1499.578211,
17127.311570,38515.143753,35821.160645,18291.850344,26236.206754,934.695187,18378.002283,3933.622869,
41103.014799,73020.628814,20552.063895,10321.067839,21883.648102,6666.520152,13963.808143,2581.938619,
37338.777648,28738.932877,41641.206503,8872.829559,7500.483017,14129.016046,1443.731703,2325.977081,
49590.200563,75304.167411,26631.247172,4865.398395,11324.468742,11217.809737,8707.882864,6467.191053,
33214.234932,40369.469804,41846.468557,12860.410864,12874.943312,6350.755039,19246.212501,8456.349948,
45202.454098,83974.865298,29656.579784,13801.811620,20206.487701,9393.196871,19988.763326,9758.748929,
30436.841906,57396.708055,47608.247722,7003.245320,13892.614340,24377.229978,16869.436834,15126.974659,
59020.316654,64871.046227,36189.061729,8596.752287,21040.418988,18319.822427,19381.806120,14283.536852,
34995.825813,34378.669432,56627.851442,9455.473741,18024.949793,14097.426369,16193.176355,9683.386758,
49384.574776,54314.672767,26109.682400,12318.569068,13230.691707,15573.537843,8851.307634,6951.375659,
26349.317293,17835.277013,32137.763031,22877.941857,19458.706447,4367.830682,17800.328385,1688.852056,
41996.760136,54395.359812,20065.675503,14852.694557,12356.708298,5468.156590,19227.139353,5799.201223,
27464.976950,43189.971760,48500.353118,16100.508637,4165.272876,8803.981060,2930.202654,9292.370485,
47612.812535,27873.421202,27752.697368,9140.146086,17945.255767,7331.825955,12422.590351,4231.100266,
20184.198925,18366.300094,25319.694064,6612.976200,20831.531556,1662.661596,6860.001987,5557.404380,
30432.222904,20503.366766,14706.508662,12241.460420,10562.924500,2357.879879,10378.587486,8240.926810,
15295.103653,36695.546539,38854.345684,17830.013890,13989.722760,3041.205425,11833.942676,1845.322186,
13035.892416,37354.336487,5215.580040,16308.947948,10234.977644,7704.192824,8044.412541,4895.462326,
7992.146451,14592.291009,44278.418105,24222.129358,15376.521997,16443.064370,5338.459444,6140.450276,
22075.744462,40183.258476,13377.377553,3911.331476,7359.499630,9240.446397,3391.767033,4737.919488,
21942.914104,8409.439314,28728.559564,17789.259728,14835.138390,10491.522199,13040.437113,4038.248816,
48111.756147,33395.178559,25419.648323,14518.240313,7379.567429,12146.714659,11220.899128,3634.472085,
24119.856299,22200.674909,35983.309439,16197.420934,15295.810635,3849.864581,9142.399584,3652.967119,
46893.990008,52836.929690,19540.372824,17978.195705,6126.432629,9976.920806,11947.196607,6345.517070,
27247.221807,40391.158560,46857.387381,25069.844278,7262.189538,7452.694653,9827.409142,8678.123106,
45394.001584,67185.786276,33272.516468,12183.742080,13099.793540,13825.689181,17281.488370,6559.926788,
42163.240963,37664.442671,55944.690103,13913.919611,23671.307719,6065.120779,15306.255013,5693.388989,
46247.836621,71268.796636,28894.631121,16710.137471,12096.720087,9819.723549,20627.300258,7251.306716,
37438.194044,23209.211217,34726.591601,13829.728077,9575.232093,5905.547055,1936.470691,8809.128660,
53321.043308,55877.399383,31057.602418,3813.408912,3467.681232,7468.933588,17208.352046,3807.205441,
29636.110265,39646.220358,26852.432949,9300.682531,8526.880301,8226.814681,3182.395556,6496.855266,
45192.368322,76722.918930,31096.212237,14581.921437,12982.565738,6639.089222,19144.609582,10189.856342,
30303.630527,42112.698063,28440.425741,12855.561882,14902.830364,12272.991479,13072.785432,4230.715966,
36596.950592,81441.700268,16576.450190,6655.966403,6082.107775,9436.549227,4678.033415,3869.690265,
14254.196171,44815.894992,32666.224084,12026.768320,16535.500101,3277.430425,7620.251597,6119.465363,
25722.249188,49500.587118,15374.194977,1128.133233,11083.950347,6473.882078,8795.218865,9997.877814,
16210.382604,22867.154073,27261.125438,8796.650599,8391.403745,6671.768794,5194.345273,12474.269509,
5194.501266,45198.666629,7131.655899,11985.677697,10828.437035,9095.053320,6129.563075,6985.614279,
10665.345241,46607.775479,30234.091127,15434.022364,4796.517239,16105.940192,3476.912667,5870.628004,
28272.448850,68428.045246,9697.860581,1745.071563,8467.383298,12867.803837,14583.391227,12769.440060,
29378.894631,42771.775368,48442.308439,14035.849215,8266.926982,2836.493020,12093.787649,11740.692340,
31515.972045,19892.886924,28615.631906,6463.729772,8455.702187,6357.202482,12434.457866,6566.849753,
35245.056627,20454.264565,27140.210080,6923.789049,19329.761689,9631.951901,18085.776182,5114.189449,
51755.616454,18007.242699,28552.464878,7641.255659,13479.285589,1786.724616,10693.460327,12228.297999,
43261.312238,38962.794088,28104.626965,10407.589005,13816.717467,15405.040074,10895.995475,14029.230837,
42647.958171,35377.505406,34238.986172,8342.283876,7798.613132,13523.617852,16905.219039,7515.681341,
33594.094436,12466.540783,42171.112286,8172.151875,11444.860641,16277.681538,6541.178524,3213.912655,
52836.055078,29361.454646,21322.672379,9512.585021,18601.997051,20134.950218,14301.037173,10156.204351,
28493.336432,14743.112739,45873.008881,16052.569746,18350.936086,23544.364848,9628.509430,9532.085358,
44466.095097,34973.550621,25660.657143,4983.898959,6507.152311,23210.529983,8351.935603,4424.370896,
22172.395870,43234.894074,34984.996258,11997.502404,10203.654514,9567.127420,6034.452540,3394.942694,
35752.510368,78290.488486,12533.955077,7333.959706,13542.295997,21539.226573,7141.260550,5450.165651,
20150.601045,34851.862041,29150.450779,13905.061080,19852.439584,21047.744779,11379.957763,4354.634185,
35268.350611,44830.933868,24682.481209,14718.278981,14054.304043,21741.437629,21110.855200,1703.005513,
10307.376034,28502.334090,14593.198793,20394.864099,7434.694454,14058.615611,12959.372337,1584.390997,
25262.020040,61046.453275,39208.054019,5854.263580,18251.907059,3078.197202,18555.570780,4271.477895,
10262.007034,48352.684906,27786.999794,11720.349368,16528.472466,2747.914507,6372.525445,9026.252374,
15906.234180,64775.691151,15207.347758,12487.713425,2339.348365,12979.682098,15499.600365,10168.759659,
6989.037596,49477.937134,32721.720071,7529.784492,11913.157007,12686.839255,10907.806968,7881.382600,
15534.611897,73826.539869,17490.092489,10855.381940,2675.287480,7656.033211,16318.417882,8654.402803,
30576.918260,29271.221237,21709.686352,19657.242756,17474.746802,4324.851328,23927.134448,8724.006037,
43560.105643,69248.576675,21479.072405,6058.666325,15193.097030,2013.093533,8445.763720,5341.213565,
33192.116563,31513.024607,38465.302029,8637.777956,8032.928839,7251.362027,7484.592409,2902.260417,
47008.047734,49774.725411,28133.325794,11810.512166,14384.744633,15617.537682,4536.098658,5403.373370,
31198.910584,25211.760736,33089.340657,14036.808887,10876.294319,13248.366309,13486.626966,9098.844577,
51831.860456,44153.334476,36158.372187,6906.568379,14945.666112,4593.959751,2784.130364,5679.897421,
34212.597757,38606.299718,41642.343453,16796.395099,20572.346456,9477.609061,17120.604880,4035.975360,
44215.760801,14509.759219,16006.808752,6041.161890,8335.645661,9044.661950,8073.823878,5004.952791,
28187.669890,8460.991545,27094.325835,8432.235984,8885.186813,10430.731438,14618.861576,7873.265739,
34201.564074,36844.433896,10075.574248,9270.812623,15929.352612,10490.666113,16793.798268,7920.737998,
15374.005243,29598.111766,31058.289915,16170.648197,14339.851984,10332.016119,7335.140204,4370.605889,
38232.835036,6981.845629,15271.135670,3764.186193,5257.003976,6701.254731,8294.588635,1125.595124,
10663.090011,4902.525984,30293.286769,18002.247430,14986.545367,1511.511267,8668.733195,6721.618239,
25872.163130,10689.488154,22562.944511,10907.845617,13161.525785,5901.873686,12005.091087,9591.756513,
6317.111317,28015.751915,45952.956231,13384.540068,14707.989539,8580.417071,7162.375821,4626.722058,
32787.688071,44534.648941,19919.165207,9210.695092,15849.056676,11852.153675,19636.205469,7128.468893,
11452.739074,22382.320065,13801.809936,15742.199522,11625.532870,9138.411416,7309.719574,5826.813406,
13982.305673,15239.501210,9818.047021,6692.593557,8365.215352,8249.371551,14423.264671,8649.590163,
9415.744912,31935.511977,23939.464779,14467.504818,22053.854473,15734.495729,19927.524120,6478.936624,
28226.970161,58662.577587,22399.358552,7765.210060,14668.004755,18210.519222,15691.523381,6747.949874,
8694.968039,35894.004819,28841.004549,1020.434688,8202.939970,9736.907682,3251.194945,10849.849153,
39895.618497,39845.594645,16404.930513,8719.774874,17524.800262,6633.770883,15863.628722,10302.821133,
23998.405872,34442.923373,36784.861631,17168.367950,13778.368670,13402.309649,9994.947743,3524.604297,
43944.495044,58454.999620,18648.768548,12256.011650,17773.147933,6715.679775,10553.877242,9092.517336,
48433.202247,25774.886432,27543.616214,12120.565984,19570.444413,3467.299819,19382.167626,12626.584487,
48044.951005,57371.352633,13581.624599,4903.408839,760.289541,2706.626997,7242.759427,5910.956838,
40286.049846,14092.190847,40619.680163,17111.656621,16486.760570,4887.951058,6751.817568,4373.333212,
53540.771847,58689.034129,32085.905469,9826.096815,17170.346098,14063.397061,3496.250011,1410.414863,
32992.638943,37333.980503,37190.086089,10889.869553,9572.291347,19873.545319,13560.881264,3188.566577,
37506.860564,55492.349357,22938.991122,5213.917638,15433.051229,13423.332744,11582.514161,894.501876,
17458.522255,41609.260516,23285.092232,9856.366435,30468.614919,3139.054888,8079.473426,2934.000267,
28442.454447,51495.227650,18071.651443,5162.858494,14015.106981,6593.623680,9720.916640,4907.995486,
10471.859666,26382.563168,32649.520601,3676.755261,9346.364260,5012.553855,4796.789493,10286.487565,
16234.551938,41615.248726,8061.312202,7466.548213,6017.906956,928.992818,10526.155622,4699.594657,
2121.792944,39544.945970,15759.503630,11496.765865,7909.997352,7879.995533,13021.425274,7929.903617,
22288.892671,13083.846370,19181.883806,13551.276777,6540.630374,11726.830111,17887.930768,6403.432443,
5383.884972,24127.448820,34271.398530,18511.587706,4464.647380,7734.527812,5226.348295,4660.968638,
26776.419421,41177.949903,16705.893623,4042.615806,3525.628189,3076.001684,9125.102695,11441.141229,
16909.019875,41773.234027,47531.205754,20763.910784,11320.054203,8029.145394,8205.352653,10985.334437,
22262.558230,13026.298494,12404.623847,11089.235440,1374.865719,8213.850501,2234.181739,15444.854253,
17897.840727,10160.843201,25711.133060,9779.710909,9790.159986,4924.062743,17727.180858,16447.267683,
39620.803464,16012.247978,15425.467390,4419.732612,6986.543352,10119.061512,20530.276532,5232.360792,
15961.060700,15534.861892,27373.408285,10587.996869,19988.680666,5563.382414,13211.064160,6207.841528,
49715.560412,25652.862919,19303.782096,10212.734334,13373.997600,8079.003486,11772.315543,5729.998817,
33581.422265,35918.948672,36634.289998,4533.166295,11898.595742,12387.681800,7074.383091,2800.592889,
27998.483364,44261.136600,22848.662521,7590.569532,9047.153926,6111.496284,13063.518704,6140.857073,
30327.195121,21621.111416,35788.806973,11616.915029,6336.369173,12878.259417,5192.788155,16065.931267,
35981.024989,23676.810897,6673.717391,11833.256237,5787.764901,10055.727619,7952.075313,13053.682642,
36500.152363,23812.118601,35898.457998,20862.873261,10295.719891,11439.503127,7905.318280,5724.706480,
35715.213820,53419.352954,17742.872313,14953.545381,10128.183094,14588.921974,17084.219394,8854.795820,
10699.170283,55302.621295,26277.013458,12989.083105,13011.540866,4702.182807,2104.022453,1652.087889,
24889.767000,46083.877945,13665.973805,1855.894949,13782.082665,10984.492968,13748.865588,3235.142031,
17058.775181,33012.849143,23691.477213,11695.863967,7236.066415,9309.260499,7126.796670,1271.567602,
16302.172630,53802.675488,8153.960382,15646.133408,8675.875470,5535.843574,10854.456467,5090.759830,
8824.761746,46932.921198,24585.401529,17172.079026,23022.943994,6181.091315,9599.835958,3350.272386,
22385.996482,52392.431513,13376.768973,4227.890685,11294.991035,16720.463296,10714.478430,3004.276814,
6324.282187,14599.780797,19796.943965,10429.344928,15219.518525,10656.931555,2433.428180,4864.303570,
21832.390459,40959.505716,12875.814656,7356.754391,17395.398968,15976.521401,8687.765595,3797.826115,
7787.665381,18811.413196,28129.220161,3612.880177,3800.954418,29037.193445,10164.404337,3251.492450,
26331.587849,49694.301591,9692.892613,6778.779644,10622.150464,13042.729982,15435.102539,1557.085828,
23953.176713,23875.538829,40612.631663,15219.364250,6811.456338,8110.697729,12770.238992,14490.065603,
37439.251679,49880.815318,30258.405831,10818.427960,14316.554595,10988.070692,17789.577646,21418.021660,
23344.602016,30647.771453,24632.999862,2741.652430,2401.973655,8320.795484,8084.526937,14584.666894,
48028.921958,28867.364181,9054.797941,7335.179328,15907.472814,8761.091578,10677.037170,5004.512973,
25208.673142,21760.160503,34063.834540,8070.117372,9748.534325,8580.835799,11308.081394,5273.302533,
47251.087640,18926.565559,22096.645188,6047.870135,14906.861862,7380.068887,3466.752304,13873.816370,
42686.768368,23851.195388,37286.681116,12574.609940,11797.798807,19204.330127,9410.587026,13693.847264,
18474.616018,23314.882413,7664.991421,9498.058205,1975.101579,11377.809623,3204.793380,6692.814168,
16480.591031,16267.619191,44434.081780,10576.872125,2561.817492,3625.858208,2178.008559,4002.519509,
28277.459351,16411.209706,32131.898206,2947.242257,12274.035250,5360.130455,3392.300262,8140.674756,
15718.581729,11347.081140,4511.946376,8096.537860,15358.141881,13738.563764,8427.639866,12970.471467,
11307.784159,7425.345461,10166.429061,7384.743345,3419.900519,8342.425728,10248.494051,12588.101374,
10888.120959,33364.731120,18687.820470,11870.045528,11759.741480,8276.635838,3853.020609,8836.864846,
17655.169926,37339.376840,27831.780527,6876.748484,3927.564263,9148.169359,8817.955542,9055.917583,
8424.869849,34167.947440,35084.289459,16232.887976,11555.038848,7138.273380,15409.300678,11707.567379,
20954.444080,51849.084738,3254.550555,3360.582268,10063.052377,15576.765505,9238.266678,6538.265559,
7845.135871,24062.837937,34677.548841,19191.406831,11401.128243,15628.262132,5834.256511,3017.567467,
22059.442630,47955.465959,20303.268369,4207.890808,23897.419811,14188.809924,14407.357319,4630.591779,
15412.675585,28835.222081,14756.167708,15706.753356,17733.176175,11755.956365,14486.954166,6400.686551,
28532.608217,48350.871966,20253.107719,10209.972180,3995.671712,12131.175656,8942.052565,7664.703259,
13331.312832,36651.440525,15937.734458,3866.943219,12362.571813,11636.125977,10450.301727,5234.632098,
31755.273174,70128.967867,23507.912192,2845.833994,17704.529090,5290.803113,11588.622879,9027.820982,
26021.675332,43100.822673,27960.577203,9839.926255,23044.893000,5798.863200,9281.067326,7599.433756,
38043.091550,37929.454528,29119.253613,11551.958666,12146.919693,5257.064565,12199.004646,10540.718238,
26021.273915,19128.146558,39979.127015,12926.073127,7554.341415,17316.886209,9542.797731,6053.190344,
42180.717850,39207.478973,9358.244295,6759.522618,11805.406006,11602.671917,9399.070234,6478.585908,
21693.680635,10522.009358,32724.751471,22974.850675,6436.264986,13310.538053,10166.979070,6171.389339,
33126.411751,29669.291972,16408.259135,14154.808877,16253.354115,22785.624826,8636.157069,1188.588032,
18348.846757,22124.718325,22352.631185,9668.142185,9964.419211,11244.707455,8978.853569,6882.064424,
15622.500305,44012.472058,10130.028085,7153.346812,16678.083085,14149.586274,14056.687115,5981.932350,
3710.902745,18472.428791,24219.227234,8823.582483,25849.641206,9401.923870,15144.504089,8176.207478,
22048.405232,28253.627250,19809.793627,7554.766819,16058.175685,14720.515542,11246.943601,10443.302492,
3375.546507,12090.728240,22441.945540,2542.832617,19981.694316,18472.613379,12660.513421,6922.132352,
17548.557248,30024.383856,23972.012561,10662.848457,15253.667126,19839.757544,25558.633158,15011.033278,
10527.009859,30222.978017,36222.405081,14167.700371,16949.114593,11131.504498,10410.907934,14028.271984,
28749.655242,17696.774989,25805.197341,12835.855559,7935.055077,10791.430155,11314.732134,5374.000753,
13846.707675,6356.475084,43835.297708,26516.942619,9990.744980,15620.717598,4107.231522,2984.198883,
27505.137806,17632.980417,20866.657909,11633.821215,2626.350991,10674.197513,17275.302132,5053.427307,
17395.525627,15212.078574,12836.116390,11160.269529,16334.248849,792.977815,8782.425153,4562.704853,
29492.074151,29515.916060,14126.948822,11496.899240,16209.962637,7443.300198,14377.617068,1687.770498,
13490.076731,35338.893757,14463.170484,5959.222585,10968.220130,9088.559400,19838.810030,5256.591568,
25883.952950,42221.150723,15423.789626,2697.912431,12299.080375,9374.193091,6699.945249,1424.413341,
2586.356741,11215.486698,32501.078127,8392.436192,9087.371688,6258.456189,3289.484448,7495.619679,
28455.049066,42506.618117,16743.024176,11517.594775,5633.098759,17078.994301,748.220774,9189.541639,
18871.165100,27765.671730,26376.195343,14066.443594,20144.976051,21083.999762,8637.900274,6048.413394,
33333.317160,49359.189057,12540.864996,839.620733,15248.377071,16974.899224,10464.089538,4282.269660,
20286.070609,19587.573768,29821.403998,17598.262065,11018.360281,14569.790506,7831.439515,2472.278427,
33165.809751,44228.557307,24122.847154,15236.535261,9215.671219,15023.881731,5273.442129,3807.765432,
26723.405164,25931.588821,19172.042850,6883.329470,9452.726890,13948.338443,9366.092288,5700.752035,
20489.589284,48091.333716,16228.260066,6511.720256,18965.208288,11683.340877,18859.622923,8684.470426,
8700.559603,23129.549515,26192.305326,11764.294780,11887.849894,10070.182103,12525.875458,5772.841075,
22084.251100,47555.487090,7468.531592,4469.498096,6301.531542,7526.100579,7046.234145,966.761348,
13889.595475,34589.518013,22749.228026,8956.861588,18571.564633,2731.556626,11530.097659,1451.930818,
22265.911020,25069.188431,8248.201767,1187.098872,13964.401630,2745.876223,15618.108215,2393.392841,
1256.927285,23333.156135,23229.989461,10167.746952,6521.952399,9790.589863,5596.658164,2405.106330,
23950.963878,33186.786507,10610.946637,10668.562772,13312.154304,14796.644182,7057.293352,9436.846939,
8879.552506,8898.644908,20781.536049,15427.896997,8394.138911,12644.262045,14623.632659,11101.461231,
15811.102397,24550.556371,8590.057630,12745.785033,17279.716411,5901.433782,21265.478054,5926.264164,
12747.088658,5444.035194,28003.266248,16280.633378,5520.297673,11026.779140,15864.294200,5211.812169,
20236.119398,25109.715836,18241.657278,9574.764813,10687.366817,16924.376577,16025.154074,9755.127659,
16323.023919,4554.769298,24796.867593,5389.812564,9391.422302,7399.250735,5986.065801,7178.571863,
29606.169938,27358.219343,17105.982042,10305.662865,18167.381064,15308.974793,9100.266592,10641.880111,
26450.022504,18769.188199,27823.659937,17177.601883,21601.777394,15477.482656,8264.185535,9750.418453,
38910.248400,13369.519656,16291.322122,10110.162984,11539.971174,7091.676206,2789.402123,2745.674180,
19596.416180,15059.388114,25681.933784,1672.989372,9084.867342,17357.049175,6891.152785,1632.319486,
30362.056741,25340.641259,15339.356464,5237.089548,18931.380175,10020.512791,11865.580162,7139.901027,
27369.253996,14589.089233,21778.468610,11739.337616,11451.693484,6770.536872,6578.677886,8422.224624,
27935.379960,32385.615830,12874.982037,4488.642191,18093.291708,12519.044421,18388.247822,1770.765774,
20342.353845,12383.667647,26900.610903,9476.225784,16185.170937,14474.427250,10030.692823,6038.038022,
19797.061762,32307.983294,8001.908170,12798.379488,5581.431582,21771.815180,8160.203047,8379.951496,
12751.640883,15993.640547,33490.026868,13422.766776,12842.005100,18107.767527,8960.912835,13689.107675,
17940.413916,53847.224312,12435.905831,10167.019664,7208.147178,13788.240803,1979.243258,14470.904586,
11384.152712,36768.462088,22817.837258,6372.746459,19047.222287,4262.499131,3155.653235,10969.016925,
21221.092788,38656.629177,132.036575,13921.152777,8847.464293,12406.869779,15374.800570,7058.390079,
9325.890677,22178.179326,31060.575104,15084.455641,7380.068177,19148.836860,11543.390344,5222.421627,
24996.459701,37229.482664,23744.444670,8742.540233,8548.747861,13732.381672,2404.905507,4516.999606,
19549.999946,25760.424369,26920.536043,15579.243019,6731.747737,16637.585206,3761.730280,6841.586402,
34743.524724,19861.215255,11130.286729,10040.623014,2724.821038,24834.230911,12730.423366,6201.636800,
25271.380720,26313.642885,21503.707985,11378.169000,11596.207385,28947.880008,11528.013157,2629.192338,
23653.249390,39582.251626,20428.975175,10985.023466,13867.890720,24040.611337,14411.904721,7413.756476,
19313.186644,26456.283499,34934.760453,3924.916691,18259.531264,17216.875416,15075.327042,7412.991827,
10281.341899,49042.548592,15683.684682,12257.630291,7577.534496,17902.495202,5926.971445,2507.867910,
18739.365571,11825.728939,13157.730716,18432.235368,15503.908187,13991.693918,14309.503803,4454.527313,
31652.182753,42192.607221,17682.825367,4742.445496,19956.352435,10396.497307,8480.981946,8952.903179,
19822.580897,19911.075884,29869.649473,9452.697733,5239.291398,13792.277954,8547.698692,10714.010019,
18109.312322,33158.380595,11075.337633,9578.065554,6754.140824,8948.509149,12923.399873,10248.823277,
24254.599241,28225.858256,21414.435599,12097.052530,6114.897194,1816.852599,9931.558945,8843.856202,
27271.949679,10906.514636,6835.464904,6693.278949,6708.569401,6402.462743,3985.900738,7745.645697,
20216.818718,14505.857034,33169.439712,15265.222331,5410.855812,957.151326,9537.143111,6339.658353,
23414.773379,7917.986225,32795.231858,2529.831883,2395.492073,8033.092021,7981.185601,2670.683111,
6582.658637,12178.130246,15109.506077,14682.562711,12599.222370,10175.433317,13425.702970,3636.227664,
17855.621802,25948.064491,9778.344228,10200.960296,16197.921334,6973.087593,15246.061067,9532.169544,
303.235512,12310.738437,11102.744230,4005.637617,10509.094299,8538.931028,7597.680602,10616.316915,
10996.078468,13281.962040,23201.066610,5710.488771,17184.780032,12119.071253,7803.273539,6733.391171,
17455.370050,9494.804338,16976.363242,3398.168905,11922.584017,13491.858418,11759.043499,8107.386268,
27281.660871,20330.891029,15132.356814,6441.613241,8241.761429,8089.940643,7104.350674,10269.034427,
13536.907355,16408.455535,20907.594044,14729.254035,19014.065732,8840.528008,11321.568526,7651.550633,
29606.521917,32185.062638,21509.464724,5051.022469,13487.964089,11443.345404,9321.453963,8076.607202,
20581.141890,26105.973299,38434.649716,9572.081865,3955.435459,7225.421571,1632.357314,7486.370674,
25120.052776,43106.857420,16792.517934,13729.488401,9284.352563,7028.290158,7793.497708,4373.038700,
9347.872304,26848.237695,10677.131596,21541.421126,15888.875734,9305.967548,10791.609025,9832.434595,
31944.360725,33873.731436,17588.681160,13496.481768,4144.198943,8323.735571,10376.234130,10802.858880,
16209.949700,23032.239137,24451.251188,2001.316774,17496.442460,8536.393870,3854.608451,6662.809575,
29292.646511,51642.880972,20290.736212,1999.831521,16298.562737,15153.774387,13332.950049,5246.551075,
11717.524376,20938.636919,21224.181784,9206.948208,3216.148796,14112.236956,4186.908993,7143.018475,
22105.353820,45540.581369,14025.997778,10412.698520,16379.374430,6557.095496,15073.756641,8786.791613,
12453.346581,31246.665985,36360.763572,11606.910497,15410.417648,2895.304695,13777.940190,8299.252635,
25993.504000,27161.890664,17085.285952,14984.900826,2646.643499,4205.522284,4171.989956,2072.401284,
12797.883349,11593.938238,25626.441338,18725.567511,12188.548625,2758.246181,7404.739587,6260.454424,
22295.525946,32655.194305,8061.931429,9400.015325,9525.223552,3305.326193,5022.894845,8384.148899,
2348.779047,17774.257307,22364.049174,4757.054749,3870.154178,9308.353055,1761.466101,4694.603695,
28937.708284,22017.917447,10433.492965,3727.793077,9269.762455,11458.210038,9469.181258,2601.997727,
16316.296222,14651.288623,6510.558408,8075.092328,10015.630743,7977.307746,8975.470290,5847.627810,
16679.028517,35305.116038,15315.005402,4261.840031,10036.994244,6255.269204,3939.764361,10362.756193,
19112.086383,29232.383932,31202.432890,7346.224581,10070.616166,7763.100570,11858.984747,10061.516890,
29612.637742,14839.418702,26423.871653,7099.828115,10389.084593,1749.337261,6812.649997,7572.162913,
23891.727602,15611.678385,34028.290548,7041.064976,4543.434377,13043.366607,3126.393849,6323.235188,
22591.795009,7605.629521,19056.114823,10053.238616,5091.528510,12492.701575,9387.068718,5687.873566,
17358.698685,11066.326006,39880.972480,3929.208748,8852.776118,12466.650391,7520.060520,4857.377315,
33484.264201,13158.760986,16390.241378,14112.945799,11555.774472,13821.007483,2965.420053,1405.846632,
14968.363552,24001.974142,20056.004663,17967.672999,7432.291059,8350.640787,11213.241831,4456.060416,
19370.330033,38986.304178,18420.890007,12193.421112,6266.943422,11582.536502,12972.317077,4995.010381,
14656.315856,19024.344437,13708.103207,6215.911730,12278.319971,9073.007570,4997.231305,3749.855961,
23941.044869,37703.614712,10030.633698,8135.601779,3597.166879,11170.412022,5919.354211,10542.136514,
8346.348579,20858.526378,15220.710911,8230.968476,18327.623384,11898.174345,7242.152358,9766.772321,
19041.064965,23850.539436,9782.347213,10202.002641,15168.930438,12850.641683,12746.656662,5902.826099,
10500.213771,37277.555105,26826.023482,20687.234198,6049.224203,10369.417326,2818.313181,6132.522840,
19726.422973,36490.938734,15622.643485,6927.689905,16386.410515,2974.606663,12403.317061,7071.798648,
18741.449183,7342.566373,34109.328829,15192.489409,4880.949006,10884.128917,7473.427620,5483.879629,
34641.945324,25200.660144,21990.684881,5525.454698,9592.689467,9304.034281,12421.715084,3004.583985,
22502.490089,22259.430653,5961.013030,14952.997998,10302.556646,3999.971727,13746.435227,2110.849329,
8088.975686,50104.032642,17732.092100,10942.451962,8284.383121,3449.319694,7004.108460,1269.795318,
13517.059380,20117.288298,35311.268175,8147.877363,4229.083360,2396.925539,13999.826029,6415.030631,
11082.121651,47477.289841,16835.982074,11208.934693,9968.903645,5831.364855,9608.882901,10931.824075,
7974.538008,37064.996509,19237.331708,5357.751173,6921.114475,6093.586320,14396.180011,9834.427061,
22553.063085,39326.089577,8948.772147,6777.155413,12441.738866,1270.634082,13207.180284,5629.299707,
16695.737308,15828.440710,31843.337434,6516.644258,19510.488828,12524.302550,14678.878127,3634.330081,
21822.987744,24372.797085,18257.404814,7477.611314,10807.106463,17593.908884,7119.277143,7790.165269,
24202.720148,7917.326783,16796.354116,14309.938152,7249.708734,9485.206809,4739.834230,11383.472965,
24035.808451,36531.863795,12931.662674,9062.795539,8863.806287,11618.003630,7679.258519,8091.086655,
20982.388810,30168.685856,35075.226389,9955.365279,10665.255620,11220.218992,2030.560121,4066.723416,
28123.471423,2761.612136,16901.221345,11949.935569,9737.423604,4380.310180,9434.592649,6839.275930,
13769.100981,11595.430765,15905.272387,10638.904560,14505.547340,7418.185223,12404.448153,2441.630080,
25147.310159,24045.730495,13852.077486,4431.403472,18799.938928,4604.152248,14962.005621,5641.556313,
11291.402095,13568.880609,17219.959916,10418.417850,13098.322166,6499.731025,13171.264106,6656.917436,
24629.044392,7313.166798,20707.740303,10175.997461,4654.179174,13555.031504,3849.191846,6269.729088,
16594.884943,18396.743706,21078.069293,8994.208159,12606.011499,12449.807633,6354.866302,1772.911597,
6963.881596,26715.831520,3809.314092,16631.073064,11868.994638,4560.463696,10852.823949,5560.086387,
18581.185513,9476.741446,26002.558527,3341.155431,12223.338283,6532.942414,16316.687242,1739.478083,
21249.973458,7826.262341,21573.706978,8820.117173,7436.933336,9668.029022,14055.261582,7749.664660,
16076.716541,41218.823825,23365.835402,3461.315889,11477.758957,10958.801681,6897.011002,10430.259634,
13254.506206,61777.945008,16508.746597,7803.749863,8383.223863,6378.364267,9972.526142,13859.128297,
14613.061934,36964.630976,9601.264622,3318.677888,16134.888483,11262.692577,19631.248602,13726.411888,
24699.231883,38145.726070,18737.793532,10877.348616,9459.472905,18619.411422,10242.994916,4182.342900,
15575.118272,25501.833607,26362.523597,7577.968518,10719.481609,15614.122186,3035.601248,3461.781181,
25577.789356,25272.113113,11888.564741,4660.843707,10817.353742,12418.486578,1419.631327,4767.629138,
21931.325794,8698.760966,14871.805334,3473.670007,3737.502490,6458.392097,7669.072311,7537.225240,
25680.964335,23058.102049,18921.757790,13867.959295,8487.282196,5631.704878,1795.601157,7430.413712,
14089.292567,28150.842396,26203.188772,16005.229076,6885.414959,12790.537382,12833.801070,5954.201921,
21939.184956,33694.746451,7883.187393,5087.698978,3440.951792,15580.144195,11823.568342,2996.482546,
5745.789530,23914.384210,22728.339728,5175.882058,12308.788820,11056.763738,4271.079590,1985.545942,
23218.824212,24362.220325,12283.493282,11947.033961,11732.430838,15417.229525,7400.658452,5449.080429,
22168.392848,8575.700283,15911.244519,10140.072731,1452.994128,14941.470855,5726.658195,7043.869461,
24090.360688,19672.843427,11114.392938,3453.562592,9481.714105,4276.380761,14843.776799,5652.639304,
7616.229308,18709.885335,12897.935484,6925.784309,9864.864564,9387.551077,12049.631243,613.045113,
12328.422079,35618.387038,26583.008260,10339.456225,7525.763123,13382.181140,8679.599832,5116.085830,
11046.501189,6595.381589,30691.898091,10399.327902,1024.073043,10301.917491,8159.002856,2473.038462,
17322.208163,29991.427394,8992.933966,7201.709240,7597.408231,5184.544826,5668.088951,6159.995532,
12154.853755,3022.994673,28879.597368,13268.768887,11249.397461,2590.020480,8426.462213,6233.533606,
30528.850465,20723.774554,10941.081249,2434.185812,9558.905711,7675.609646,12671.554638,3316.155448,
13531.473724,6725.303675,11311.133132,8374.115453,3961.455930,6688.694975,2986.541716,8175.700102,
25249.740159,26430.562515,13453.569505,1461.007016,18633.997787,12250.858212,12183.879544,3260.302132,
16415.738048,13157.895525,33321.587234,5205.639820,21063.455385,10374.615416,11370.628613,6695.128788,
24622.775782,26524.993754,18454.873213,8990.837758,10993.410360,3699.376539,3252.036735,4984.255483,
18489.290862,7979.962098,21725.494672,16230.214571,4994.154235,10194.917211,6701.616099,5267.689805,
22955.783424,27105.018720,3643.618832,2321.340573,8179.938621,11945.254612,9239.429603,5615.664182,
16278.725298,12081.780115,23036.719669,12521.881729,7486.870530,8127.908122,8805.879014,1163.152166,
31459.103406,21180.874218,10013.735530,926.674947,9687.168644,3054.149656,5217.803162,5804.656832,
16612.325950,16427.912813,23026.841532,17727.334125,21882.547764,4160.242683,4766.075336,6839.638520,
12657.612420,28154.569825,11437.795696,16962.677062,16168.423993,1236.428569,7222.389936,4350.375718,
10526.143220,16299.730969,30119.092372,4683.634928,703.753245,7430.107723,3958.022727,7909.818247,
22219.421145,37068.766489,24808.562011,8156.595722,5804.463729,10169.953759,13018.371329,5137.900780,
7889.634693,16365.725066,27824.190879,16510.550828,9986.898880,13103.947135,7825.868189,3740.791769,
10180.985745,40552.492793,9698.847801,10298.246603,6710.769538,11445.134064,18512.903643,5268.188119,
11213.187191,7771.975574,9755.868053,528.696362,14132.694719,8697.623201,18877.718873,4800.844793,
20489.243256,26630.238673,9894.252504,6827.658614,13400.017115,11433.923981,6794.180313,5256.210729,
12708.198736,6090.182746,26993.819052,8873.019902,5197.251812,5257.129080,5189.812751,7870.729387,
21055.469066,32014.863674,7490.222753,4748.641280,14357.124758,3861.334222,4915.690496,8144.321360,
12203.204395,4212.699096,28058.109175,12326.749811,5516.104019,3987.050567,10366.734138,2322.031978,
29083.169045,28322.696448,14742.000535,4546.436228,5598.834956,10502.217796,13235.720123,3373.379681,
24851.620138,6209.937125,24630.045057,10486.522822,6499.916608,11038.070342,18539.468585,5061.739040,
29417.281958,25638.057547,9751.203228,10049.623458,5098.423872,5901.928247,14028.178757,5995.975079,
10053.986262,11876.503600,22563.853237,5381.009641,12160.312196,8341.606627,10885.274167,3562.321008,
25140.863175,14470.236970,15928.268212,2516.258039,11211.854344,5246.392117,15115.391049,7607.453934,
9925.214193,12190.431717,24516.182730,4693.310632,1353.470432,21871.094231,8577.966949,9698.441952,
21617.654336,30301.208484,14775.977093,7506.797506,9879.221645,19495.555627,12464.820710,6091.009713,
10875.530344,3480.353865,20217.109802,16384.208509,17405.161737,1472.123942,9183.279873,2479.889911,
27368.502614,27019.446790,17950.221059,6469.727753,15997.942909,7617.459617,4565.068812,2140.209627,
9108.950814,5036.582544,14395.384710,8268.287797,5276.921245,3384.488641,7716.804300,1210.057695,
18743.138242,29042.216419,11743.390765,6921.336907,8928.610082,10274.161975,4701.852217,2548.150304,
9849.292569,15914.199633,18123.159563,6078.921407,11271.713140,16705.545726,13100.565519,7156.977383,
16742.456464,29811.301888,7077.028896,7472.527681,11124.110203,30312.164616,9256.517845,8546.626719,
5118.658741,8327.545826,26428.772624,2088.252304,3329.944831,24112.822975,1637.115707,7491.804323,
18719.750757,27386.532485,20669.937114,8857.213702,12182.126714,16162.376350,6624.771076,5635.424212,
3759.371974,11015.279352,10379.776726,6868.149460,7440.834964,25141.947983,9802.677092,1775.448065,
17966.087199,44235.880813,10396.763383,5575.976003,2727.574741,19324.022080,3305.601688,6341.225843,
16888.259597,18945.913665,16336.743869,10147.433493,3737.322088,17068.609968,4103.597361,6644.322833,
30611.693579,21363.835845,19875.464050,1985.774926,5747.121187,14219.507260,7259.177890,7101.832536,
22303.047943,9503.843073,21951.131637,8810.882120,4330.064794,18828.679489,8308.006039,6757.268017,

167291.000000,1844983.000000,1110482.000000,2731293.000000,1533620.000000,3801649.000000,2450577.000000,1514349.000000,
2391187.004513,3744992.384379,3161987.386151,2061666.666957,1396543.050247,2352584.836749,1603142.375286,998200.255300,
2381903.161145,2100270.661899,2423016.982487,415794.728961,851496.605691,412768.506898,164721.633501,99233.944103,
1425859.886479,2684072.915991,1977168.395210,963094.065398,346338.882612,1205256.511513,403303.202253,295554.004860,
1925085.013459,1888058.001504,2350588.027147,535433.978569,943372.698325,745084.167707,136465.268237,286987.132489,
467588.064214,2861929.079781,974151.375668,1161327.016666,2189914.126860,2732564.498534,1118985.108099,315531.321276,
2708189.721410,4607631.980507,4231471.071202,2143135.271531,2601404.477733,3860576.873223,2587176.282868,519289.499730,
3895886.493089,4464167.016767,3984653.268373,1522157.278074,1809748.454960,3665712.977532,2786151.704716,754990.045821,
2039000.530458,3772069.169748,1551802.838745,342999.727030,1435255.823152,2423430.621076,1167564.827066,455744.790695,
762909.758736,1780763.633192,773269.460882,251327.266685,1746156.874267,1021014.079487,736861.335720,100548.638615,
1072528.117185,1642387.679471,14980.223903,380018.736169,1385611.725404,722461.094625,1008328.372976,171039.833500,
897260.245276,55555.266409,737229.341746,313159.561431,616645.569601,608542.536225,395452.860945,77382.437650,
1155281.442680,1522979.088745,555517.641202,90941.841870,473711.671272,285158.311630,489229.700544,209813.285774,
290006.085693,924145.693752,578729.501336,73528.984661,524051.876683,282526.459697,384748.208660,148877.402619,
247385.484150,1012606.510574,598531.966881,74112.359382,503217.724805,244473.592746,283406.831419,71550.825061,
423352.521954,460955.562916,124865.806639,156380.985479,270249.134196,224135.590824,179083.990763,41364.877955,
511678.248567,730272.013821,495158.364499,198235.273813,184951.604389,193078.263661,478714.537766,41429.686230,
75023.808970,394445.636553,383994.737735,78306.913532,167633.908243,59017.275891,196178.203636,64269.126125,
370784.312683,543142.784357,281149.691630,144234.059670,176027.261783,172841.147335,250510.451578,78328.253220,
10455.745520,221703.375474,421351.768006,158971.033187,318802.006985,142240.760017,279982.770760,62415.363459,
178940.517556,501666.293442,116854.778849,19360.994072,98854.225215,50310.780249,161582.969252,24820.888627,
171532.306735,207130.870358,343216.832533,95271.356214,104537.475005,50322.322078,100042.016500,61560.856589,
267562.037478,363200.423344,218051.134699,98876.912907,61969.567426,94042.447580,90628.401294,59105.133484,
191029.601327,129906.401577,340899.988933,87874.368984,102644.166377,96795.396516,131195.403474,25963.627023,
314187.682998,308925.508308,144054.751081,42128.999492,126266.246205,62099.072454,94746.081834,9648.522886,
170222.738704,190673.685831,286443.833180,71605.894713,148309.142912,5962.919482,109346.453587,23444.025448,
309109.259713,267945.271984,143483.608589,53081.199711,101437.686649,70499.632008,31322.746740,8634.993407,
262247.909793,78359.570340,303618.266755,61158.106403,96238.206546,92755.989141,119354.198317,14872.649650,
378695.279269,167437.323844,145975.688147,24678.701651,115194.603955,37854.368089,50082.192979,11695.932140,
265009.194796,90604.943770,268003.002770,45217.237325,69659.328864,19012.439750,88314.604843,33129.606144,
329962.869021,281009.939968,234555.352632,53638.152397,65411.316042,8065.648441,90853.202211,26984.160711,
151907.272152,19086.538664,260032.303784,61779.138942,87473.613872,38232.006334,90457.767612,6707.186239,
306651.323445,245657.576974,162975.028991,54124.653121,92477.117679,21830.198021,69587.875449,12560.122198,
121644.437136,97403.224767,218781.072885,75167.976541,63111.363336,21053.416244,29122.776479,22952.086525,
240946.602582,232717.858798,110729.257076,9069.425522,53468.023912,19244.813573,56666.441251,20018.168980,
117438.594865,127441.008670,210737.391618,51780.127784,85611.266059,9166.991625,57392.373135,10651.397218,
180184.750640,339016.361202,134392.526964,43457.349420,50866.939400,8663.980665,66496.993850,19524.372038,
47399.617526,99644.646725,177250.478549,54133.527096,101258.595496,30895.842305,32552.147603,12907.470623,
142221.871988,280595.449931,75514.489180,19691.288570,49769.090079,20038.049822,49896.486899,9794.473125,
54031.874477,160365.730836,108510.158113,37111.071101,61603.358069,37937.156694,66930.682271,9151.265816,
142507.833373,315698.091141,90705.248346,41622.366003,61631.371939,18095.359820,45370.342938,11522.976752,
26541.572286,99910.616377,125249.436312,46276.649211,57712.680261,32126.158802,54614.187596,9689.013711,
130803.133815,273838.569876,84631.996506,34953.537595,35428.460300,37461.191867,67280.737659,3667.237347,
75490.909600,132333.076885,151033.669999,46329.902699,48954.942047,8326.301311,40065.715681,8748.413628,
151569.752333,246198.101444,75544.475991,27815.012492,53056.219665,16294.856527,47227.502970,6184.627234,
79427.650161,76005.769047,144703.771259,38184.862186,71041.457447,4849.477143,38979.257446,9899.107895,
164144.551394,261026.994750,82212.683504,32268.274519,52677.523027,7276.016585,48184.104934,12761.056751,
116858.915208,103183.776363,145003.516786,42195.371709,44409.749540,22302.737821,25762.234186,2183.299094,
181797.333540,193609.200822,101343.152140,25228.388590,41151.781934,24575.169050,34116.857295,2109.536923,
126713.386383,77514.654510,146560.393611,38433.565298,47761.736980,5756.573268,25168.153476,6875.199145,
186708.598339,179039.270803,112144.670409,26168.311365,46679.635621,23905.938204,48747.750761,4522.811518,
97849.153907,61151.894448,155392.696798,42028.735342,45804.836591,24483.339743,29471.912879,7185.633693,
172650.751445,142878.252677,117536.506314,24445.489462,44759.177976,13357.944139,22021.874255,9732.310689,
97252.752619,40924.812775,153446.177354,31163.978039,56424.438301,17242.916716,31184.020842,7768.666591,
151694.356444,130595.211934,94367.028131,17512.028255,33101.542044,26653.385077,35142.661539,6835.764800,
82323.977867,42869.711227,127191.346460,32219.758457,41413.538426,4314.790542,24529.460239,5063.270714,
152332.460940,92314.443371,82005.478101,23272.851643,26915.555131,10739.687964,28304.517636,10957.789844,
62243.063291,26396.459298,114562.452268,38819.268965,43657.771241,4226.201802,23580.130015,5734.645296,
114950.071137,97895.346709,66337.966524,21309.212365,37947.305173,8235.072445,33510.259777,2454.067684,
31907.499635,33640.876169,93431.809345,35442.261002,39726.670188,10593.606187,28541.083492,3297.388940,
91211.297513,116953.341055,54837.354072,23342.741790,38640.133168,20917.211741,40537.643672,6911.945454,
17527.756897,48234.240539,98405.835482,36665.861242,37325.985403,6418.376841,21315.602836,4870.770558,
87530.714756,142054.580867,37186.162116,21582.091686,31532.072940,12564.623862,31684.729371,3657.473922,
24723.408215,52361.912254,79712.265386,34750.665246,31251.494258,5509.605718,20045.194750,2940.584483,
82305.846909,155913.148000,57769.274631,26122.458720,33022.233192,17543.252243,32781.046156,4292.428791,
61807.341516,59984.631735,89081.845497,32372.549960,32554.757374,9962.854035,24161.985085,5402.615744,
112488.432286,168711.184438,54985.706175,26810.818102,42623.229851,6519.772236,35761.229825,5052.220139,
72855.590094,67755.178587,99643.946089,37246.266486,44383.632659,10250.978427,20832.505084,3802.107188,
118701.343667,180913.472172,67862.517627,16787.540486,24187.841845,14536.729898,28871.448254,1333.958018,
75192.472830,63935.447691,108248.828797,34717.203139,43216.448621,6395.076147,22115.402691,3958.418384,
130263.519648,181161.444440,75845.681323,25545.626108,33743.807132,9658.909732,30655.010940,4323.167799,
80517.721838,82896.383794,117429.424209,35340.253873,39915.603747,13029.285839,24099.506731,2920.474856,
131295.885856,157418.423281,75282.631447,21145.735335,32558.014896,9202.615232,32196.162711,638.248968,
73062.647462,76520.550499,103405.327496,29283.657232,36322.093549,2838.918309,20390.691165,8481.121505,
129489.626813,152124.814117,75376.055221,21336.513429,26990.773481,7923.960425,25732.750220,9973.429702,
69677.173376,53012.048647,106637.959236,28341.546817,35736.975643,8168.045837,22715.759181,2838.615726,
111783.227308,147752.678261,67762.478537,20408.617041,28882.582086,7716.589764,24250.748118,5439.005866,
57750.369686,73066.016511,101182.645671,29691.746069,27562.257322,1401.121907,17850.377311,7973.730370,
92000.481301,114363.801479,50639.412345,15986.125574,27273.324533,9567.875480,32228.031891,3020.837878,
29827.939878,42286.198341,76003.098135,24566.849429,28583.846135,5894.131478,21984.831009,9106.717820,
72468.912108,99311.742081,52135.589858,18569.640801,30169.249676,7699.116663,26545.288946,8909.213411,
16338.858230,36678.325327,69465.892984,33891.659118,28855.779596,9622.820184,19879.165534,1680.438112,
63142.398513,75423.243619,22073.815826,23895.335828,23640.302842,4231.169035,17882.926808,6489.046314,
10613.363704,19799.143600,60250.479879,33630.567460,33565.741066,11100.758511,20061.614905,672.275276,
60519.789684,66774.104866,34021.218321,15326.415330,33032.703722,9302.717923,36662.584336,5868.597807,
35498.377988,32474.189004,51466.266496,37963.045194,23559.668373,6887.638734,10057.012033,2556.397970,
78172.779145,70761.290872,52354.263841,18697.252366,26097.566527,7046.724330,28198.028679,5361.099542,
53140.128782,25338.857940,78571.268127,20654.209609,32421.885532,9103.404782,19609.027659,2251.998928,
93582.970685,79114.869223,54423.684714,15031.952631,17735.289282,9204.277783,22901.451831,4500.501397,
60609.991019,28860.428787,88312.217497,29725.096970,28317.554505,3770.921505,18904.478974,2175.446347,
100382.961006,92050.459646,59640.566475,11687.062109,25710.875231,9657.298730,22236.891232,5755.640767,
64117.179283,38565.765685,81583.761581,23026.806840,24736.812692,2149.331090,20548.703494,2895.530390,
109173.466321,113309.450683,61669.330999,14094.823560,21780.369180,11115.114054,28715.115633,3980.170547,
62406.597466,35393.547977,92379.970596,30168.402694,30260.514625,7403.138741,23531.877573,2390.078229,
106802.935870,123854.740757,57017.167714,20945.234658,22323.268778,9622.372359,21604.543556,4023.380680,
54450.676312,62920.271695,82123.890645,35172.576758,23853.504431,9532.543040,15340.835825,4041.865364,
89174.113919,129311.121294,57576.571327,8099.396167,16647.917537,7004.981949,21425.066872,4770.631129,
45876.651819,53467.869498,72979.524254,23231.430768,29550.239539,13804.962107,18973.151882,7160.238778,
81718.412547,128120.279562,46468.640231,12144.874775,29209.916026,5643.538726,22859.577612,4071.391120,
34608.404570,59934.461366,71177.197757,26233.962277,23354.366187,5957.214782,10916.120614,290.124209,
58909.793847,123505.720865,34289.112810,13537.080553,24441.258236,12412.958733,24685.087716,2973.451543,
18157.343487,55353.936649,54246.430864,20402.472650,27853.683202,14026.281280,23107.352248,3439.945661,
46100.463864,124018.151343,35770.787553,14183.638314,25614.143274,2527.971409,24450.636764,4094.154340,
15202.493589,53455.429612,41586.554475,16533.230156,31002.045095,5566.434638,20250.522915,579.732949,
47527.139038,110063.091533,28918.042891,18047.255214,22162.220121,4237.399568,16619.008906,4228.135652,
18571.248161,51397.839295,40859.830024,20606.596543,18675.181397,8887.659547,12236.818197,1890.026652,
55324.092270,86006.949862,38358.524617,14846.142075,25473.976755,8198.556194,16485.465651,4991.730602,
41012.727219,34005.325798,55206.521931,18858.975544,23072.017492,9042.680847,20617.132213,2031.229628,
72597.981920,84282.615489,52361.684726,14527.962345,18431.725038,9329.840514,23857.427142,4908.956371,
45346.452766,48552.768303,66089.891685,17672.821057,21516.841786,4193.720795,17623.330149,4312.712115,
79034.700005,53684.955740,42324.755959,18855.765474,22337.989655,6752.014345,17511.888033,3318.741719,
60396.621713,41274.868655,74739.769036,27025.171525,22518.554555,8397.385050,17739.885255,4154.208333,
88791.438364,23911.866154,42468.332359,3576.619818,8706.596619,1141.535798,18589.548828,2850.358044,
54898.564045,10700.226066,70313.620309,25991.217859,17617.277383,3548.257660,12562.416364,3117.391313,
89649.144048,48536.078442,49852.817725,14566.491557,16039.431156,14916.299614,15925.334598,6318.438998,
48196.549011,18563.215548,66139.697712,16914.107060,22240.412464,12844.717574,11327.812861,1907.212735,
79385.394056,51759.039182,55347.327033,7105.524353,20889.061337,5737.380505,16057.567742,8407.863076,
41713.687574,23775.846658,69060.634437,17953.498176,18982.068499,13631.171031,12716.668762,7572.060928,
68216.625331,63974.021501,46226.955538,4833.573720,15792.585544,2521.990388,13092.001995,3799.733247,
36282.895549,39721.981142,75730.279735,23894.427597,15746.116054,6455.160563,15644.022804,6343.312800,
54104.146431,83682.431388,34211.857299,8052.674864,18754.492917,8164.537771,19156.970246,3312.842028,
21343.263035,51647.524080,44736.536777,21839.144337,12542.470910,17225.286664,23361.628063,7679.292410,
35906.726796,89941.063114,7175.976056,8599.610116,20942.536776,8668.720449,18729.297675,5689.643797,
11598.145238,46288.959473,44834.649759,24231.644037,19826.688467,5010.437862,17681.160794,8312.595743,
44614.727922,86607.454553,18433.912515,17406.036537,18651.145101,11124.324639,19075.378737,2043.072369,
10279.530470,61408.993638,49334.703376,15290.289214,17307.826022,8445.711949,18106.254896,5598.859336,
40988.559375,112963.504609,21072.191418,5007.348769,17133.658984,4005.535834,17418.662429,4189.211202,
29176.951840,52681.942844,54172.907078,18697.748444,24214.732940,9087.237102,16374.380864,6421.105400,
62506.419914,95699.689531,33391.154511,16380.775750,11917.053450,5827.585759,14623.591671,4240.381996,
35235.611651,46837.327389,50736.500249,21180.964013,14372.109915,9735.708252,17872.081572,2407.543948,
65132.860861,103674.093066,36793.613835,12843.650602,22414.553248,5462.084379,5282.953105,1389.284563,
54597.973120,33954.440762,54190.925787,11999.713118,20594.808094,10836.484613,11333.007467,3578.040084,
77170.942260,97427.561019,40862.301409,9956.883324,13914.685177,1433.210781,12338.576173,3267.975349,
52240.544083,49342.611776,65256.185425,7745.352277,17750.799803,9587.097700,14508.939634,5306.626368,
82003.186067,67688.141831,47756.417828,7109.037732,16175.986079,4812.653559,17370.279457,1857.476312,
33863.792660,31979.186257,59412.382408,14588.380735,14319.110806,16516.661338,11547.859811,7855.342044,
82935.266938,62239.694407,38162.905839,15505.808884,9951.573472,5211.141972,11542.747329,6737.571687,
51033.566114,29117.524496,68190.014265,21648.830924,20259.084042,14030.015926,17170.327594,6040.112589,
65540.376406,47908.501220,47444.340567,873.200724,11343.683141,11106.639288,17689.217037,5960.151199,
28143.451916,28274.483557,42282.952368,20324.990333,18110.585502,7113.452825,11284.215184,4283.222643,
54425.832029,18418.650442,42047.784529,9018.795289,13402.031972,9452.868684,12020.500121,3071.625369,
22555.769397,19628.497352,35396.774165,13665.246011,15991.690371,8027.808392,18155.917121,4430.519497,
34264.789673,33919.266435,16841.927440,10139.846597,15042.955245,13260.430876,16150.767671,6043.797550,
8926.163407,26822.397517,29716.656027,15222.968872,8199.033674,10360.732326,7549.945378,8850.613192,
34280.828399,46054.801068,33048.936104,6978.419651,20937.666352,5314.950357,9570.282747,5131.574979,
7637.889717,38111.357444,47478.782074,10136.167609,15795.303465,1548.789972,9433.075999,4823.196455,
33626.941181,80405.333986,13895.315411,7055.946554,16982.201379,3817.490352,14361.837768,1342.487578,
31316.096800,25595.839422,39154.016993,11237.617952,22903.595458,2445.881170,3696.645755,8832.955488,
51404.422951,73630.625190,22635.079893,2950.572947,17575.077859,5915.834684,12604.569705,9155.198267,
40625.446055,23513.480203,47733.571324,10489.080233,15539.849558,10146.604242,8475.615981,7262.246967,
60264.644695,69533.931441,32126.666243,6819.801561,20446.934844,3698.512069,15998.323770,572.393433,
43471.191103,39691.977352,56752.085718,12717.056407,18068.381990,5033.200135,13662.713393,8445.547156,
73089.673323,84323.065681,30752.366610,10880.722560,14851.328390,765.750794,17398.142585,5171.033102,
38562.821775,53619.861219,52997.507514,4764.884352,15435.988808,9854.562797,16731.291823,5654.178984,
75594.200001,95096.159409,36567.148215,7989.087177,21532.437768,7344.829273,2499.810977,8688.612470,
38099.764240,33669.480740,56823.546831,19489.253670,12121.747277,5915.652118,10261.352396,4165.394596,
68826.509089,79800.216236,43129.321723,13535.480127,17115.048126,11745.176916,7247.690451,6251.794288,
42492.256956,45414.788759,50064.929288,5856.492986,19156.158882,6446.845185,9601.898886,5776.286981,
59134.664178,78150.837706,27365.831969,3622.370700,12052.714170,6532.688102,14608.056848,1405.737734,
28993.204692,43138.769461,52646.146848,11444.694603,22779.825606,6561.089954,15139.355559,3574.975459,
36942.823409,94066.026015,29007.502240,10801.621280,18555.335634,2630.930243,12607.420454,4555.058359,
14190.029469,37217.251354,38827.391472,15613.943562,20730.168790,8401.705492,12362.539428,8152.575271,
35948.916396,57638.783237,27474.153483,10838.871284,13197.659527,16363.347654,18702.496307,7392.013740,
6373.712131,36023.807564,38361.677856,19064.703056,15358.827250,14914.605260,16697.113214,3134.252097,
31788.245001,54166.974691,15407.998920,11713.790871,20971.224341,5485.043571,9231.037562,5030.026872,
10733.690074,30451.014190,33107.631228,6457.175684,22243.510048,7868.256491,12993.815580,2195.567738,
30240.594833,38489.585091,9810.320733,15870.662837,22179.523006,11628.225850,12402.480651,2883.688822,
14397.748172,28073.883867,33530.723929,10622.071271,16011.513419,11129.578112,5249.301283,1239.508979,
37178.588556,32509.112395,11029.709629,8616.579329,15283.633307,10141.592340,20412.564649,4921.019682,
33305.805129,5184.645266,44692.951973,14279.863276,24599.245155,9444.479373,26025.639201,7805.673737,
55679.845781,23322.697432,30813.238282,8588.666117,8084.372908,7368.510630,14460.397671,4555.973494,
36425.172486,27683.140944,43906.195158,14254.991140,21668.103312,6341.641839,14906.059914,1639.278834,
63544.593680,41204.925317,43607.427773,3183.608159,7176.943047,10250.558843,11895.867408,3432.623446,
46735.171202,28579.101002,55588.597847,12211.982874,14939.130525,5960.161441,8343.016496,724.562970,
71213.871787,67221.126326,34594.856379,5578.222465,17323.973020,11920.867084,20727.096129,5466.125564,
45291.835446,21270.419845,55871.424701,5679.833518,21179.023764,17441.389520,19861.019742,6238.268050,
60435.714624,69273.499388,22862.716570,4597.065758,15388.354661,359.897355,13298.117347,2886.182954,
33119.753889,36149.694448,51291.174311,18905.270195,19696.586924,15554.220215,14519.289327,2010.179588,
46632.201557,56027.697867,24338.134170,17390.629192,21980.205194,9211.259022,5745.731591,4423.537150,
28603.239098,45514.606053,44436.868276,6667.153505,16262.522863,6870.975865,13989.710826,2528.446570,
37875.833521,93572.367087,29266.788183,2904.446996,20335.467226,10837.900294,18917.157610,4964.421977,
14351.095796,58185.999420,32854.977883,7200.555128,18721.198258,16994.879219,12191.051108,4584.925841,
24262.859721,75476.811841,22558.704237,20096.403274,8677.697519,14499.110212,3773.461910,4223.494145,
2775.525366,38704.344218,43642.734420,14602.764254,21237.905782,11173.716545,14957.515216,7119.529469,
27028.081693,71874.401835,17268.756119,7571.304114,20863.423352,8564.651526,19836.734236,2369.277471,
6523.393796,34043.115516,21354.104361,14020.962298,5181.381879,3460.951283,2597.248091,4342.141024,
30303.165552,67688.234579,14419.750251,3738.149745,17205.853244,10919.772045,14486.264679,3088.260829,
18483.552324,41991.016582,31226.240325,12358.785263,12950.451386,8932.463411,11883.326081,3714.665806,
36348.086840,55666.337215,31472.193164,11003.870800,8347.859482,3453.604349,8040.908448,6692.279117,
27001.181675,29130.232049,39533.414757,22361.967129,13978.799706,11714.726704,8521.890932,5649.067076,
48577.614087,41901.579788,24563.967518,12304.758900,11942.952434,11738.508532,6106.372798,8549.281121,
35726.282818,28667.451815,29285.092892,13549.196657,11311.275219,11457.012815,11600.012197,7186.617996,
64630.080886,28449.726234,25926.972117,12265.703358,8327.146807,11707.256901,16730.154869,3834.681138,
37070.007705,11194.674773,34948.907292,5675.682641,18701.001552,8576.704120,12435.778688,4341.797691,
40445.372098,28909.767753,28181.963446,6624.722610,10442.443453,11037.243064,8900.514196,9545.348657,
40316.490096,17398.021479,46952.568858,10562.225125,8263.938454,13437.107782,2762.096952,11099.349432,
46757.798178,19195.723981,38420.818003,4079.007857,10726.938688,5694.245253,12009.226520,6175.629391,
31874.312647,1493.932293,54343.123198,14313.472802,18847.367095,4177.240174,14371.014013,3796.162015,
54038.188280,9133.053417,27215.285335,5127.523586,15911.820379,2342.965843,3054.828520,5154.599030,
24888.645482,30191.703647,49687.223330,8708.828274,9839.941392,10985.590792,10010.933883,7356.509139,
45479.964955,33146.788809,28146.039928,15085.776406,17804.396483,10053.942234,16446.517021,4896.400387,
19138.272016,42127.382895,31559.036521,14316.657443,19700.500443,4693.641337,18633.656969,3351.605936,
19971.919025,61939.829594,30769.608308,3397.261699,4640.121786,6497.775249,13193.886556,3866.406277,
6967.618980,30738.870052,15753.925891,20102.875203,16238.129333,7864.142596,10985.678414,11330.052521,
28827.621097,58102.565133,11153.280936,17698.532499,7454.825603,1158.439014,13660.032803,10566.592844,
1789.156144,14814.821303,23657.735341,4112.550581,13935.198070,14209.623554,17029.412354,10858.811916,
22760.096533,62247.051876,16517.437382,6955.666125,13068.734059,13688.074397,15253.435435,14100.369342,
18047.243793,30846.648525,28647.367266,4665.240309,14308.163858,8337.678107,4844.570046,11873.336639,
37851.239170,63585.240737,28583.663769,4389.213799,10014.535611,9197.603588,14894.407704,7620.068064,
22080.423479,43620.416094,22839.426705,4066.323077,18742.820910,7022.451257,8392.433970,8645.045198,
36263.039004,79025.270609,19834.886295,9834.541739,6182.942001,12463.496990,6865.731054,6376.152587,
35450.696550,31746.934107,36497.735458,6263.841552,14988.335891,9409.930014,8592.429805,4222.163356,
59371.291614,66231.543007,37275.405233,15783.589791,9628.907783,5978.820388,16354.334048,4222.365200,
24316.750360,31087.337694,38059.594720,20103.985752,5943.197550,7921.758299,16544.999461,10621.636920,
49496.056410,52136.774219,34884.433452,10220.497558,9602.707890,7873.810794,3230.871923,9112.694568,
29072.050165,35613.431431,29316.671234,12767.636757,16372.307297,4382.480864,11007.695109,7932.570837,
52526.853711,59924.073389,35239.977939,8718.299143,5751.280384,9427.646220,2172.166403,12472.452999,
37900.041962,24524.518579,52490.712627,13728.883556,25520.107453,10171.004043,17390.914111,5616.578239,
32590.105069,47896.187603,13601.690751,3648.933508,21731.793452,7035.114319,11846.549505,4915.411670,
22202.837947,25736.751891,33087.209165,6949.147567,13210.950483,5373.869445,8909.862415,6604.643546,
49714.537211,27235.306977,28761.892546,6020.642742,9386.562823,9564.774136,19609.201537,3232.751681,
25758.797440,9555.598420,35885.026749,11541.540817,11358.289793,16009.443525,22184.197240,3704.776633,
38416.112433,25616.006262,8075.342047,18328.157057,11462.268662,7028.211038,11311.869771,7690.454080,
16784.092373,5880.718022,23663.392460,17495.492379,20810.935769,11563.700037,5908.577396,9319.114671,
16057.886232,36470.152361,25687.737405,4694.267824,9955.571854,11016.010038,8857.429223,7679.389623,
8538.363665,43173.571972,49941.040243,9970.749542,12219.485139,5874.592810,8117.138873,12220.679225,
20265.813273,45952.249712,21677.890361,3400.502408,14206.101461,13538.774795,14259.319174,7368.822936,
16001.889563,42216.793891,4260.160567,6242.657284,16482.664657,8455.878468,18775.634641,9215.487943,
36210.848087,51117.277419,26546.327062,12303.381530,9260.364755,7226.020362,6518.583822,9028.323724,
25174.131633,17979.543819,37883.339489,19459.058433,15788.331410,6430.345576,16800.986481,8217.313342,
40835.934953,41542.699285,31147.661841,9161.982104,13757.711410,10356.847184,17338.925792,4657.446450,
27315.508229,32208.845904,36209.879965,19453.363348,5062.221743,6715.514462,6472.410773,5348.171115,
52464.441860,66044.570979,14821.801802,4120.196476,12222.455076,6210.879051,9010.252541,6180.557336,
35590.957232,37017.366654,45743.382105,11144.140783,15349.019545,14918.102064,9010.461594,9684.894653,
59481.365156,41427.734124,26674.377766,4449.431394,4079.435656,12589.263220,6530.610490,11243.761043,
34263.036978,20016.266363,38690.633286,21637.226931,14795.346065,8930.915159,17864.055025,2944.429770,
39065.067362,64175.633768,14703.349827,15716.551693,7578.397898,8042.409609,13614.845187,8336.087654,
27838.070823,51621.826625,41015.120708,15933.112538,12500.393537,12166.675917,9570.126951,5866.615308,
41437.813054,69303.766039,28681.537243,12228.603403,4748.835324,11581.045768,14711.062383,1821.811584,
15055.285932,43232.794496,47766.292973,5327.635495,18675.144597,11521.106500,8518.248973,4338.936680,
29703.932139,70484.934623,13567.075106,1352.522660,23170.755806,11753.370451,12545.514059,7957.868539,
1756.977570,32377.536968,27223.738105,10113.918474,9730.270806,3929.506095,6977.834281,5124.604720,
41498.541043,51921.078543,21240.605876,13500.431668,9567.918713,1538.235062,15855.760093,5223.069623,
24891.373669,5993.690138,47762.667512,16526.057096,3457.365002,2668.540635,5500.503135,6470.112197,
9610.117649,56916.491721,16996.673973,4785.453132,14975.254595,6556.850776,23559.049213,2166.312651,
7278.805857,28390.071899,21602.251815,10697.058109,13895.037149,9646.204482,17243.727213,8112.990784,
21727.018902,55038.545637,10745.281833,5765.605230,1759.230692,10288.254259,10512.759081,6570.154196,
16634.778913,37913.017998,38660.997376,12292.721043,14504.951466,3722.497627,7812.939063,1100.413581,
30215.731670,27740.781738,17586.128646,11151.124820,17573.657719,12645.722564,7755.682548,5442.051573,
10658.997162,27948.030309,26170.284265,14070.198172,2080.950073,11603.588607,10276.754241,5519.336715,
30023.643178,34311.929158,23060.374795,18579.901736,15230.532642,4111.718723,23269.870363,1884.625354,
24606.471538,10224.747490,17739.726916,5718.364609,13579.533502,8368.645171,16844.232989,6106.441940,
37050.430230,39722.057320,20488.109940,10742.618052,8572.960015,7164.320465,5717.951215,8133.694941,
21477.680063,11479.354431,32525.702147,8379.578041,9925.475670,3801.680287,9529.292221,10049.139134,
49393.189144,34097.777427,14268.433968,9010.339029,10505.665271,11372.723521,17859.019677,11607.676004,
39301.090885,21780.223248,44510.031661,10161.520921,9134.160100,17018.117688,10842.640591,4517.171212,
50578.698609,20721.650248,26766.416122,10417.760844,4785.391311,3805.316938,9866.162628,6153.838233,
23305.056443,39935.146039,45814.861570,19726.866758,6074.873396,14659.582350,8903.791760,4522.324626,
51641.726990,65895.945564,15462.002791,11389.480132,10561.014111,14926.489507,12973.795331,13733.467134,
29002.168041,11147.829806,46671.896529,17639.975951,19624.092109,4715.921159,8333.462683,15597.049604,
34517.281099,54425.138188,37492.596909,14482.671934,14107.030227,13596.628157,6983.314768,5808.487216,
17995.514894,27849.459688,36098.190485,10594.676860,19041.441596,10693.060052,8210.344224,2545.391073,
20213.668370,52889.774042,17768.009538,750.974081,5879.388042,11724.761003,9454.934880,5892.251143,
1060.492670,11911.576455,15814.559991,2368.468663,13155.843516,12317.838316,13219.940991,10153.748409,
22550.428841,69478.671521,3266.018956,14982.736206,11612.596326,7453.788298,21416.561523,8186.718094,
10592.281412,42667.548162,25174.132721,21018.864139,4620.192210,3962.525579,14680.296741,4640.052540,
22394.471797,68498.457534,14080.846028,4550.292068,11438.279564,4039.054873,5055.951647,6748.761680,
11758.955873,59900.172415,19954.024136,14795.003750,5821.542827,8412.145584,9340.139931,8702.287506,
36445.856522,32539.908646,29864.107226,19169.346740,13772.341206,7375.925220,4426.021743,5040.194109,
24178.032740,25965.057541,31856.248616,28966.280181,27734.166050,3945.648029,7168.606342,2109.293248,
42382.530873,35129.795762,17016.222236,8705.109075,19471.290243,8295.020562,4109.215792,5879.185946,
21122.581031,12708.453336,33685.793179,22220.163682,4405.430153,16995.573444,7303.794121,5471.654126,
38311.107434,40552.639743,17144.823544,14340.983918,15499.685866,17773.817576,9926.032793,2989.924552,
21905.605048,22247.763279,31437.155230,8321.601571,14399.383336,10213.384551,8347.286818,8796.743150,
43592.560906,20621.224362,3598.140242,6359.627871,7367.301003,1646.845989,7596.097809,7271.818148,
24420.845904,18534.038354,36728.790063,13669.844714,16025.914297,11460.445073,16483.128712,5908.449195,
38130.704447,45912.517747,27508.672027,10647.333116,10646.114710,11151.962025,13140.437758,7419.550799,
39236.363661,33609.218215,32810.806730,9623.018274,7952.609213,15174.310013,4908.197610,4967.322697,
31863.204174,19409.487091,17520.655795,13107.105597,12407.600732,16500.133900,8075.943882,10383.303541,
18470.479242,16699.157986,30318.808486,16144.976753,1301.765590,2615.159845,8035.130429,3843.993321,
31348.934601,2275.753950,22544.306092,22509.832981,13158.850410,15873.367726,18271.018907,6745.773273,
7879.408763,28054.895250,24383.250529,11602.875581,12224.332425,18391.268957,10488.997590,2385.993394,
24946.142654,44835.334173,18526.719818,5929.275800,3228.163924,7373.193788,11310.289137,10373.122058,
1431.858571,42099.204047,29384.020924,11455.244034,10999.136192,9480.857542,7491.510715,13215.959191,
26392.949955,50860.951796,12871.817320,5508.780852,9932.021155,14972.539301,12130.554124,6319.013523,
3676.251182,14278.654290,24442.466791,6660.457459,7774.164891,11886.762942,7689.012145,9698.257525,
19941.396102,29231.832544,5826.548865,6181.692347,14280.569883,15888.884532,9072.360371,5197.453950,
11889.378231,23420.907843,28345.569089,9602.549208,10674.258795,18783.097319,6887.398920,4355.630764,
27767.268650,50839.503303,23035.847691,6213.815220,10615.295992,12741.704630,17895.847119,6756.528582,
8446.332902,24749.838156,18205.570450,10342.999126,24314.115490,6238.300728,8117.871404,8006.523721,
33320.882332,33182.903714,17510.977723,12530.976866,19083.881171,8487.900172,10604.277008,5299.000620,
21245.160954,31160.319014,25801.474729,8485.542453,6447.270771,14603.773768,7005.865396,4530.312577,
48623.767854,23487.970918,19520.980077,4144.674917,9559.092977,12455.604531,20720.854620,10220.051169,
28729.908723,29498.061460,29859.855928,9136.576944,12764.616258,6298.191059,30747.476833,6520.918724,
36548.613706,46833.854391,29022.806838,2371.951943,1756.993720,17824.757152,14360.750248,9887.030994,
38412.279794,26369.525591,23179.264391,5467.903835,11691.948104,18336.974828,9985.132162,9824.097830,
33932.525734,42354.590983,11044.946589,9918.162946,4726.304559,4865.528453,10173.454902,3632.646648,
12587.404299,28238.578206,30078.231490,13722.477424,6503.408189,9483.797448,7072.096864,8040.302747,
28818.157412,62824.736628,37169.118486,6374.352873,12805.469499,11694.476759,3270.764513,5038.779082,
11720.726444,33313.502766,27717.338955,2740.685554,27506.498155,8567.691934,13458.252633,459.084223,
34602.380102,41711.379994,12677.861717,7369.167570,23844.410868,9677.654781,13570.995167,3838.306029,
15128.342718,30485.117016,27662.218381,5139.747505,6313.376360,10338.706863,17614.296284,5167.338011,
23484.026098,21809.839596,13287.314065,17855.370123,13102.360446,18749.048866,14489.242254,2709.471162,
12183.873468,15926.233384,16924.789558,18366.644769,7775.628263,25345.552957,3349.918925,5596.710472,
10793.617552,12731.214968,20929.252967,5907.550496,5916.142654,16858.024313,7974.509217,1690.034876,
14601.627959,7123.711614,26582.505866,21724.312120,5171.665223,6127.307956,716.035209,4584.240444,
23623.444073,18192.237566,8884.359759,11984.227379,3309.910104,9685.041367,10757.688191,2511.181495,
7781.315957,16500.204137,25384.795850,16360.624551,9385.887830,6274.454019,19858.664997,5750.408145,
27461.155642,9585.701530,6945.963387,7519.227761,3225.483608,8279.750218,13153.629298,6087.794671,
5828.101012,15635.756817,27532.941465,7467.654050,14274.575071,5592.811673,11352.734866,1487.376378,
33404.226870,6124.166339,31101.894970,10237.579290,20985.309466,9540.620984,19250.969509,4956.022343,
12192.050359,44991.996235,15841.916536,16695.029128,7639.842768,9644.962911,4340.678847,7059.325146,
31383.050764,48040.827545,13966.098408,11749.979716,10513.014187,7778.133806,8050.801087,4915.242325,
26006.244402,6881.730863,18621.970078,16119.066826,11191.798084,6716.532378,11247.502239,6618.237659,
39963.986713,26535.064370,30910.853055,11387.900819,1751.450018,11767.129418,17090.547218,7977.928932,
22603.192783,41196.461367,45896.300937,20329.343032,1951.682554,13184.887616,7722.299260,8876.166581,
31926.374330,57037.147834,13595.442131,10740.366941,18413.957595,3781.232485,17875.501394,6771.701661,
27018.586166,16921.885853,27703.735084,13000.427242,20336.031122,9904.335907,13926.895572,2197.905223,
30873.936539,54536.892335,9006.291362,12453.297785,1670.158006,8198.731542,6204.952845,8098.897628,
22748.000810,37966.913226,37336.672382,16469.181940,14901.421932,10200.065818,12312.550806,5031.085770,
30417.821977,43935.339865,27908.890038,14541.847413,4635.647649,21073.330036,8153.795564,4520.647085,
18989.178049,26087.771278,18417.908212,11662.770077,8878.001461,15210.804219,1881.035184,7127.504694,
18528.471692,61712.204967,16187.355645,4678.870902,4693.927167,5759.418721,9767.086840,4916.962547,
10790.315062,31848.946771,24055.679268,12828.555913,7582.711946,6106.287145,9647.298977,2407.709043,
20003.605062,67798.848674,11549.557773,13270.101477,6514.114871,5236.998205,10947.966504,10454.771347,
6925.049329,29144.014178,21918.722154,5372.258959,19421.080826,13758.889304,12180.205601,13097.732179,
1318.811120,34086.176582,15322.788180,8245.860027,9054.663383,5825.896027,9069.304959,10159.742755,
25417.912558,30413.480974,14741.486827,3123.316142,9331.393757,12256.352948,4239.033546,6875.640703,
29921.343851,39002.651809,7416.039642,9698.403647,5052.440626,12565.046368,5977.468708,4578.045376,
17912.954622,14047.183841,16331.964926,6536.220700,14888.464585,1469.311496,10929.730286,3950.646658,
32943.501930,40059.754516,15742.244765,8080.356720,19209.564647,8050.032157,9522.108915,8516.358883,
15910.364225,38343.495523,30854.356940,21847.423929,13094.618147,13698.125689,5335.375932,13556.425967,
35054.104026,2935.679275,27875.375817,15795.211040,9489.921376,17086.656970,14676.454237,9879.950484,
24514.994794,27182.804142,44860.723726,2510.013968,7649.967123,9223.759980,14524.354629,3184.783633,
41473.068708,29022.719476,22537.007120,4461.706282,3696.158447,4913.096692,7085.750526,13998.833965,
23926.281372,6949.158766,40040.917424,9552.018849,14037.779673,4544.754029,4914.948207,14798.653158,
40313.249421,18011.856625,18906.604552,7380.316177,16488.547327,9998.863739,8648.012288,9552.028526,
18869.054717,16037.471117,24540.451459,5843.993127,1066.617665,5373.897631,1915.113716,4661.958297,
31294.547105,33199.177943,19006.962753,7767.087651,11458.052479,2770.922797,6631.119653,2204.839849,
21463.160823,27930.420303,12058.113842,2442.555763,6501.127100,4033.986941,4706.275662,3937.397867,
20917.611724,38481.671224,8392.838217,6161.060666,10415.002382,3965.644356,7696.417978,7857.039837,
5250.475655,20306.403679,19529.252515,16916.518829,9522.815592,7206.550588,7759.440339,8147.026533,
26072.390332,42044.188858,23301.126338,16056.213309,6487.947796,16805.615030,19134.252322,7074.255339,
6843.853873,22658.920558,28180.973792,2239.303030,8791.035738,10118.142013,13134.962789,6919.710334,
20397.068993,37141.695931,20499.151961,6081.339291,4346.718447,2786.156283,3462.229876,3264.326448,
3562.867166,28861.498020,18819.376107,4384.129127,14249.641263,4361.325098,13416.324314,1290.638501,
17986.501159,52488.963706,1510.830742,2167.075833,6172.267487,9040.824676,12938.206767,4805.935276,
9501.607940,9029.384839,17589.891504,9884.975373,10812.138306,9608.837133,1415.405841,7108.727291,
20360.396828,49427.203747,18118.509443,8231.455243,11201.705760,10580.950970,10084.100766,5916.560684,
22699.051536,25779.590416,31073.569685,8413.174943,3279.036270,15962.904799,5990.243508,3871.325715,
34959.126847,50677.059228,15728.179865,7994.000373,4922.725707,7668.303619,7597.418489,4060.131491,
17397.977509,30148.358030,27194.364834,6185.054629,16822.995781,5628.682535,8988.907385,7623.776856,
44867.662789,43157.143281,25057.240400,18173.787142,15060.981737,12094.444937,6507.577497,8850.046460,
16416.745548,16160.449644,31246.883418,17353.989544,9777.973216,9062.776534,4408.230525,9017.019808,
38172.399417,33374.608315,27148.374309,7569.190754,15370.290196,5427.503629,2330.831910,8607.062398,
24458.406984,18244.136619,24818.001237,3950.757809,4222.839317,15324.824749,4980.708586,6906.792512,
27167.329964,24648.660156,6983.562976,3793.177025,13721.490667,16864.018534,12131.255653,7515.292149,
18261.308792,14949.868303,16769.455856,8639.492764,14518.280146,8865.616279,13161.491602,6061.109432,
21390.657540,15612.435648,6883.366217,9393.799532,6140.691244,2369.205230,1449.002439,3901.432457,
7409.703233,12282.125187,28387.411184,12722.337354,4613.474452,7809.615995,9625.582642,5052.122187,
22452.196919,18032.337509,13974.301264,9242.771875,12465.625087,5965.514916,1440.865779,7766.972206,
12722.138688,11190.146286,22981.620688,15610.144378,15305.465519,3465.886060,18023.467600,8121.290315,
16237.783323,17027.361282,19674.968917,13139.056799,6107.552248,6862.498155,18098.701197,4925.127831,
2706.379688,12529.812611,25398.881985,11637.314526,11038.779215,14531.573502,8789.639237,7606.614716,
24247.298184,25432.477664,19594.332442,8280.602405,19414.106136,14148.927164,7650.990961,13201.906058,
14345.661972,23879.604842,5938.044768,6828.446557,13822.678556,15718.169213,5706.717038,9593.362222,
18171.621451,39633.223984,21601.552609,15915.530648,3027.583959,15713.607409,12594.893947,3077.623663,
16830.290154,14877.407624,17942.715045,13910.754875,9901.962651,11589.895010,7055.302232,7814.287555,
20156.669477,39654.259211,19282.892355,10706.119358,7559.421654,12816.125642,4276.023824,4419.915632,
17574.905970,21132.545322,36549.551978,7356.240593,8968.698224,3264.476291,15538.768264,7543.482684,
18008.554794,48023.714116,10467.724831,7738.830618,13306.593472,10664.172885,23837.476423,9194.851370,
17381.189231,29693.093801,23896.064300,7751.678245,7547.363345,8634.646673,10765.255370,11338.610292,
34944.227140,53594.815717,15096.379534,5996.898308,12191.010856,14433.753489,6874.454336,11495.957182,
15516.264795,26404.839659,28162.990029,13047.418415,5480.197516,13093.578363,8931.954404,4224.538736,
31288.310399,37992.971316,18936.779015,5916.739446,4922.118289,2797.954050,6367.169437,15329.868994,
16572.559156,37965.675235,22948.388620,5500.355217,5690.940006,10673.715573,4367.508873,18363.768276,
26300.563238,49995.052157,15266.958862,4210.653675,10995.432970,15937.195156,11956.478057,10653.003732,
18496.055001,18249.802480,12963.804713,8087.741757,6691.398420,13092.658754,8844.574952,6709.169907,
26998.185696,42476.989305,14982.131151,2181.301341,15536.106755,1718.440228,4949.191692,5599.162537,
7808.335701,18869.452990,30511.351599,13417.191377,14792.230091,8611.065114,2400.815899,4468.882160,
24235.269601,27861.692872,10182.881591,15134.952682,1018.871329,5544.018375,5288.328331,4734.588219,
12080.756823,10402.671986,19488.492058,12979.489656,9496.105071,9575.011211,7860.907465,5622.987733,
24760.767866,33675.711902,22996.312598,14673.472693,10389.604001,5855.316430,14018.537534,6040.046615,
2246.577132,24757.122403,18225.081838,15953.937766,3764.814846,6156.114515,4662.065157,5579.980460,
18133.217684,11710.106308,18364.557724,12971.272406,8791.520976,7701.257964,15387.223812,4544.882235,
9714.405223,12483.084686,18476.632155,9842.058483,9815.949033,7625.555768,15184.561333,2574.687268,
26806.117017,17058.594747,15032.701270,16936.201959,1873.432506,4507.327818,5098.157136,2842.163710,
11504.821554,8178.759340,25255.015825,17828.935573,5319.639278,9247.822754,9409.786796,2082.393322,
22937.002459,8020.595420,4235.208745,12772.334982,11047.520446,9617.516676,12089.225390,3211.394787,
5920.490524,2597.198194,26127.434321,10401.271107,8934.609084,8080.900628,5846.188855,5286.877097,
26887.909100,8439.542161,16047.849765,13582.374003,5390.362025,7485.306731,6785.696458,758.146167,
10029.565256,16073.186479,20542.572546,7902.845903,9696.791853,4190.776291,3938.335292,10981.974962,
41963.464284,14229.279622,21274.680942,12551.656923,10363.911186,2176.172297,5766.563307,14935.698252,
19792.025802,23219.448128,40441.353598,10466.024077,15247.944632,534.636040,20139.053953,8793.756384,
36488.509125,32025.469236,9240.979123,19589.791684,6354.647414,6301.948853,24507.918991,4348.485134,
23631.636540,41454.849662,32074.560010,5492.983597,9430.724545,15652.232531,6349.326421,5088.821695,
23316.083676,56987.009206,27351.043815,17524.463417,8282.583404,14544.770049,13986.463464,3786.612346,
14109.269237,19710.499271,18091.216449,12925.974647,13625.142494,7138.500235,9994.565149,1464.163429,
27111.344632,36032.912917,14717.927175,12185.751935,3771.280166,14454.174256,5992.335760,4943.448641,
14515.713040,24117.753775,2802.380551,20670.531476,12390.300054,12030.136196,12399.986743,5387.163253,
18235.529823,52723.757003,23102.298328,16428.675219,18235.832338,10045.826018,16235.441678,462.386177,
19236.135827,6177.204518,31276.023277,16211.847429,13345.600594,15797.051207,8351.188375,4233.222615,
19039.379590,39790.388457,10994.272739,12762.405041,5417.588463,15716.985736,6684.201824,4529.570942,
14252.247238,28831.834193,16878.834237,20736.233823,11632.965590,14234.183828,14289.834125,2791.725172,
8745.776194,68017.704828,7960.532428,6921.394074,138.937390,11879.921040,17583.830591,3982.137254,
14404.916946,33549.594286,23785.025997,8926.232776,9805.371488,5909.680111,10337.970367,6797.486124,
25033.806684,33848.538810,28288.736745,4476.788564,3479.101161,5659.557254,6075.211394,8852.102825,
7634.579098,31697.520685,24277.546514,5260.006882,14353.849471,8280.873168,15176.241934,7102.332157,
33156.461934,20872.101892,6131.780425,5002.827666,8008.208166,5073.386408,18096.106698,1700.663038,
26637.302383,25949.745037,17455.438651,7156.368696,14056.977616,10265.751192,7150.574853,7140.146099,
17336.361862,12953.169554,23412.876287,11095.733973,19032.236515,15295.361373,7174.119994,6414.973098,
16080.802187,25305.974499,41531.037904,9186.289942,14648.846669,15255.785730,3385.970925,854.043103,
23473.447476,14541.484447,15169.752277,18060.712974,642.643681,11959.688165,10881.721483,5847.619262,
8483.120451,9234.551317,22332.474204,28089.891504,18403.141171,6886.571513,9940.036126,9237.465403,
26435.854594,8437.667488,16219.229471,9515.744934,19618.227265,17288.967928,8694.371854,11626.925533,
12013.705417,11270.313237,8366.869725,17132.797011,7057.202990,25935.576552,11823.414310,7647.770594,
20970.766702,13589.367643,15807.324833,20409.962525,11452.828248,16854.590497,6155.208332,6501.678081,
16615.943698,13870.269889,24465.692696,10180.560978,11833.275096,4623.642723,6740.739833,2663.490129,
11997.975563,17696.912758,13504.636336,2674.762976,12638.646283,1859.495256,4995.549354,3713.880621,
22089.310509,22122.864014,27510.591388,12286.407155,7822.237007,7116.699431,8316.047313,3661.878251,
26021.391507,25968.189665,6323.467497,3132.561698,8049.498466,1826.826765,12411.060013,8531.576320,
22140.705550,23668.118214,33994.780265,13869.776972,14619.667189,15254.743968,19637.989825,6909.154697,
22610.080905,29427.740598,14038.785813,14137.712748,11953.046660,18609.939616,19603.541016,10159.675997,
9691.271223,40817.924502,21022.932651,11211.344318,3006.023891,11949.723405,12606.500978,15574.733796,
24118.531001,76476.977770,16034.529028,11553.094298,12583.619012,15573.770728,8584.975806,5258.015365,
5454.935195,25983.791131,15488.460574,3791.864178,17292.939919,5995.693135,10068.773521,9443.312102,
11882.889025,40362.779650,16860.599693,8669.400861,3672.553909,17223.326438,7031.394408,12425.858043,
11814.151654,15349.484152,8377.170959,15427.790481,19580.481196,17161.415771,15396.583228,6978.460990,
22434.359371,39222.558138,15869.172521,12368.234863,22654.577718,11181.190617,24667.941418,969.663554,
21053.250778,26077.063912,34767.412578,8279.599774,9923.930088,7078.589625,15188.052493,6616.918023,
37166.182012,29141.241375,32458.164081,7265.677925,6117.175149,12653.443911,22638.328975,12669.138112,
6400.056127,19681.021836,23515.071080,12297.096073,12787.438224,7774.492316,18854.142730,12591.542634,
23445.462522,32224.134270,7420.297042,8952.942228,7229.535944,25676.124455,15360.174557,5317.379803,
18476.926150,29291.573782,28642.279331,6842.143139,9443.728065,25200.398089,16711.425323,12034.617371,
29043.445824,9800.125901,25209.663551,7091.811895,14399.254997,5488.514325,14701.937614,9869.097721,
14570.117617,15864.756234,29236.768969,13596.395155,8453.327294,10581.415838,11550.295923,4954.795681,
17867.092458,31753.259848,22498.872296,19425.064929,13201.255519,3687.569333,15830.443901,12267.386302,
11180.130242,19192.959892,4596.987394,9565.305770,15213.940857,11106.781616,27220.763742,6540.707497,
27594.399418,27569.590727,19331.825738,12316.059858,6950.255899,10113.999462,12918.650791,2602.743592,
18376.754227,17219.578996,20825.495712,8195.103358,6373.709222,5951.075037,5843.117825,4143.570383,
14258.845550,19670.676324,11683.673373,3132.675357,9271.613779,5705.757727,7854.156469,15072.660309,
11776.274359,16850.169386,18819.830314,4157.641100,6296.279129,6834.376031,8285.532259,14326.371231,
21842.447668,21229.573418,20108.748824,2125.170298,5214.165371,12548.577740,11117.421471,1839.651846,
13448.737086,16807.185386,40779.455030,6743.295193,7907.234357,5930.279422,20773.793112,6559.096040,
25083.184082,30375.282766,18834.010369,4578.749575,9337.082275,9192.550037,16094.031542,7825.765307,
7879.974991,14338.730848,9916.823887,4308.981117,5152.235083,6999.533240,13947.724195,13667.219426,
17316.074493,46394.707802,4860.364943,8542.114005,10364.958190,7055.494658,14423.797130,10388.027725,
10902.113366,21715.145919,22864.977345,3154.935981,8725.783495,8592.116282,9626.775030,2137.169247,
28540.040075,22296.533921,33453.498267,21287.729550,5034.632054,11834.725252,4598.746882,3481.384434,
7401.145694,14670.769794,30746.270462,23805.641644,9954.622639,14186.422833,9403.140008,7655.500329,
21163.398124,40600.755919,14088.698959,12183.043628,4575.672265,6708.542937,4034.845042,16566.627058,
14420.991612,27726.496083,18385.349391,13101.928622,11609.893080,7078.686903,14412.363776,14553.867193,
31856.109534,31298.457013,22356.110534,3217.668194,8575.472543,7765.389896,11229.871703,6566.850981,
13639.181927,13662.712451,30834.964573,22764.371104,5795.953217,5168.670668,5280.996827,7263.586753,
32255.502501,36058.591539,9734.683970,22641.755922,3368.669799,6210.809055,9826.794051,7125.818029,
9161.557523,31926.039848,22776.174984,10700.867905,14126.583256,4252.738930,5560.178135,4435.173623,
18413.301321,49191.230295,5530.549365,12347.233436,12934.420688,3646.162437,4421.714394,2002.658195,
14486.689588,23907.687253,30979.510600,4180.516565,3259.297004,7435.089345,8964.721334,2829.953751,
29282.748435,51552.444548,20735.815535,8117.448382,10112.934343,7702.360314,8481.753989,1370.419106,
5391.308919,19836.365071,2681.014385,4440.941822,5944.046620,6033.751980,1716.856108,4394.282523,
25024.576342,32319.161478,15461.969372,10814.294144,7673.085715,7961.251171,9010.429727,10521.473633,
13094.531105,23616.596644,34249.060444,10473.102970,6388.315847,9904.878426,13613.050933,12001.050016,
22664.025223,11191.036661,28107.809119,6923.571014,12839.082575,6157.501899,8060.285361,7472.830989,
4482.677481,4498.365862,11289.859874,14542.424060,16465.753004,2035.138035,17431.050443,4782.133376,
24063.083933,25228.314798,18954.843924,18334.375187,11291.715581,6874.127763,17417.571898,7045.730903,
15586.675202,34695.675071,27091.075151,21541.256280,16385.171607,8049.431402,4974.863786,6783.428010,
17315.968973,30158.403409,8398.421530,9258.384689,9647.653410,5779.140128,6709.036241,8215.079828,
1957.193314,24854.201799,20493.162397,5568.148334,5720.900706,1198.992995,1345.193804,12087.571281,
21805.218225,42169.422283,19416.953807,11367.886813,12973.849799,844.251545,7871.855297,12545.204859,
14553.819844,13985.563358,18676.114804,23587.445326,9594.294092,2814.268239,3401.648615,5092.172685,
26533.261130,33948.596897,20643.962517,17437.563529,661.037840,3317.206663,4886.144954,6827.727557,
21423.409297,22725.353930,24604.870742,4610.101724,8347.769468,991.715569,4982.166328,11913.449639,
22235.186751,36515.823343,2882.820819,11777.957193,10976.230427,4697.514523,437.289704,8706.578175,
17136.030965,20938.301760,23788.007597,6109.997995,11356.103615,4736.989734,8234.451162,2177.915280,
25089.318413,40610.963830,12967.653249,24005.293060,3746.195892,3188.599265,10573.549695,6357.020999,
7662.499816,33635.376014,16255.939764,22084.699269,9422.746013,1117.675730,4210.923655,11373.354114,
17477.301825,33540.258514,17713.112320,15909.558472,3116.390080,6264.533479,2231.722898,8035.448022,
18639.737542,8398.249841,27543.666374,29538.267394,12836.460764,7231.062542,8763.866590,2228.710117,
23286.463326,38470.292100,16325.032147,28410.795490,13831.991166,2655.473394,16238.895616,4328.808652,
10079.794399,16101.152520,27637.792875,17103.604801,5017.783063,10533.100254,9203.195797,3302.411717,
27368.333238,33858.906895,5439.572284,10352.410955,5199.953585,13249.844796,7633.891441,4500.304952,
7112.257813,33184.636184,20587.763078,10454.574153,5483.890580,9040.827093,6556.953777,7122.384813,
33954.126952,26629.051023,7236.577519,14650.458484,11946.576766,4676.504735,11295.923651,9419.414909,
8623.504937,11839.625229,18426.885933,13120.643480,5627.852601,3713.336682,10029.460950,6187.416400,
19288.736147,17193.485225,17962.149409,5135.398927,9705.363708,4055.318416,3052.779787,998.727075,
10717.879406,12376.970054,23178.911989,10352.041646,7143.571302,10534.159243,1899.109543,3599.005708,
33746.862444,22938.428985,14824.509093,15253.530642,7751.702983,13721.379371,9780.121530,10387.352059,
10551.471211,7578.957272,27896.360321,14676.877712,9188.551216,10381.942798,11013.180686,12437.941099,
27892.502774,20064.318968,15689.828080,4669.965855,1413.346264,10092.549108,3741.765387,4549.935735,
19086.516778,8751.182736,18519.398003,10894.732781,10810.071840,6956.139089,3196.241633,10452.394400,
26082.869917,1837.503084,23160.840347,15911.072261,13784.560080,11704.123096,9599.946511,9926.766135,
14679.306089,33011.670668,21642.346450,28498.718259,10991.005385,1402.055570,11355.486729,1320.790803,
20119.381062,40294.297705,5618.321935,20950.223211,9823.833790,12910.954728,3810.599050,5940.885788,
18954.758587,10256.200202,19722.854781,5517.936788,13492.851537,12999.824144,10757.060440,3651.315042,
11126.508623,29257.339396,7382.059830,9484.147182,7871.547811,11954.327681,8137.380283,2598.905271,
11644.263478,14762.334092,26897.383109,22029.967716,900.256470,8147.010459,2857.739221,8368.451627,
24659.835889,40829.892562,15359.261067,17285.557041,3681.890421,5440.024542,6288.309441,10195.929910,
4918.546694,13392.305103,11951.461497,12003.396768,8311.385894,10347.029048,4567.173874,564.451151,
18372.939784,47715.880179,9051.531747,19512.912941,7908.303875,3697.367541,3355.381911,13751.280830,
11928.759884,17368.380020,28555.049015,23873.451216,3343.897073,7458.193189,5485.992538,15414.730901,
22968.332391,25963.120546,19202.057023,32204.375573,10195.804040,10308.876203,6985.047866,7119.791117,
16877.526016,14387.877562,23815.198866,22516.233396,6276.485850,7964.355540,4254.590685,2931.363815,
19648.069314,36637.110761,13341.945950,10626.635421,16100.867662,3225.740486,13516.652806,4582.688333,
14900.204091,11941.741200,21389.490010,13265.503659,14228.338051,5824.284688,12518.013314,8068.771861,
19751.598771,31309.546597,9604.703069,8278.710138,6171.503726,13223.481169,6728.340859,6902.369099,
15431.307663,16175.548562,18257.463762,20663.373972,13746.478996,10943.621905,9248.834341,2390.086708,
36150.310044,29829.974451,21691.929144,18411.589592,7818.178935,5902.332189,8230.403330,1942.693762,
15047.578849,8845.615475,25588.070320,11048.934550,2002.490001,6762.636796,12163.550490,3707.915276,
18868.183853,24069.484843,16318.044209,33360.230124,10417.738011,5088.704506,9657.503778,3853.089625,
6011.678288,12901.021017,4626.722791,27995.393478,6484.120988,11916.559062,11480.822781,4358.346952,
25287.157360,23127.134766,16729.313062,14101.122383,11412.548998,9197.780271,18466.823144,5200.353239,
12096.038164,10779.395098,26308.997180,9896.900362,17868.623792,10383.717442,12310.375123,4563.596141,

89958.000000,1920760.000000,1151422.000000,2756388.000000,1599175.000000,3862288.000000,2456633.000000,1529571.000000,
2233816.525619,3652431.396686,3323792.345539,2146190.130005,1425661.438068,2523891.163974,1712575.023679,1053052.894223,
2300242.661623,2106128.418729,2564133.702583,542505.780345,1010101.389139,376231.280736,358285.063178,230912.357259,
1676079.200378,2665266.864887,1838645.719225,863280.117374,480738.084601,1087191.004237,289077.971448,241440.688111,
1998059.743146,1782113.070113,2308144.515851,534414.624316,898966.137084,816406.314347,220481.750200,282122.671752,
706796.608430,2795868.413959,1008179.518645,1130369.565537,2241929.674277,2720568.943955,1163603.400898,345311.118948,
2424549.709913,4473302.206569,4327867.351141,2148069.965303,2647006.511685,4001199.504037,2517397.346789,508412.594716,
3804440.988085,4496298.842101,4020781.506782,1581164.695459,1824290.102927,3808788.208129,2711276.553670,760531.346094,
2206595.245412,3783596.681087,1410362.152848,442354.322047,1511143.260537,2405233.417983,1278125.976505,543285.990238,
578844.019730,1728557.716273,725029.228479,155432.156385,1755590.170478,901045.790943,557797.461352,134617.119842,
1007947.792034,1667471.622631,109985.164801,354316.360782,1294854.305144,678908.775002,877238.506202,126695.423382,
769659.036534,121638.061764,685756.631035,308673.327598,595989.865791,532451.625724,360961.653515,50754.939758,
1112890.709102,1609397.057704,561547.140684,26838.777281,464439.288829,289614.692983,406811.340953,170910.947340,
268651.273831,974509.329400,629380.753141,77313.978290,540235.047671,339374.220973,407352.053731,139966.549707,
308347.046128,1043856.723817,627393.784533,50517.055227,454578.702508,250238.321616,294662.293788,72413.007818,
434305.296092,512205.480983,248408.843972,93864.759753,233156.079109,146466.372721,177431.353571,35245.053668,
533849.740872,788596.838046,453411.937727,190707.071206,184617.476070,145063.341733,443421.120183,25844.364812,
91844.516007,409594.869559,380594.018804,101865.957187,161249.576279,24183.253517,181191.413901,55590.670204,
435225.441408,536915.194132,300451.312846,133938.803443,159225.136829,195416.715212,260161.322689,77727.834462,
30976.093711,241071.869212,440735.853620,164043.968915,311191.279033,205568.260394,255656.146755,62307.328348,
233055.967119,502318.426935,137329.282432,22343.346104,98565.664197,93017.233929,153412.330021,25425.636421,
115136.191764,206902.779533,386965.433281,101416.273547,110898.031732,49256.665558,88362.018166,52130.235651,
239883.856141,353382.967338,236678.662516,91016.279029,36469.006372,81276.802497,91372.482978,54048.291179,
156407.583297,143157.669618,403446.298572,93729.020061,127465.549812,82638.884452,107199.377467,25316.175388,
288209.618008,295069.770135,159287.312309,40678.029818,125214.683814,47587.236487,80791.135383,9878.867900,
173899.222030,191191.461111,278265.178422,73690.643545,157211.393068,22134.739233,104638.179201,17132.884662,
316367.498686,239420.329936,145392.405181,57454.522589,99589.790400,77634.825123,34670.492062,474.430375,
232623.519980,59119.816194,328009.263650,84071.118554,95634.001083,72373.095622,115064.357643,16303.677906,
381798.431088,185747.524172,132335.449347,14192.699377,121254.114011,20704.661011,50007.901909,4382.024103,
232448.057868,81291.563985,275207.504286,47167.296038,64567.159209,10803.145235,79826.998181,30611.202014,
338519.249610,280002.526710,217530.833015,49973.163061,62818.465744,17253.398262,79291.904527,25842.618317,
138405.713442,23755.667487,252691.922707,69578.788759,79606.403175,37195.815796,83261.666425,3851.381648,
303781.181404,250516.035859,143229.866242,44174.720168,93176.209726,12761.450882,58831.200650,11409.534694,
136171.101559,96526.565981,214835.331856,79316.305768,59342.080092,19449.350759,23394.236737,16878.437829,
253953.755339,234585.925428,91253.810367,9095.424065,44454.973079,12761.043151,50275.260001,17016.267568,
118127.009452,121546.373572,204647.465353,51393.805393,77363.199617,17695.900684,54690.145876,10549.636659,
198002.805700,330497.192126,127695.863647,44185.396926,45938.945035,22842.960408,56590.453572,15561.778585,
52575.268523,92402.232897,164482.846200,59959.967783,93285.600140,17064.499650,36352.639469,10170.682104,
169046.919160,293112.555129,61474.887790,19397.565731,45488.309532,15394.144737,53809.314611,8656.859266,
55730.071064,152956.631185,117935.173442,39999.011459,55414.840832,24561.921166,63298.680765,5340.963408,
150149.593564,308472.721435,88511.393240,37464.879682,49540.193020,15969.127034,35216.938340,12184.359542,
16382.346190,95109.155699,145363.800895,56741.122854,45206.697255,23853.528654,50006.431834,5767.284976,
138709.074681,285074.293085,90823.888560,39174.540980,29356.780160,22744.460690,56336.892110,5004.437392,
54285.130638,130872.391657,162571.780885,45523.882329,49117.660502,9735.428915,31168.988399,4017.392634,
157886.290896,249906.874196,71888.958355,24926.245099,49523.779342,6535.590432,42397.907736,7935.473207,
55535.637301,80958.945775,154199.008929,41054.269952,63300.488176,14473.014211,34344.627925,7882.495906,
168266.688925,257395.349704,81847.884001,21540.186780,52785.069315,5788.346710,41329.653092,8621.166219,
100770.919052,114509.754378,156693.575523,44399.207272,37685.789297,13097.079853,21906.914534,5034.725313,
179159.120130,204664.339803,106576.888351,22426.286591,32998.075989,9948.305734,29819.334235,1206.645137,
114135.384732,84670.005478,152514.118363,40579.826229,45746.577788,21818.236298,22697.027015,7005.387034,
187383.782976,175403.633286,108861.141059,22902.433894,48916.963895,25094.920145,40009.064673,7469.211510,
92941.235756,66449.651588,155992.124213,45527.549369,42746.214625,12009.034743,24739.649481,2923.076051,
172860.011529,145327.662193,114755.048343,28359.003687,44630.060673,12440.095003,12399.436702,9439.144186,
103873.353905,52443.778593,151551.810677,41020.109615,47115.103085,13143.786507,22568.309710,9841.217959,
162296.993857,117683.920590,82498.214801,18411.784597,32723.644584,21900.892790,28148.055095,7997.611817,
79639.203767,34835.640602,120211.026572,31539.945180,33793.682171,10476.986050,24976.917094,1356.744346,
155568.128126,96137.335555,62981.879634,22033.516925,31511.115092,5031.390575,29539.350683,4396.443966,
66567.293539,22821.919531,112992.434993,41452.289938,40798.877254,8875.232802,23735.605138,1116.947041,
129936.403825,95566.015285,52130.255627,21142.406080,38518.443305,4107.057320,29891.351050,3303.602983,
38189.957406,22971.667963,85148.456392,40356.376433,33692.328256,14435.276607,31189.450860,1112.963647,
105557.909932,98108.553765,54590.950882,23253.837320,38097.315160,16083.508649,28684.732862,3898.325248,
22601.002781,57048.420291,105314.950043,37495.503463,31924.430214,3392.519903,18583.592100,4416.388328,
92099.860486,143221.787754,44803.235998,19877.935750,28011.480835,13667.934145,25744.100906,1052.937682,
16353.337404,54302.643307,89263.542485,36552.412683,30076.369605,2307.514392,17535.917050,2464.340195,
78379.932875,154027.907852,60953.930985,18296.817497,34087.285854,17840.638307,24426.159744,4876.843611,
45189.595251,60670.144798,98829.986622,37916.777771,30939.244312,9860.663512,17704.349964,9164.060691,
106197.181235,161221.878655,61263.806288,17491.134460,33085.698745,6099.261144,29745.910669,7760.955851,
59259.123496,83781.218168,104221.817575,34283.130116,37606.583952,4175.573896,24274.495847,3577.626445,
116696.519185,198255.260838,75852.505453,21668.822025,29944.004615,17343.211291,25211.324075,4624.436875,
66245.414353,70004.968608,117595.893345,36952.830955,37369.861005,10644.093313,18853.802363,3532.479928,
127230.412016,178462.120860,71889.509314,17655.357733,35788.247617,12323.271441,25947.247026,1623.459339,
73816.817583,73315.052889,108280.186368,38738.522386,29173.242548,16244.435529,16578.562719,4202.758170,
135550.111231,172578.429318,77876.556498,19026.444538,29077.957374,5131.507733,18101.226286,4100.264166,
67278.722997,76354.251369,117586.537810,28344.563508,30412.044954,3808.049203,17500.059950,551.797871,
137218.289761,158883.931745,64805.085717,11505.361333,32064.866400,3545.674065,26723.787335,236.248447,
70822.346591,67535.724635,100513.536216,24542.892344,31532.969791,10505.295262,21537.603260,3580.420784,
120126.132106,139696.572419,47903.169475,20547.531282,26447.832157,10076.731276,24506.735028,5494.601061,
58109.408873,68405.362554,87407.140477,34753.805142,26772.919083,9218.529409,22978.511725,2849.304833,
106790.494671,114282.222116,42967.455439,20922.450116,31742.846212,17412.672350,27188.870243,1096.228564,
44693.008718,41111.099191,81149.073106,31090.784164,32882.257971,11922.394851,21940.761286,1944.554251,
82114.852182,95742.468415,27605.463566,13052.586694,33021.792774,3165.182266,34103.523713,1852.487470,
26383.705461,34837.751651,66855.025068,33039.762512,29108.191627,6344.580776,24836.842389,3288.618106,
67509.285960,78713.639218,28263.990967,13361.324519,29019.844110,5311.440636,22761.063554,5672.428310,
10521.250161,20449.076501,72190.227451,24304.644788,25131.244544,11180.477061,15536.545637,2369.815869,
59472.773300,74393.267185,33566.436949,8125.251008,22347.590764,7576.418807,22915.488186,2510.123219,
21128.844297,31545.043279,69357.716239,23941.231182,19750.571654,11595.449599,15966.158679,3721.854466,
68901.492292,61973.296874,57986.558010,13194.316563,23953.638712,7996.887434,19433.580717,3146.149066,
36900.995343,26188.841957,84455.509484,21864.894121,28703.377430,6154.983825,21190.953787,2042.610328,
86623.995474,80366.780045,57529.297923,14426.117487,18283.610547,10466.737396,21392.923669,1317.273572,
48605.702366,19726.287356,88584.468278,26532.765346,19306.342106,6585.200523,13116.666806,3782.930106,
100373.169514,82052.466239,67882.891259,12326.977631,20466.441829,11372.492917,14890.332292,6461.977131,
55972.828863,36967.596686,100250.430943,26600.586490,22554.484844,6660.734360,12117.153819,4615.691734,
107484.783931,110896.687113,54394.555672,14052.560124,20026.987630,5136.540291,19223.474306,1023.412375,
62794.733796,45627.963247,94532.481441,20825.213146,27729.823353,6174.414476,21526.231874,1621.772738,
109198.992316,113807.458477,47468.051059,13432.965111,22714.524200,2775.473552,20099.124283,4517.227924,
56674.668730,75524.539824,73814.676250,28155.238614,23120.480843,5740.522905,12851.947497,6714.627557,
100832.461263,129159.199518,40632.243565,7668.407911,27307.220861,1199.332535,20118.421953,4628.123660,
59719.786852,47148.108778,71948.308333,31993.858523,21304.239628,6693.976648,17427.582490,3477.320391,
85322.206970,129177.554272,32840.595884,13692.165484,20743.307233,7143.083266,20458.694838,6952.996810,
42975.414586,67585.409854,68121.042950,19775.914427,24829.978870,7461.516708,21606.047918,8230.500026,
70589.625310,123108.054972,21264.891633,22048.342888,18802.601551,10532.221349,13988.131387,5215.177961,
28758.896568,55807.486018,54018.464515,23260.272948,25848.989073,8001.819858,14025.932125,5921.570721,
55229.349709,123033.627549,27217.133326,10740.687808,25731.473120,2328.691742,22676.142099,4185.756301,
7471.784757,47741.366501,51442.473391,20121.847723,20437.423798,7178.929746,15166.999826,3132.342895,
45467.477082,111944.856780,40956.696930,10556.919733,30207.950726,8790.801200,25151.266320,2695.534392,
13715.403316,64884.204363,54947.749044,25866.567866,20198.402700,11007.667560,20644.502237,5960.009661,
55543.847344,78571.499188,45727.937342,9582.140008,19691.976383,7226.592681,9316.436944,6471.436995,
29498.206372,19948.854414,65544.668097,22206.588650,21877.800862,11048.107312,19013.306417,1664.154653,
66288.919148,85163.038901,38451.922948,9321.723070,19053.946643,14818.964548,21841.423489,6276.703104,
35068.197575,34251.968682,78028.447320,17160.911650,21479.372424,3967.982639,13489.360841,5754.579565,
78013.691238,58765.145553,53578.812441,8152.676835,23988.520979,11487.698569,23483.981819,8731.790066,
42514.520944,25555.453272,74157.053501,27148.820301,21870.541072,7948.210583,10569.749226,4547.700782,
88981.940979,46838.293347,53051.618005,13944.750210,17197.616066,5251.031241,21676.704412,4306.235064,
46157.303086,9380.231856,69179.329190,21853.463746,16094.991300,3145.467136,19146.529514,4926.386818,
94471.262340,49787.666110,48440.298424,14678.936770,17502.685175,4242.654944,16128.184664,2239.959088,
52815.034281,17934.598586,64375.253336,15197.190260,25128.950544,3362.920456,18741.021347,5184.538281,
84468.174124,49624.794048,42988.863483,21858.132165,13789.075526,15080.829530,12641.851627,10250.320533,
51931.689348,28569.727447,62212.731430,19197.684711,14750.464977,12098.507656,8383.637483,7395.762630,
75533.394676,70220.495832,23304.681171,6829.999779,22119.395264,5081.125409,20491.834634,3524.704821,
39397.569441,31828.441456,49858.612413,17074.542101,18176.046614,12185.010525,16729.249779,7021.762674,
66793.945828,83998.302809,20297.282079,1931.712596,20579.766179,4201.816738,18911.995159,3322.021115,
33354.293623,26803.994808,53684.482404,21492.501110,18610.281681,5809.869760,16450.765428,3103.154199,
47892.336203,96970.369460,17326.931423,23504.436599,20176.602345,7983.849414,12927.247302,8045.632225,
7169.666588,61532.316539,37361.911678,21301.991692,17865.476490,14012.256499,13857.425804,6957.523656,
43365.636861,96901.192339,24005.391963,10278.309383,15076.692347,10246.311550,5101.928430,1505.078114,
6037.339722,45179.076321,51416.068516,20702.749726,19958.299095,2811.584169,19846.984174,1357.209363,
43622.945418,108016.910297,35808.384743,762.496146,15211.219282,7135.473126,18048.054601,6570.543568,
14768.666782,54109.845815,64051.467996,19586.785909,13106.699172,8307.872761,12435.299020,9381.030756,
56384.348172,92922.238790,46419.735518,19895.400474,13423.937795,1162.553195,9828.509953,5377.857538,
23468.446066,42844.384319,62057.780880,19929.774445,23521.620518,3918.379509,13936.654934,5100.113714,
56590.162584,103676.814029,39477.924907,8613.795310,16834.970545,2273.790787,12993.707251,6699.498567,
35516.765497,35392.078896,63326.868233,21135.137370,20787.165646,4461.247152,14674.581344,4566.335005,
74231.619562,91162.758130,35531.108039,10514.973346,21836.829888,2532.454217,18212.514479,5941.596939,
44990.120929,19401.877275,72328.646558,17954.511582,22432.381874,13881.695343,12176.503447,9305.150918,
79425.062498,91962.112507,46400.619035,3705.350428,10729.429091,16126.367526,4119.086639,8664.880110,
41664.621782,50631.669514,46033.569769,12001.510014,10811.828836,8873.258265,8373.981359,1417.595130,
86777.420946,75479.388758,47669.791275,15679.518129,16676.103524,11882.278264,18540.861246,6726.543140,
48618.735664,42005.043266,62148.398338,26929.463296,14538.049516,8887.009678,16137.501905,2394.636100,
65411.490598,51689.477163,18807.545657,11256.629650,13691.437564,9922.541848,14298.360930,7221.038605,
42893.162060,38936.139622,44242.051000,14380.314937,13359.679545,12908.041949,7059.615170,7346.235925,
60224.820855,20938.488944,10430.886867,2291.579157,11193.337512,7464.069403,13250.222122,2349.304688,
32687.786183,18707.339390,41862.183978,21270.922097,15076.636457,5543.719385,20561.041281,7410.029561,
51397.405701,42626.254389,12951.463393,7235.470574,10718.440819,10161.236155,16456.956285,3501.131153,
15955.498758,17636.745905,28070.878443,14048.838735,19195.622155,12462.153951,12233.029752,1706.058807,
31905.275277,55797.449462,24918.195332,7021.892212,10636.715650,13905.781919,2956.098009,4219.483054,
4630.933015,4596.772436,56767.139559,12746.750975,18851.026213,14147.495384,9983.132611,6294.729568,
38635.510072,37025.674383,41795.312808,8772.077124,21756.295241,10854.513252,10508.023802,8700.401305,
1609.446308,47807.240602,56254.166267,8524.542794,18517.217188,12966.362458,5450.840749,4544.474087,
35333.909386,78176.786502,31403.957104,11024.631823,11701.862301,9624.512692,11958.693834,5696.699468,
28944.316309,31727.982048,55224.261591,10071.727594,22225.074068,4075.673757,11685.713735,9251.258679,
55032.916770,76256.182987,37399.397851,5211.127243,15916.744906,4608.060043,18067.401231,6548.470871,
26715.351187,41122.570007,62214.171780,12996.832733,17091.234391,6831.838316,13514.690805,7517.849266,
54102.984781,88791.540416,27766.910438,4004.675920,12352.435720,2829.330038,15523.100404,3331.227488,
42784.445671,35860.593547,63357.258444,14278.787921,8742.134978,3600.353948,19512.711058,4633.250731,
76687.170638,73553.103978,38746.236268,10531.090240,18129.871886,2412.726888,9348.586652,3614.985239,
39872.035954,51203.945422,44462.911306,16279.149338,18158.349437,5165.458825,20688.423286,11806.268992,
71023.152853,102310.690566,28351.197099,3885.106146,9087.683239,6872.031234,19305.090236,11160.561852,
43959.817355,42095.750366,34441.938279,22431.072650,16684.050784,1666.819140,6761.968828,5645.320556,
69824.698531,57204.739081,26254.809758,16136.312494,14629.498959,5284.990227,6099.262876,3484.900663,
36918.958327,39252.883228,55823.554297,16397.635280,17785.191346,9830.714035,9679.263124,2829.700157,
56300.072576,76765.165893,20973.648952,10909.542308,17615.879751,15976.284403,11761.189898,3795.009067,
31193.378823,43786.785512,27663.322895,6204.502819,15525.662125,8331.468148,12699.396691,10209.933978,
44596.250637,62418.080814,24267.072939,15165.855010,11033.882255,3469.597202,4209.376823,7616.267896,
14274.845586,31779.836053,35027.129824,24568.737595,17885.315272,3452.674180,12388.528174,1278.166159,
35961.318560,49458.009787,5561.462223,7747.296187,18730.668355,11918.776179,12427.767309,4263.272939,
11816.712887,14995.040257,41594.119021,10711.506193,8281.943608,13167.123838,9090.097332,4730.893902,
23894.056319,51301.997875,36198.589828,8291.449630,14638.549726,7588.556883,13820.787073,7653.679245,
5635.703232,28251.666223,45223.324638,17684.680392,11935.858138,9923.166282,8174.861383,6406.549084,
32774.909283,28364.845831,30943.377138,6689.530851,15829.908497,7751.332536,10154.369555,2294.421056,
19426.195164,18622.120137,50934.965900,10151.254775,23376.237386,2524.396529,11692.675829,1867.652730,
46635.394662,28346.852094,37801.309669,12479.674672,5911.936754,6764.688804,11104.230991,4734.871138,
29690.573781,22927.098197,57520.800009,17272.487622,19137.879425,9031.384050,9566.898584,5778.957553,
42689.540922,50585.512396,30362.879246,3879.057745,5120.522708,7795.335020,5282.949014,3347.775226,
35178.276099,6200.285597,37872.014410,10322.348270,18904.753164,5680.284403,9935.053261,4397.497023,
59474.783149,35512.625065,45822.971985,7606.562082,10602.029254,2487.348783,13942.500836,6052.592766,
32557.142982,26421.889282,55589.467056,17344.430568,15658.817090,6566.697331,5626.939435,2370.131915,
72463.064630,60424.624582,22852.331998,9891.217762,23791.918753,15653.332197,14288.903014,9564.540837,
37932.906985,33804.494193,33082.284498,12879.895253,12555.917930,16767.558561,10747.805707,10486.913843,
63801.857246,72146.225037,15409.346489,4119.598258,6699.942659,7740.514988,7488.880396,3198.139045,
38009.220897,24733.039949,39776.053185,11212.080131,11851.516393,6338.095393,8646.477406,4658.006775,
55754.122589,65697.492072,4990.777783,6843.004300,4176.444768,7463.115135,8910.372860,8412.739982,
33804.348835,36861.425940,36899.846274,6916.777627,14772.576056,7213.549447,18688.956379,7138.572974,
41074.223024,75645.326004,15449.294153,8452.590780,13604.338763,8256.813842,3892.358971,3925.983584,
20910.796979,29111.648897,30693.238891,7569.820581,9648.455848,7334.045762,15936.517109,4008.749900,
33693.616501,79313.505258,23746.823338,9929.624837,17202.235241,9944.359987,12949.136429,2898.973043,
10701.632001,46634.907462,32750.151794,10863.504071,15172.799420,16421.086336,5107.054374,4159.662136,
25742.697183,73211.479877,21928.765052,1700.270327,10651.148183,19542.587358,10287.187650,1607.214590,
884.759161,27668.430078,45918.404853,4539.140295,18936.061982,11795.938598,13550.801125,4858.504374,
28495.519494,62962.511986,24745.213478,11534.180568,15943.582178,4718.897760,15382.769623,2590.985827,
7935.386893,38292.470250,46494.239760,21418.049493,5230.015567,10053.623356,8298.872108,3947.900062,
37695.734984,63157.123709,22244.949416,8223.004859,14462.307511,6458.544275,17320.917691,3017.610340,
30418.122011,37659.050566,51804.069230,6548.159876,15614.854065,17507.379603,10968.866917,2080.390889,
37485.045202,45000.623058,38627.204194,1156.973471,9571.282528,24632.904492,11252.508501,1556.912378,
34479.052906,29385.272117,45786.686584,8495.537358,23137.490266,7715.525523,21818.161909,2740.152039,
61695.703651,23611.241637,22360.928635,2301.098029,6079.178490,19999.085114,11193.775882,3636.683863,
33579.386951,16094.992240,34300.791347,11231.933396,16137.788630,19218.676123,8602.273962,1299.527368,
57670.045804,24423.318992,33486.295591,6777.169591,12902.293099,4115.699526,13244.279944,6628.885908,
42100.485713,15844.734045,42865.604982,13350.141596,2439.015304,16859.171140,2235.826110,6238.845989,
49356.153218,38613.295924,22304.149921,7169.244572,10120.920757,6831.336622,13132.904386,7630.208328,
24263.981955,5453.493972,28224.108381,10912.581179,18027.357255,11887.258247,17177.651014,10455.532153,
51034.059600,27473.400213,8903.440720,3306.616225,6334.237226,10973.701805,9896.187359,4525.261301,
26923.773853,24224.404037,30979.542575,5278.792749,15304.473870,12388.408608,11479.463850,4827.380266,
47170.232388,57759.302456,3269.531124,9224.987390,13845.635552,15641.599839,10040.755459,5367.637377,
20443.631485,30378.579730,28091.122205,13403.050775,12405.572167,10078.021044,6028.150970,5037.399724,
38098.342942,41818.211535,13414.506847,3030.597449,13387.224677,9969.404010,17621.634805,7968.382690,
20467.928919,15188.422792,38155.346331,17203.927566,11049.372906,15681.381522,16586.726653,9754.129371,
17648.503849,36301.786421,28194.365411,8569.156960,7401.605784,14432.990196,3234.573279,9844.047778,
4344.396072,25531.656329,36631.099465,12995.296828,15073.991766,2730.857311,19051.869336,4979.820327,
18051.931002,65513.291955,22900.185925,9833.483759,15343.984952,9308.704299,15944.741663,3802.999442,
18069.413165,63795.882279,56503.748979,1725.149212,1692.724190,9176.099681,8726.927089,10322.678395,
39495.023654,67512.335332,29456.931302,6911.469025,17695.213060,9079.141980,20056.148018,10800.369209,
9691.953348,33286.793711,43930.408784,9795.985570,16747.524771,7442.730355,7321.396031,5282.546604,
34435.729196,53811.236239,24955.527476,9878.063772,14969.108395,2027.343557,11844.685278,1921.731350,
31273.123432,40840.100973,39454.272196,16724.294800,22440.954310,8249.348817,19515.852890,4419.028950,
56695.762198,70698.000570,31235.823926,5834.123015,12842.134881,13281.749623,10781.502641,5781.853890,
38130.751133,31596.376784,46361.778160,9796.955286,14525.616908,11729.912651,7327.000920,3514.058205,
42541.247594,80547.841621,28167.994545,5365.253414,18857.108441,9668.795046,12984.527862,6635.609868,
36242.691641,35193.289550,12519.675591,13181.261311,11357.865539,17120.114142,2949.154549,5167.423825,
57950.454678,39629.009686,18903.589369,14325.693558,11057.008787,12868.026398,7277.747821,6789.914462,
35358.977318,21315.237720,37449.627681,12616.283377,22305.135883,7465.978114,8302.356785,9361.444274,
46185.955881,49063.198657,1194.912148,3368.191953,8771.350916,18171.301303,7464.988228,6344.259860,
23922.961038,34909.003179,39063.443535,13089.948988,22067.848985,15035.742507,15773.874234,5150.876244,
38272.346528,33066.134200,15462.049085,2007.402701,28574.143880,18367.793285,24120.834932,8563.561876,
20406.391933,18883.623189,24133.213898,14021.987607,18512.591768,23316.028782,17789.043325,7885.355137,
25349.963005,19087.410699,17847.379666,7401.554726,8700.328697,11485.250642,3589.323610,9049.176963,
9727.871965,28068.549426,39615.309852,3897.290722,22214.705538,7731.570129,15221.760001,6222.635757,
27071.832673,36477.828618,11012.526172,8721.494124,12798.015011,6517.941312,16733.906841,8278.467045,
2366.365103,15953.606217,41236.611299,19031.047837,15565.758082,9002.134489,13117.431683,15824.360320,
23445.193192,27823.678402,37194.284263,11072.863695,14351.692736,19108.107303,14085.800365,15063.056357,
6150.104333,28760.280378,33216.769450,22375.114591,9216.997646,23476.854751,3855.909612,8210.295278,
26925.596704,50832.584982,35197.428424,18905.079321,16522.838966,19019.993324,16955.322929,5680.603439,
11287.958396,16938.089362,45192.680046,5446.417370,10616.546716,11643.006056,8829.335573,9193.448541,
31568.549219,57852.400759,25501.484460,11453.529069,12453.730199,10175.747045,13189.288246,2354.237673,
19253.134747,29457.448888,23356.212776,11918.344715,17579.273465,10210.071511,14961.166426,6485.185121,
45463.707389,64961.591312,27893.487635,4582.260282,7300.038124,20118.574030,9714.231365,5124.282812,
21826.674192,26651.434002,26301.193070,6232.067714,16782.323698,20015.419890,2648.330884,3869.151619,
51844.668371,55007.030495,17291.869916,9046.039438,21110.075867,20822.280530,5894.723824,3553.798835,
39590.732166,30859.889952,35477.777236,23039.890260,4056.137318,20296.101221,14192.238949,3434.438742,
51131.334113,42988.378034,15341.194478,13577.973092,17126.575315,8253.612033,16911.730032,7806.940389,
33817.570478,32987.475039,28095.839172,5142.229975,22938.492339,7592.031314,9067.082044,5731.012719,
54404.535211,65145.720563,10254.247307,4376.565150,19002.359808,3162.394243,7602.503717,3554.434424,
40970.090754,37594.180540,24982.017472,14872.816489,5509.040195,15634.047994,5278.405674,3841.745433,
42639.496307,49179.479337,15200.576167,17435.789062,17790.495487,15925.789562,4459.732791,2123.624021,
21480.728034,33198.968652,30776.768201,6325.982088,27289.542364,8102.182665,6830.525647,2918.134287,
19599.533388,59548.585564,19160.925583,7144.859491,16613.739486,5470.945105,3843.220508,2479.319000,
11211.112433,32153.513229,22949.746495,6827.539127,4258.828478,7204.434513,12935.734322,4585.276336,
20028.440589,52617.553498,8721.818069,2412.938417,9141.058226,8028.140301,9388.066972,14377.518362,
9369.438643,30975.765002,31172.952482,4526.454881,7690.287524,6686.731455,7402.350319,16292.927166,
13275.515210,40592.398681,19283.764700,12026.435675,17663.837278,5461.956807,10972.989149,7714.052823,
21539.531294,38760.575615,59288.061375,13087.060459,10476.288728,7451.459076,5981.156018,14176.222446,
27654.821330,4730.196658,39308.661246,19359.923187,5718.606988,10359.646792,9252.213632,15276.052498,
11749.784615,1732.363525,38856.377704,21426.751968,11849.868630,11879.783500,8595.792465,7138.992698,
26354.932372,27159.458056,38694.321192,8742.330476,15547.764360,10936.594891,17397.666403,12202.975814,
23816.059187,24845.318779,15951.692044,9526.099668,2916.900530,8554.667466,8440.420965,12758.709829,
43397.315535,10811.222526,33707.866998,5606.001234,18336.626063,9845.098421,19227.407375,7442.399093,
18701.250633,21365.566967,18905.949731,11183.686785,13931.920345,4492.253718,14702.997318,1631.294165,
40264.553270,21175.292442,13217.882584,7810.278612,12368.420797,5573.860422,7043.199628,6386.185168,
34844.766107,26335.686380,18568.007946,14994.552858,17808.186042,2211.638502,17597.188208,10255.410530,
43546.319366,35628.302656,24173.640121,10513.717958,4624.338808,5760.398506,12706.247843,6738.711188,
23079.162958,25801.104812,5695.079887,16744.240821,13815.920328,7776.454037,3789.618798,3748.330621,
37439.560221,22421.091159,32088.487050,3376.161584,22905.101806,21672.366290,12895.606547,7278.152291,
31712.585779,31265.173466,43092.312681,15730.082983,18395.260114,24236.413617,11485.330994,4339.071171,
47526.224096,42918.980428,21910.150217,14195.286147,3511.085044,32262.917135,22921.818423,1372.193674,
39478.377198,58162.558126,25887.635300,3728.851819,16709.199969,27018.999572,22634.649280,5196.646459,
29036.334452,91998.914435,9257.760380,3722.697699,11725.783314,8610.842969,13917.252845,5440.137623,
8392.398334,42563.207394,21102.967774,13490.033734,5011.772713,20231.536345,4610.747633,2958.182087,
15184.112615,62002.986641,25497.678122,8886.419471,15855.829307,12655.547895,19608.994183,9523.280350,
5289.422073,25423.687628,19309.628992,9380.484553,19398.521593,7823.769292,26057.724039,8149.516554,
18541.765829,52933.382951,28356.420737,20822.881290,13933.158091,872.735390,15519.694057,4808.761772,
9970.630240,24723.518834,28861.418082,11931.042899,27793.035681,6937.567851,9048.226752,5372.645115,
22396.722530,60693.014287,29981.470038,14738.424264,22842.468749,13671.611987,8746.838151,2448.966596,
14717.247672,29126.900734,27944.907863,20890.119405,3923.393392,24434.662731,10726.840739,5584.005658,
30396.265651,51930.589580,27327.123226,6846.189149,10802.485830,15770.093363,11394.866232,6439.118611,
22037.165358,41085.690419,45271.633117,13656.025751,8289.916345,11400.539889,10376.139036,5181.658507,
49522.154477,35752.795912,1973.586691,13476.023890,8629.063141,18465.475520,10421.207571,14046.400344,
27396.010269,22901.200631,36460.736092,14120.805179,7776.411048,21989.240101,13158.774730,11352.682507,
42322.908183,24378.605337,10126.316142,3336.647253,9021.624377,17661.445942,12155.712425,3143.683173,
19221.555817,21809.303806,38062.100426,16879.911694,14422.167914,15314.448359,10919.777152,3321.654679,
38977.726708,21979.284175,21535.483880,12176.759098,6544.137095,12417.577560,11370.109766,8930.470369,
27892.043830,7804.157231,27629.862652,18549.857146,13102.464259,1509.407066,7360.368747,6204.240075,
39384.222015,27326.467403,29141.551119,20776.865845,8723.498023,10723.454900,11605.245288,5209.255145,
26207.843600,35482.108816,11582.928893,14294.540259,14778.313277,9553.284870,14587.887000,9603.149240,
29602.120936,9933.210655,6214.025831,4530.268225,4331.732950,9912.461318,9404.098119,6050.501749,
24556.120746,36043.576788,21055.132644,19794.087107,21552.219264,11378.130145,10559.010869,6166.775391,
34332.377722,36871.404272,10420.629477,12139.951467,16180.942456,14052.721311,9977.722035,6847.066797,
20437.583464,42185.539239,34060.322448,9635.528974,10029.626986,14429.116687,2461.193285,335.322487,
22672.863838,57337.805199,17286.104592,13674.288667,6428.247106,3926.893730,10217.820147,9520.702504,
10773.686738,18479.160497,36278.911412,11571.717476,27544.891819,6147.237549,17286.104500,11036.086937,
16124.852636,56785.250567,36877.040985,5605.267033,21777.111270,3568.923825,15671.030389,6185.303272,
3108.692906,29460.178791,14430.881248,1190.863196,4180.036221,11984.486017,5994.335578,5700.388340,
23337.233837,62550.878456,20408.852735,9582.143676,16983.506814,11407.430468,12528.604766,4432.524924,
24180.918212,18918.704104,30584.177042,22733.775599,16224.155570,12131.029187,10360.179653,8033.314965,
33169.887500,40739.965769,27432.627924,18619.410705,9599.934057,8551.543896,13133.750423,7060.802516,
19435.279964,36372.972764,35503.085688,2365.073708,15966.570717,18609.601920,11246.737784,11516.461502,
30449.640597,72897.321785,32043.668296,17662.907372,11350.987959,21449.398548,5919.821954,11886.941777,
24408.796744,48890.881035,28473.650292,14983.067412,6138.062646,11379.134023,3940.655669,8115.569375,
28834.065258,28587.842577,29993.511120,10004.059140,9336.813339,5473.104877,7669.445380,6630.956412,
21060.102859,25106.364998,10901.701414,16213.128875,19606.805566,13065.801421,15285.026862,4717.839513,
38732.599329,51295.192776,9693.312802,10274.722215,16927.253068,8115.251382,6240.928431,2241.718473,
25372.458980,35791.804825,4510.769588,9839.668335,9174.109628,11770.509363,10252.300890,2485.470949,
35208.231768,53953.534735,11925.768709,22126.371265,20845.269078,11212.685456,6946.200350,1329.410035,
26119.907993,29770.988552,22527.626041,24625.945323,16273.323053,1071.025182,14968.166711,4215.651365,
27259.529875,28329.060500,39205.418976,17417.595617,4229.633050,2442.556670,16743.480685,6935.253217,
17758.961654,30705.404773,31686.361701,27259.700282,17416.459922,13599.005548,4869.510259,9144.333065,
37716.083022,23234.345093,17044.273206,16677.549278,20629.526750,18191.780874,15060.069007,9178.611207,
12638.981794,19801.746477,18368.122573,4499.901161,7393.026616,10363.938017,8741.400263,5003.900575,
23024.932669,1165.736874,22343.554871,1604.775919,14284.581371,15097.123921,7229.061393,3295.596117,
11005.983483,15608.729733,26052.390185,8406.194858,8566.060567,11436.970470,3155.399935,6656.228736,
12591.088913,16929.044524,27198.177489,5842.639711,14190.489888,3138.250242,5922.792313,4673.371294,
754.734444,22729.140653,26064.806930,22890.040410,22065.647908,9723.466330,4658.770078,4817.148948,
15767.952530,31127.107896,16304.872747,29853.696852,8353.718826,8132.464836,3100.519425,566.604000,
25174.686744,7680.083181,34533.591356,17872.089030,13202.553408,3637.272356,13712.910613,1567.403037,
26936.750252,14546.316390,23260.033877,16358.534688,12201.342494,2253.824055,15663.796165,3521.596717,
13237.840062,28638.825929,23473.669288,7156.721304,14373.285824,4207.275047,1472.909498,4570.821140,
25673.865903,38629.793148,17193.998287,19904.680216,6789.237794,3049.161995,8469.222961,6326.351860,
30629.250014,28205.142207,23545.249864,28017.540526,6958.059778,10983.101812,1741.460841,12065.345919,
40500.091533,56699.842449,8254.879961,8987.956749,2419.596007,10588.713430,9581.687954,8487.629024,
10930.711745,21066.138983,15042.218208,21283.403665,20906.889133,1955.694348,3061.579181,11097.190457,
34428.431431,44460.051135,24857.992153,15247.069300,26280.591123,9538.026653,11603.635613,6741.477355,
26143.142448,30116.510662,27891.454592,11024.377806,9037.884893,3292.128449,7432.626610,4995.627616,
36737.976776,66157.878964,5811.624057,7326.920014,5820.621321,12986.894334,11620.898275,4348.201897,
15495.637407,34743.856681,21111.211478,8474.124295,11533.885296,15877.955151,15759.773343,4527.428167,
33553.647804,49671.713397,6238.998075,4697.959061,14597.350605,5695.518876,6825.926347,7929.725686,
12743.059196,30602.789773,24157.809809,9351.276700,4314.913853,10274.891041,11686.852835,6398.538985,
27320.898794,50671.074690,25594.184030,10118.985984,11881.342812,9344.217235,13260.422455,4667.177490,
9360.539665,28594.857849,33418.442308,21392.642376,2758.557597,5113.018321,14535.035152,1973.457208,
31856.374247,37584.463829,20034.837329,4367.571038,19666.022844,6938.326237,14428.150890,5600.502681,
12216.481754,2553.388756,23888.849390,21937.918923,19064.577785,10415.752350,8650.320435,15631.108339,
15170.521456,47786.542413,14458.786217,13604.579194,2551.601851,9986.080130,10842.006587,14428.230149,
13642.806830,22791.137503,33581.754890,16434.579673,4880.349937,7398.711032,4980.999386,2742.481106,
20488.060549,35719.049090,20491.137348,16580.629639,10420.100249,2706.850199,9776.813845,8469.704550,
4336.387892,30876.854771,32469.821327,3812.373624,16023.484610,8164.979101,22094.000781,8189.128315,
14722.281502,19482.528524,17563.410054,10562.594915,6621.322999,6122.677023,23106.526503,15212.443712,
16217.369510,4875.973902,16421.207728,2271.174178,18192.080047,5023.413400,4163.527654,15449.327681,
31174.648090,27938.379159,11998.602504,2638.100179,9862.891677,13944.297127,15910.543251,8843.435050,
20448.319178,27015.836441,23630.411368,10800.872716,7985.707505,12935.385966,11280.413412,3520.502015,
39302.017095,26301.394015,17657.096338,6148.152335,7795.520067,5700.721653,16058.076331,3359.018051,
17398.425351,5061.305548,22751.123823,9648.083801,18993.521706,3923.783607,17206.816861,4441.177471,
40495.445107,21882.331424,507.839618,12564.025979,11905.195768,2977.994367,9630.038033,2885.066576,
16187.454711,8708.548373,22513.040036,15285.350138,11234.764246,961.854630,8807.792091,1485.928591,
34805.339006,39469.608532,6627.060958,14109.536759,12850.867235,5085.558777,3516.523333,5545.418228,
18184.334498,15977.370693,24429.786206,5267.694313,10214.716888,8118.754363,8707.238741,10725.875197,
36052.483442,26846.566113,28069.287847,5441.443256,9930.470308,8932.590443,8038.185752,7681.210916,
26975.199065,26723.881980,31904.306004,2997.776083,6361.263014,11014.343000,11919.838912,2555.988048,
31420.684756,33913.154609,21217.999317,9883.812855,3015.494597,11045.704633,4385.921589,8929.927448,
19019.966005,36280.739658,21822.153562,9029.216572,8175.103685,9201.546668,4417.023938,9748.490121,
10087.220966,48374.453105,17820.989202,4859.651547,5722.139704,8554.927686,3456.304363,10578.410677,
4983.047085,40281.147212,16291.740928,5479.885213,8095.018607,9970.968262,10515.254274,14507.543243,
21524.120381,42147.324407,14990.054266,4205.485843,15074.716305,14915.562643,10701.648876,12410.538629,
11619.206106,25086.631861,30213.175004,9805.927510,12865.548865,11598.793428,5356.915625,2856.439642,
19837.835282,50104.043036,25074.893115,6824.741654,8582.841463,3284.597239,425.509081,6729.774218,
7607.478603,23251.330679,22181.541875,13682.866495,3821.363367,3898.199034,3716.372571,8117.401418,
25411.202077,49311.891550,14276.755576,14254.692057,1372.693988,3815.450621,3374.916343,3549.692109,
7475.019315,15848.981829,24467.971719,16144.645544,8299.208166,8445.226224,1733.455816,4205.875641,
30588.080954,60513.987883,11232.414199,8110.277605,8613.806273,16297.985169,6255.581410,5339.712970,
22376.692378,39364.095525,18673.892495,10133.065558,158.139033,16479.993629,12345.696620,8924.102912,
27227.414758,25239.869410,14022.419524,8459.575440,6939.338368,8402.413340,13303.974078,4892.008128,
18120.627820,26633.193958,17482.921641,18265.602156,5730.836834,4695.091324,11763.277342,4176.419382,
34766.098700,18120.173742,7435.842552,15434.777287,2601.163892,9703.668846,4099.293231,7907.296140,
19741.867771,23802.457806,13976.948658,11837.645167,9004.597882,11885.337500,11687.021085,5264.977682,
26809.183362,11318.540662,28360.094337,20297.914053,3360.522534,9054.074633,5102.011147,2420.193237,
19908.578960,21427.300015,31167.252470,10135.106398,11315.042314,2407.509885,9759.483985,1193.473575,
26748.854831,13338.292606,12893.716548,10405.897309,18233.507574,1637.207384,8253.517100,4457.686292,
12764.509663,5131.258991,26248.579388,10023.416094,9728.602491,4980.703775,7527.055907,5697.523320,
22210.814353,23410.964486,6216.690580,15803.829573,6612.073550,13288.949712,12466.551137,4064.467971,
10851.761767,23398.316099,31976.030126,15176.872100,10860.860147,16714.380577,641.913507,6351.181462,
31418.500058,12784.234238,23738.430724,6169.862143,8365.940408,15070.670794,8427.378158,9773.925242,
15330.514458,37865.550377,19369.592779,14624.831275,21230.677357,11586.848886,2908.424105,8015.067492,
11119.998796,34106.111365,17933.251934,18967.351813,15489.107345,7057.483471,11799.111014,592.023355,
12111.945706,19099.933341,22319.789653,11972.006722,8037.190149,3611.116626,5162.072649,6179.554224,
18612.432277,15403.465458,24026.287805,12379.324214,12180.049798,2315.905152,12155.631989,4650.001365,
8613.691820,44346.454278,15782.981608,12731.449646,9259.288964,3698.228124,16091.589819,11742.365594,
17141.448993,49848.621495,11480.965059,1055.526178,4998.372320,5988.486579,4595.392266,11738.754016,
17129.686838,33783.049426,14458.165700,11982.667362,19464.350976,9169.116344,7038.763751,3244.541616,
22613.808859,40360.073722,18369.777208,10904.685225,17730.164379,12939.786718,7877.712675,2406.822637,
12594.968151,18994.106312,28131.115867,694.747511,1657.322939,10509.953291,6267.819499,1750.016098,
31961.705266,54998.844304,12198.183751,9271.999792,10836.018135,18324.921244,2737.147567,1442.091063,
26909.524683,20973.743308,15467.687003,4078.664372,4596.883721,23618.099578,2044.221232,1438.065238,
26665.800972,44810.905571,19081.665476,20661.838462,8630.767213,14277.712574,4495.061157,2591.935500,
21931.778103,23460.910130,20844.459288,22251.328860,2707.862194,11922.076427,11316.294937,7453.236548,
33922.275203,32709.611643,12188.381939,5867.926515,12501.683325,18130.160874,13450.074360,6364.639406,
6162.565681,18016.634734,7992.533136,17157.589575,9470.145807,10645.850750,14861.421444,4978.168444,
29599.237667,55130.312974,19518.226370,14723.318646,2508.904010,6677.031156,7070.834317,11296.160062,
18261.993604,33452.428374,20119.373183,18849.006856,4591.046126,11717.550558,3766.453565,8830.900503,
16226.691751,15638.770483,29128.046733,10370.718972,6435.637659,7318.090329,1918.750139,3786.994891,
10059.331887,16017.611186,27789.730213,3650.461300,10509.157010,7240.302776,16688.826893,3160.139653,
21210.379189,26744.927742,26423.556149,14883.776702,1996.324652,5219.265646,14097.294073,2144.634251,
14915.203794,26167.230485,33297.737557,25172.831538,6741.202137,5388.188612,7161.811187,6640.701312,
23157.185572,14775.058660,12919.737218,12056.820738,6550.333432,6790.511049,18415.323218,3657.670467,
2407.961659,23080.188188,26881.347170,7956.319742,7553.671960,1539.128144,10723.525679,4265.102231,
22287.898382,18334.389688,9814.438602,8795.283924,16521.468799,5703.345537,10008.130233,5638.834836,
9955.741082,14352.682585,29039.517274,2156.978219,23882.091266,3646.948241,6143.154498,4531.532083,
18878.527458,21322.326182,5617.083334,9063.123312,11873.899859,15887.123394,9959.124660,7314.996084,
6038.933050,11111.597688,13414.151246,18212.338373,22200.687974,21764.718357,4816.084738,3131.041766,
24828.092688,12479.431578,14796.475769,15780.185477,22579.364722,15923.353948,5552.423614,4460.426716,
19976.660781,36861.417763,33212.125212,13931.641351,6471.556209,7974.921415,10885.687379,8442.140966,
28368.126452,49190.631293,22585.751391,19655.828844,8341.848634,7451.333973,11166.216023,9167.460389,
22887.738511,17400.309610,19598.367134,17470.568522,4266.903274,8264.250606,6094.069262,7615.059890,
40065.206534,40740.753315,15144.432371,6000.479790,12281.614850,25762.752458,9865.954874,3933.766375,
19905.048030,13683.801885,36611.035140,17301.312283,5942.294348,23935.585905,9409.758864,2354.861765,
24540.841406,39791.797694,17507.012206,11525.759400,7058.744538,4892.467842,13691.752452,3100.659443,
11802.077969,25041.769208,35253.709799,2478.589101,6763.595885,13847.387558,15970.291146,2102.552009,
25157.146763,54611.637765,14297.415650,10882.190677,12216.827861,11345.557060,4731.965642,2862.798522,
12246.471296,19332.641612,20799.946529,20677.378047,13481.782499,7085.002153,15354.995958,4504.479464,
15372.486683,44577.152185,4629.305235,10127.926092,11802.868695,8997.435190,13216.064578,5301.537756,
11785.784859,16321.642146,29570.041854,6907.553704,4455.078553,14729.252903,4054.070393,1892.106948,
18324.645228,65508.910989,18615.986120,4573.292731,6331.262589,16437.448404,7136.826471,4120.398771,
9332.659586,37639.461925,22826.768455,18762.538202,8118.670958,10476.750524,8555.890457,6678.087921,
18832.978468,17262.034320,19164.858753,11974.113767,4826.954334,4816.849082,12608.485268,3840.673510,
10669.704085,4702.216125,10514.773289,12156.860757,459.076845,5616.678016,5893.543413,1891.324005,
29276.269696,45644.169750,24527.181253,15554.773434,5151.741155,12477.491159,9932.879800,3882.805850,
10041.085816,30454.957612,18888.054403,7967.435314,11137.056407,18200.055038,17326.204015,2310.585738,
22482.258921,19091.992366,11980.903915,3301.483378,10172.342957,18324.847295,14734.896178,317.191697,
5410.150936,23724.808741,24595.245688,14702.519915,5148.093954,16551.992869,6393.838732,2484.644239,
24164.923735,11288.007033,9361.093106,6174.213370,5956.524212,16007.805996,12538.067562,6108.565517,
15785.014153,20194.195843,27733.459735,18305.221268,12267.150026,6513.998917,1816.792582,6725.270463,
28341.484412,27920.181908,10928.346755,14974.358788,13392.210301,8445.376685,8310.959446,4520.943155,
15457.787752,11690.722805,24686.890566,11276.436549,719.458861,5546.315562,3591.885207,1785.587977,
36277.292227,9321.626765,13470.916580,18596.674913,9697.957353,7618.206725,4848.081808,2925.921806,
17488.352086,15426.512440,20994.718231,5442.962760,3147.811961,7389.526600,5162.412484,4541.873151,
28204.937738,17253.747638,23659.299395,23063.195102,10342.832159,4150.446714,8993.952325,3827.899691,
16424.834562,24335.013877,22432.613766,13787.992862,5320.426502,13132.293907,12815.035020,6172.866940,
15611.855809,50497.181183,6385.136587,6022.853713,11881.163920,17166.388107,9831.419266,3258.945353,
12679.386194,40315.479030,25972.442678,9449.307929,7640.947912,16727.690580,7103.529868,3975.817082,
13430.304166,46782.126297,15136.127542,13571.232745,12916.830683,15415.247016,13335.941641,1024.787641,
17099.884450,7861.260037,22808.615900,8657.452422,12289.297181,7537.733602,12617.393375,7980.952322,
14659.453499,51786.376029,12028.070290,6277.567771,3551.289224,13296.450750,9307.536337,6590.329997,
16707.779720,39962.223390,17635.621451,8081.614582,9039.374470,20753.204980,4737.809034,4771.513576,
31209.891017,36427.596269,29770.499969,7053.044298,2012.832031,11166.031189,12682.933422,6903.624180,
13121.929890,9293.658241,32469.418185,5666.336536,7232.377737,8797.812201,4405.534925,5827.278168,
22471.650065,44802.514752,4363.969952,10787.701071,8448.179701,8166.546644,3816.547770,9641.259864,
12524.105848,40075.260919,16105.126201,8163.502035,9391.971166,7600.915517,7998.671896,4319.632439,
32848.797517,30821.133013,6452.308946,11943.918237,6062.443970,7046.650316,16248.655576,2345.525664,
19402.829899,32696.897993,22087.894126,10444.602208,17573.073962,4846.342371,11729.004407,3763.595053,
16000.968968,34536.925255,14667.871207,20030.077643,10325.380883,12566.256637,7081.124240,11722.313670,
18706.434932,20477.478293,22707.670784,23272.857409,4900.730436,9339.932872,5206.921095,14588.614908,
23435.541672,20767.613011,971.685398,15718.875894,9138.189858,8191.317334,8835.479654,10288.812625,
6957.603854,14099.392104,27831.273099,16561.053447,9202.843830,1117.906466,14169.055395,6534.533126,
28858.959919,12754.811453,30334.816638,12448.578030,8319.142416,14218.197020,13340.144665,7876.917784,
15149.185599,6827.046893,21724.246058,2856.726285,9100.017212,11439.932239,3622.281847,11452.764208,
11495.732008,15576.215045,12923.887705,5915.664881,8440.924743,6464.755535,15019.663865,10227.205721,
16373.848790,10962.098398,25303.353802,2420.892361,2637.842681,16358.108199,4338.181491,5707.712590,
29891.019198,5261.685617,4431.996487,7377.026360,5967.299176,12870.803996,10209.901050,7799.048222,
18383.982548,34369.044173,24752.753167,6419.771333,1367.785363,10924.615938,4015.042735,6535.178437,
19491.578394,36093.483358,27476.405752,9654.175839,7535.752624,6120.455319,13560.144749,1705.603155,
15744.783884,18395.169416,24980.772323,10693.004093,12387.077108,3974.459525,18791.040935,8606.951112,
29987.349482,38259.120423,12181.740059,16977.000975,12783.052206,5746.445583,20342.201023,9677.544258,
6549.043377,20608.111393,23401.424863,15648.446799,3122.339602,1630.238499,11537.681143,3487.505260,
23005.488977,27386.952700,4103.739203,2369.102147,10178.607434,6285.416188,2427.234619,4989.151081,
12164.189126,25214.476060,16268.859378,14079.886417,8459.844641,6246.036659,10012.187759,2150.344099,
18217.943522,55292.908703,15234.353432,4448.663258,6772.331616,15136.576615,18023.620604,6338.934888,
15216.084841,28944.376748,23036.481738,10777.894201,16443.879209,15922.221458,9871.814367,8276.866157,
32226.960302,37006.758701,3092.311453,8724.997988,12399.513725,5290.617124,7919.543279,11377.629386,
12500.995040,26915.131171,26690.431293,5874.522891,2586.830469,6529.553633,10298.615613,11695.580036,
27589.706098,40483.106603,18377.893201,13671.140115,6159.898564,6664.255320,3053.591342,4002.331481,
5192.228403,9324.649776,2897.853444,7583.548248,14716.566085,8840.030120,9568.917582,5106.601977,
28558.241102,30735.573772,26320.914141,16551.859838,19201.455906,5715.991437,7175.225993,6788.054674,
5654.940481,36821.494148,35609.963329,24150.407347,12985.181497,6745.986448,2780.674884,7778.664371,
27906.417298,58973.253987,11889.833198,11246.649310,2816.004185,12221.279228,7314.396324,11501.733917,
17969.213745,34942.370317,29396.132543,7598.780143,3261.075998,9067.017623,6985.716011,9472.957447,
25928.906905,11547.773070,17899.052642,8454.521849,1398.834448,10708.578323,7153.058289,5353.897642,
6099.024444,13885.125036,24537.942477,27836.680617,5370.034412,14202.049857,8209.178352,8594.157322,
24479.947372,17739.666471,1603.361191,22106.093932,9830.936998,7332.610547,17326.264089,6479.644257,
12638.181740,11970.483108,27704.791948,4480.269900,6145.074394,5105.095971,19541.162363,7370.905792,
23497.968822,8401.918706,19523.063313,4680.554130,7132.030809,21781.542927,9012.414249,9286.942250,
2719.119846,3772.418768,20564.048922,8748.562681,2210.739418,24221.493727,10550.998803,9637.428408,
22495.939845,8170.429373,8937.067853,8991.431407,11619.337791,6491.171946,9201.172220,7101.785546,
2267.608953,25136.152365,19822.516719,9130.997075,12021.111314,8864.332296,5446.995680,2448.671982,
25276.175536,29580.971706,4902.987252,16093.666623,7768.761275,2179.204802,1719.236552,5466.471852,
12049.869773,11382.067020,20491.241291,14603.820717,6671.978603,11236.567128,2507.994569,6157.901547,
24910.829619,34838.826110,6281.854185,11421.678025,9544.612782,11182.779538,4172.803925,5908.254928,
9731.176079,15539.751081,31097.960652,12125.686298,11837.178696,5139.948693,6717.758180,4856.803113,
28923.015240,21582.174931,18090.480013,22138.698148,12567.497116,2892.289929,4487.840115,3206.549173,
18844.341305,21479.092204,31207.765876,17086.852420,18670.532281,8230.605284,3201.227604,3164.549277,
19651.969219,41732.182148,16013.220832,12983.761102,12172.452664,15839.398459,3123.918843,5656.262647,
15350.591797,13245.340005,17498.888071,9282.843334,1836.024501,19929.571598,4207.688465,7716.694761,
36088.250342,21492.470524,22262.572835,11609.243055,14930.314828,11134.471477,7032.982508,5177.021850,
16392.269907,27450.375189,21795.079640,3500.536758,15443.234709,4636.638069,6627.451257,1552.155925,
15364.868176,48406.535795,8033.766235,12013.592890,9586.360377,10591.040329,4614.002235,4856.055198,
11120.082759,6795.943618,33939.705701,15576.364427,14258.531769,20161.179726,7893.769988,4149.399868,
22019.399039,35317.541359,19475.033437,11857.546423,7820.366884,17002.498733,9482.795566,10986.454309,
8988.917412,20387.879547,24753.504430,12590.990423,14048.910402,14512.146176,11985.776894,11859.872963,
11268.180109,47114.971947,10970.899466,2725.074646,10720.756398,6162.326787,3872.734568,7009.949856,
16475.889448,33068.523069,20514.099000,18368.135505,3172.996365,8827.659862,6349.902964,8072.666330,
31935.605756,17514.621783,21965.158218,14601.223408,10091.742568,12950.374179,11187.366294,4768.478639,
8278.048065,6748.163943,23218.231736,5497.888468,8479.736152,10154.111074,15838.024608,5935.312801,
13629.350087,20413.166721,7011.378741,4906.128883,2067.631655,10584.762597,11220.975712,7769.682051,
14881.040150,4031.970770,23786.612187,14836.390246,11372.362236,8222.951850,8621.270839,13156.697360,
29939.647100,27765.363503,23595.263173,14719.713537,11602.900056,6766.464994,8943.282833,12293.934779,
6255.668470,19753.164893,13252.794837,16118.428902,2082.701498,8355.824324,8786.640330,7868.492738,
30673.615938,4336.688603,12811.335201,18830.084955,15840.401097,6224.436400,4088.896118,8640.828501,
11540.438505,19172.303842,19983.046767,16309.182948,18937.001203,5745.408194,10471.120787,492.385364,
25942.945418,27818.248992,20147.235589,25483.848406,14444.342995,9771.996384,3432.181751,8915.664654,
14204.984190,12652.795139,16272.087084,21558.966048,6490.857658,5004.872175,15097.455116,8570.755745,
20452.753202,40019.555335,14997.762196,13809.877699,7747.005416,12122.715874,15303.511444,1985.154342,
10259.613130,25138.992977,14540.219668,19484.813645,10528.936506,16273.911803,7982.818444,1687.465938,
28069.298571,11488.144798,16625.165853,14553.801164,4829.187261,1454.066992,19127.927034,425.011950,
9249.636322,11118.541739,23898.689393,4145.888167,9034.229456,13113.988272,13361.573670,565.289135,
24019.187407,25852.359938,7220.334142,17109.636079,5222.413217,9815.565541,9444.577944,2406.290400,
5848.815817,30722.764063,29307.225160,19421.133868,16464.451273,7303.384400,3457.372490,3107.372775,
27841.661722,34887.807021,20437.017250,17699.257154,7532.478567,4833.162638,7432.416260,4599.971139,
13730.778053,25859.200571,14331.533260,18677.638704,9519.976054,10115.881477,4670.073624,9273.979076,
24095.649698,37594.297690,14709.924655,9089.424037,13978.161900,15721.916956,921.934801,8754.305343,
5672.298125,14113.400345,27130.764180,18245.102139,14506.825858,6776.334067,11412.274960,2311.867917,
18202.092041,41879.108758,16009.300489,20545.682002,9349.150531,7829.604015,11996.312182,4629.946975,
6684.094205,17561.923278,9130.393370,2636.440092,11063.177590,13712.568236,4288.619349,6918.511943,
17531.449447,49646.833247,13296.583749,5514.123415,19010.811352,14645.159060,14272.557193,8688.821760,
8080.077923,22189.570875,14522.877452,20435.295484,15136.807823,12769.492243,6304.322033,12692.431648,
26286.763047,25080.294641,10208.729152,39495.649331,10081.111507,17980.842768,12440.869003,10746.563217,
19495.718579,13698.983693,21280.704654,34799.452059,10612.834354,12512.425539,8993.884060,10721.747443,
29658.055833,16017.080930,22446.329507,18776.155315,4655.776410,11262.827677,7058.367625,10935.070934,
14077.109937,12623.735264,27928.010339,8940.893542,8822.462038,21513.772846,7368.799494,3759.137964,

44969.000000,1868812.000000,1092631.000000,2742538.000000,1408171.000000,3768550.000000,2478690.000000,1529090.000000,
2420761.659796,3532255.508621,3179879.544115,2100912.242814,1176276.429684,2545187.530288,1789891.141084,1068177.199608,
2109438.114358,1800686.365235,2460320.676028,505451.404627,812064.536542,800257.713217,545874.889107,221380.890984,
1543129.027827,2516412.516713,2007459.814254,899181.474663,546737.835825,1157845.618539,369963.404430,193904.581080,
2041843.065991,1742958.110779,2364592.549835,544010.298436,896068.980629,855887.570127,240270.203516,265695.307309,
794229.090417,2615640.899821,1069756.428038,1098894.817944,2248015.134285,2836371.355598,1283403.405080,324188.100311,
2278815.248729,4323830.669958,4427319.762731,2119644.892555,2739837.636994,4177913.717743,2476080.966854,522908.386693,
3584648.863209,4750796.456010,4213297.223479,1583875.068700,1860600.899421,3906234.662605,2480530.545179,716537.733075,
2082566.790284,4184341.846362,1693766.094616,417657.962866,1502936.650069,2425837.192827,1038368.094521,475703.822295,
612619.355698,1907506.239740,683617.267148,231233.636762,1780435.913654,968111.701005,648825.758271,165365.103370,
1120376.642935,1617203.777389,96994.783826,407975.169672,1261336.281236,622102.426363,942977.840105,153385.527239,
665242.006642,189544.931869,726081.803986,314320.051136,555884.724829,415906.362676,331388.881139,49333.461748,
1124364.839825,1681970.318138,423201.388946,91102.983423,440701.784488,309262.755331,349257.007523,173351.646529,
300269.724424,1015847.242654,575703.519489,72764.069532,589716.122518,337894.076253,394106.328732,138659.151904,
337256.717055,1064471.463991,666019.252437,58626.622835,440697.028893,227158.707996,273602.004149,80572.353518,
456992.242217,570122.564537,251195.179017,104326.619972,194151.035093,103136.812273,136424.512842,43262.877240,
603565.857607,820996.263826,436536.101589,179595.782824,145148.264436,71581.167710,381093.501990,17627.221884,
98750.510842,456996.304967,363368.757589,96231.798733,167001.087934,57519.537191,171253.231366,48515.156296,
505240.937541,515564.203823,301476.541793,123365.285380,150868.246055,197903.601271,242865.121365,77433.172118,
55305.690903,232924.741331,433408.703695,152736.709091,334686.498402,198356.362530,230866.757354,63871.603148,
285760.287048,530090.188345,111534.045311,18450.409599,115314.209419,92423.074067,117941.586894,29553.969960,
101714.858586,238395.531543,353768.163327,92488.340213,124443.917070,52303.920133,79793.769681,60447.082520,
269476.935716,352950.879727,268328.441282,95083.671642,28180.474789,65194.002569,69237.943043,58283.767123,
127591.803627,161318.891597,410939.051638,88103.100200,165813.649526,46913.143751,77115.873771,26837.312730,
303299.468356,276142.611014,211553.888056,50508.795806,132041.993233,9836.161506,94635.230679,8395.749270,
136581.129607,177233.163578,291010.699563,77843.541880,175440.545996,35887.210632,111947.134912,22542.839895,
316046.654985,216500.828787,125912.235863,42816.851766,103492.975253,54344.573545,32748.990257,8104.829803,
204269.692751,70182.758445,333463.904811,76298.181215,115087.484032,43181.427750,109716.177002,12943.837324,
397416.929105,165160.073255,128620.309191,21649.160252,137636.855978,38667.976313,48297.484788,8474.504650,
193858.668520,99824.595167,283085.105676,48467.955301,55678.545024,38673.909267,71075.626218,31389.848706,
359241.812093,278214.066088,215246.580868,50078.417445,84038.068278,38343.212534,71817.207304,25585.413896,
136433.101772,50450.759815,255893.802421,64739.404377,85689.308234,23613.106641,73730.296070,5888.839196,
317376.979320,258584.223005,125134.282172,42654.392884,90789.995468,14764.837482,53894.569467,14651.792129,
116974.304608,87113.274899,206752.005506,77777.500979,71194.346594,26362.526458,17052.833110,16445.649930,
286095.538484,219015.232858,80267.355217,7114.527574,40042.900548,11550.979439,40287.628095,21395.022654,
118221.996373,135428.147514,202571.769224,51213.719246,88734.570120,36169.504047,42314.855573,11164.456849,
216602.844127,331665.150929,114108.659186,43212.527345,44323.075011,46136.077603,42624.624532,13699.181892,
42217.746486,87198.944728,160493.463268,52789.956237,96989.727862,30238.900185,35143.644541,9336.680623,
196803.603201,299183.861843,48800.942248,13878.792649,53546.258530,14806.225985,39042.159745,11282.897169,
57403.265478,157636.079902,124654.520010,40774.250072,63122.655784,31436.632749,59928.183180,6738.944690,
171696.846021,313018.882677,100305.851009,28579.806654,51742.989351,27180.782600,30448.755871,13653.236381,
4866.153639,84617.082747,142556.794732,43334.422846,46406.526513,35839.801414,41742.698175,6034.802258,
145480.198717,300790.975958,100577.769390,40316.184704,40178.838880,25480.400902,48694.865761,5927.310167,
43391.322163,132055.339849,168615.402823,44508.001785,60795.849997,10780.238844,29583.166469,6168.516628,
164006.164382,248826.481698,94098.284187,29382.238111,53257.521749,9575.611255,46130.579885,4937.471639,
38997.381625,98920.378203,166601.064928,41378.630782,71313.858820,10969.966684,31250.842942,6700.399903,
162704.607820,267299.897797,88540.645591,23758.544995,61276.114846,8167.458671,38705.875676,8417.736138,
80690.914936,96529.450482,153083.968120,38347.367119,32656.975418,4993.814301,21461.117030,3876.007730,
175231.353504,224046.675364,108052.751144,26606.191096,39778.909088,4392.939797,22901.377661,1775.012449,
99929.236517,99367.016953,151001.436891,43332.262016,53710.224182,19658.377720,18171.112595,7060.483740,
187521.573191,182071.153961,106841.248619,20417.328727,56105.027111,17685.620966,38218.045749,8488.860566,
75661.767389,72910.291766,151923.078821,40983.433671,46908.262394,11828.772360,22612.127942,2857.410999,
179608.659335,154852.267803,102878.412946,26202.048322,50035.524461,8525.956189,7139.224997,8335.857349,
87889.436903,64583.084236,145180.435147,40479.550810,51024.570070,13399.053578,28386.999208,14102.294779,
176100.075470,118385.659839,73417.360204,18154.903386,41656.863590,19428.576740,32314.840369,8765.982470,
79639.377084,42871.716339,115994.626385,38283.955945,33674.784081,8836.832872,23077.741052,2286.369556,
176985.528312,97095.370003,49481.884388,16519.595036,41318.980005,8908.029306,23683.153314,4785.908969,
62855.983151,29606.890775,100490.047032,36379.503686,42560.937282,9052.197558,14089.515500,1325.201241,
151292.058897,100904.673838,48604.876957,25928.559389,44245.906529,10611.090253,24967.911793,3926.368223,
41531.681056,26598.741855,93916.755069,38325.367015,34523.302566,17182.219055,18614.781679,1464.753847,
129363.633451,92051.197303,57285.333987,21497.502228,44135.928885,12076.884110,23438.829199,2934.347002,
27822.956398,49138.488183,104856.786296,34734.410783,31017.007211,5345.090274,13703.003682,4925.973560,
106439.719036,136177.481754,51282.205383,18719.208664,35860.897935,8880.010906,19939.688726,3864.001341,
9579.676080,39998.449604,100971.918605,38167.042862,32720.472119,9893.317175,16860.634361,4025.277726,
85943.696183,130430.586115,71259.083193,13890.331235,40856.321257,19465.317056,24850.595899,5849.489367,
30070.896994,65712.416990,102498.274986,31963.404820,35743.519171,12516.838050,19384.510694,1853.089326,
103745.571286,172119.876695,67515.923415,21018.338589,36405.307922,6328.789572,29063.987323,5893.188358,
39083.631258,73643.028286,117918.999781,30793.475121,36587.572258,7410.503655,17781.076012,2840.048791,
111000.382615,173439.326738,73458.299659,24744.359813,36080.624582,14164.594296,30040.038989,2066.827189,
50447.336097,75572.138401,122737.360387,39705.713166,35470.592495,5083.341674,15762.145273,1384.806827,
125912.995280,179483.372959,69212.847386,18069.598081,40091.121182,11763.622479,22499.207704,2043.562425,
62141.701673,74075.569655,116643.078252,30783.572944,33037.381019,15483.692500,21369.819126,2617.291397,
142087.157218,162394.378959,64987.183493,18230.611417,43020.185725,10199.464523,18039.305760,1522.027982,
61527.089866,89291.971407,105237.209394,35135.909135,27805.219127,1176.192205,17046.089227,3302.094089,
142470.131877,153006.022971,48524.819659,16788.972923,37942.605983,7164.301556,18167.333768,2951.943311,
64067.763403,61880.710534,83739.174663,32238.044552,26343.518594,7907.940141,20240.283257,2343.281880,
131162.012362,159912.893422,40369.159407,14776.607085,35938.522659,6628.029687,29816.177520,3716.527562,
55474.230575,73971.835277,84177.704987,30153.394277,25954.039540,6639.265280,21256.522354,2684.424441,
118459.931972,122175.938609,40665.638446,21762.798739,35944.245113,8333.172705,17932.764795,5112.306800,
45329.654654,57387.873091,73388.589971,29786.742846,20745.270055,5841.455480,14390.522413,5266.932979,
106313.267333,117654.554079,39024.563013,14104.593350,37251.083760,1761.944921,25900.787820,4613.258948,
28719.923109,43107.256205,74155.444075,23861.001802,27460.267425,2627.719550,18768.182025,5178.077217,
92570.847501,87839.627521,34003.563970,8297.120859,32037.778215,10202.163661,20435.864440,5040.263106,
20017.382121,38642.835752,77419.545781,27275.424834,23387.036962,14302.653767,19235.439721,5539.836434,
69065.270716,68921.683734,47436.964720,15688.642127,28604.581511,9981.093172,16335.463688,3525.304649,
4813.171973,32746.611126,82924.248360,30232.461844,26110.922376,13438.536851,12976.443584,1060.591292,
64761.694957,72040.696373,49442.466619,17305.326635,29672.212788,12688.325426,24026.048257,2054.481250,
24900.748086,29899.539450,92524.729099,23563.119291,24594.469075,8783.773720,15569.487521,5074.629058,
79186.798042,63868.720091,56010.755855,19596.617109,27746.763068,12357.582364,15551.025801,4965.571969,
35058.216227,19752.551119,85863.285699,36311.159721,26338.357224,2322.463158,14221.335731,1979.799702,
93505.287084,67131.292234,69302.809750,17673.297350,33670.212747,11515.627167,23293.064134,395.322608,
43907.768805,45449.193444,88393.614453,25656.471181,22927.318852,7696.894383,10875.145489,1253.676844,
107058.923902,99258.178054,56811.156094,10366.525794,26405.225706,3562.399425,14891.882076,2322.761755,
42679.759984,43083.115593,75144.258723,34793.610135,24283.096570,7496.654351,16641.338228,2240.191887,
108693.079553,108809.151817,45631.789332,16024.052520,27321.831454,6321.007678,17753.768162,2498.984567,
59349.161885,56127.348340,83132.926573,19224.268698,21346.355596,2519.941577,8898.198339,711.993695,
104507.052600,120555.005885,40436.877511,10958.351465,28008.115604,3127.774962,15104.648550,4192.508251,
51688.044558,66743.365119,54245.496883,24751.171029,29672.678769,8112.793827,9191.508436,6099.871815,
102361.157038,132362.011687,25881.337071,6475.172733,28473.379176,10610.655332,17581.382801,4588.334743,
43897.257219,48786.983092,51988.491340,24133.982017,28752.238743,8270.908213,11101.246257,4512.207656,
91036.715225,125389.561920,32297.640351,15114.695216,29236.822783,11250.623623,24488.930813,6564.177152,
36704.377250,63301.564194,52910.603161,26148.115067,22635.933256,5701.032893,10227.521300,5706.026600,
72821.581742,118795.920997,29761.047206,12368.410774,23079.199042,6560.262181,21275.203292,1609.307277,
17370.352821,54035.787933,63608.533836,22360.667848,17010.268982,8198.038929,12219.011974,4520.921121,
61580.731068,129554.389627,39157.989059,12743.308782,22279.877110,3700.785505,19597.504102,6098.506233,
6792.878586,49273.563041,79562.501562,18443.011030,19525.516284,7175.872439,14091.027182,5128.630099,
54662.744828,108037.167093,52781.746172,10607.140666,28006.598591,7948.628526,10367.387073,1885.648653,
11076.442488,51648.465683,64807.085116,19540.571439,22442.199907,9221.818785,9530.038544,2771.598811,
60537.104059,87378.765108,52918.301403,9083.790723,14183.386675,13155.922381,17848.213410,4351.302731,
16144.235204,36537.796129,74319.403114,24346.765969,17943.337205,9636.747418,15472.355912,4034.780149,
65259.385299,80690.017785,56800.926435,15651.183157,19916.967185,6440.349692,9300.758356,3121.464184,
35971.103740,47906.246311,67099.583351,22747.498280,19475.889508,9880.151788,14741.208840,1714.744268,
78866.060788,44879.472014,40726.973114,13650.012111,23884.085502,6792.197860,16906.822142,1792.529331,
36648.272614,27687.630703,67997.132636,20019.945355,19263.066151,9912.636249,6808.833824,3994.355828,
89716.207875,28789.343815,50214.523447,10286.728885,24922.195433,8045.726900,11249.607694,5848.913237,
45198.953303,16633.149914,63178.906418,19098.954403,23053.412582,3281.055735,3215.825276,4462.764695,
84124.845305,49333.718875,17696.971343,6959.006892,15646.419911,3383.376033,21311.801895,2579.865047,
43299.972288,5158.282418,43336.280963,13453.380787,19763.805471,4141.792301,21581.582117,3828.345131,
89328.601168,35137.973760,23834.617130,6391.700052,19914.152001,5169.200202,13466.951279,4035.890007,
40549.121630,38304.282540,49365.679780,19240.973817,12217.819381,7685.707847,4863.425609,4571.584485,
88686.593031,64095.457636,22562.359945,7795.551363,19913.846193,7115.968137,14251.353928,5029.126374,
34589.849487,42201.405620,49436.113269,20718.322511,11493.589979,5622.948516,13462.053945,5444.136851,
74276.495807,87968.399353,30610.811025,4869.081770,24225.126138,2890.285749,10550.699395,2776.376777,
37168.989538,40714.208919,51140.619393,17229.412074,22879.192168,7104.180451,16632.649241,2760.313063,
53018.738375,98227.966448,32542.526837,8063.837406,23371.505424,16121.208132,12535.416220,5592.494463,
16432.992253,44492.108212,65939.266624,15614.256101,26832.917600,18476.117126,9084.215542,4747.459562,
45973.620217,95598.898009,47757.339446,14744.736471,21741.562094,15002.368357,10135.488310,1245.069686,
6024.579738,47937.002064,54433.143598,21700.625331,13470.882772,10218.019306,11737.725363,4823.597143,
41002.716261,113435.442223,45161.540385,8247.799589,18825.728609,4006.596531,13716.994755,4287.719280,
12913.955637,62320.783856,64948.320847,19221.764378,16503.519436,4902.295891,17990.439141,1825.902142,
48622.407813,90965.519496,38112.742901,8098.369073,16523.532240,12600.932376,9339.508484,3956.342234,
34677.204016,47489.801223,68971.476188,15718.290410,17472.993034,16752.911658,9023.218612,4632.166930,
65001.359896,91172.334156,39458.995167,7818.912117,16092.845029,10788.989556,15537.153433,11957.946776,
38007.407449,41064.827920,56362.472364,22089.404647,18345.841715,5524.809673,8020.642029,7530.672869,
74113.873051,96014.184513,35231.878700,14145.589487,18141.595335,4965.796260,10738.167279,4232.658456,
38211.110660,49271.077918,40286.601491,12816.033505,19406.336379,3333.079887,5054.490849,7472.527675,
80159.185734,65625.939022,31183.390395,8238.867709,21635.390313,4845.584267,17559.156115,1442.325836,
46381.741160,29922.921431,30540.526876,19791.054845,21897.702386,9127.735282,17201.854549,1924.079899,
79740.063533,60526.069065,37466.846496,9211.187431,17382.864288,12359.454175,9963.984287,3461.189652,
31929.908348,23208.528754,33192.672509,11814.372111,27286.476981,1899.780649,15446.987354,6576.113957,
72967.622516,53888.119581,20932.687522,7336.035347,12952.282614,11303.440241,11166.488633,2090.581556,
26618.254878,29672.784536,40943.386098,19666.211781,15574.050346,7844.062867,1196.848648,2880.578945,
65399.917334,26127.818241,26024.588988,13430.709923,19145.233658,7215.116564,10665.584256,3132.843708,
20382.960242,10345.899273,43183.095266,11269.699317,14950.556273,11133.386122,6831.551902,5353.292609,
59830.660190,24660.288457,32472.822119,7768.989272,14148.617978,741.996759,7598.615683,8603.049980,
24998.509713,26231.596329,60687.565795,19773.356686,13228.452684,9044.781536,5966.064052,8232.300325,
43878.737284,29172.843091,35522.750116,4948.989436,21397.545182,5589.995417,11862.289776,2521.401733,
7854.004214,36054.727009,52221.671947,15828.492628,27308.360584,5175.925089,14774.523258,3511.595551,
31202.396503,49708.669515,58364.709953,14022.343706,6821.976729,1151.315143,12350.708755,283.741911,
12207.150281,35128.597169,60996.804353,15368.043848,19971.346161,7638.338932,8668.734225,3186.478100,
41179.285744,63274.214252,42365.202017,8385.837442,5918.353111,4412.770647,4651.246671,2966.891314,
18733.391960,48886.889007,51914.299266,13620.179159,19819.460185,5740.127071,8528.759800,5782.077285,
48856.958146,92282.965023,21109.036566,5231.286020,9143.600471,12082.097244,12785.295357,2650.340078,
25549.353966,49853.591515,51842.855740,20267.581882,14967.538690,10302.276260,5480.317982,3535.574554,
57698.052816,85021.481956,18416.080760,7590.444621,19788.384828,5959.777004,6109.864372,2511.960692,
30049.995354,52401.632101,42699.322262,11513.123516,13557.812513,6958.928144,2351.845484,3620.772975,
59113.244472,104227.860635,17928.880121,1228.513560,20156.045450,5656.442092,17073.409360,5062.914929,
40791.143536,28565.589805,42449.857492,14113.148073,29626.495725,3442.426590,17222.901908,4199.028443,
77109.784698,87207.812886,15944.662575,5519.873657,5439.579778,3374.834038,3467.107339,5508.425320,
37681.453516,46856.639914,28546.232657,15225.975940,20236.252090,8964.099888,16770.773421,5580.198408,
73136.953463,96714.359801,17716.175956,7265.745963,20282.617765,16034.934204,13008.291486,4250.912117,
28810.751201,57553.222150,37400.151176,8611.385220,13966.364344,15286.878373,2358.749693,10854.224706,
65834.427654,67706.590398,30285.566438,17838.323762,18746.923876,5678.735113,16856.039148,10001.403586,
16791.266721,33600.480698,49008.834932,20296.827472,29177.198902,4382.513547,17037.519996,4188.699543,
59270.565225,59653.943032,29148.568093,8289.269541,2778.828711,1467.672782,5416.620530,3481.928048,
13985.679782,28933.138132,51339.374369,14608.756489,21162.219465,1984.151625,12962.144764,5592.483463,
52837.636019,53606.426809,35308.933569,1621.637852,9701.699155,2268.465442,12203.026865,5027.813331,
10390.911306,19503.926204,54286.294971,17103.236945,17756.028266,5346.168669,16386.184654,6326.391729,
39374.674139,38687.266428,28300.496329,5550.731807,9888.295959,9164.472025,14081.689276,6063.271035,
7776.052498,11760.340133,46561.893405,14678.452437,14448.605012,15412.560188,2309.915011,3918.135580,
42380.405174,35819.231948,29653.780796,5848.966724,19721.599652,12374.145994,10639.027562,9695.316582,
3129.226383,11448.879011,52166.154832,13725.910060,25232.694569,5694.532081,6358.084097,11017.425682,
38912.527456,25507.564471,32601.997924,15548.302028,7497.997117,5972.936150,8169.586326,5712.395900,
15187.610848,31684.271935,43273.895337,5002.579082,18818.255089,9748.435345,15515.626644,2585.769221,
42372.986608,39903.997103,23304.709993,18405.490024,14447.329375,9890.202022,16950.224101,3164.676848,
26161.545572,29615.949170,31973.479639,19216.768728,19231.908424,12345.965309,5073.393357,5012.959591,
64883.727209,45261.026735,23671.294185,8409.687823,5434.038025,15461.375228,20143.033606,6157.335639,
22677.059673,38040.802028,18705.955630,20244.935587,25128.331947,11677.564585,19106.080968,831.457303,
65602.420859,72394.359755,16921.197095,6892.965627,7767.368371,10433.222648,2273.035262,7820.132680,
39361.196120,17819.894789,38043.723122,17407.442618,20439.161312,16040.979423,13170.920682,8118.848124,
70899.295800,74417.551921,25217.534962,5780.383353,18664.337041,8763.009902,17284.142413,2473.315171,
31644.106924,23851.065660,39933.764578,12492.709381,21286.966022,7052.674888,8261.057676,4737.254017,
67439.639078,87652.190354,27793.340147,6966.780765,14280.518798,16150.321823,10690.507135,3673.581714,
24474.044305,38410.926439,39957.398529,9877.166142,14257.844447,12812.837422,14937.107497,5416.379798,
62330.358609,76649.386651,31490.594622,5654.483365,15439.703052,3369.738184,1052.801258,1530.120956,
24924.999485,55810.329645,45660.860503,6410.261207,18370.910760,7095.461972,10807.424448,8150.873853,
44651.936487,78438.817033,25983.158297,6119.686146,18140.239180,5112.272968,7135.557150,9894.975852,
16872.697227,39514.432823,49626.219592,2686.099524,2329.489684,14204.686504,4438.915491,6642.614270,
34905.760945,76703.084987,28924.155047,7198.254461,16687.654230,16639.293423,11061.390000,4920.055233,
11990.903662,42499.593936,55035.182867,11109.867771,16036.627087,14107.047338,7319.329233,8645.000128,
25215.779361,80973.373260,19377.729455,3714.006536,10080.600977,14303.881239,15615.889466,11415.121263,
11469.551056,45323.469945,44938.311125,8610.426393,14017.859146,7350.304088,18999.597240,5416.872313,
38210.626941,58592.567923,19492.284931,2377.181766,12272.143007,2999.780204,5100.221455,5899.775021,
11945.742063,37304.866054,33878.319212,8407.520550,16164.402490,7643.629931,10575.333045,4008.853636,
46005.449891,36989.325755,19361.567170,2796.421347,15619.794324,8261.439833,6973.000143,5957.559087,
20779.165905,14231.188953,25327.149564,7250.256241,16558.343414,7351.338258,4101.812930,11260.389194,
48429.368351,40868.823473,24628.581754,6573.592296,8593.282150,7570.736486,8345.377101,11101.387098,
28600.143465,29019.350735,29085.626955,12407.610716,6882.675841,9607.162219,15194.714634,9673.262518,
54870.713597,32611.945732,16803.099847,1845.681843,9776.767646,8038.589569,6747.719228,5638.264683,
25327.074232,17515.659559,30001.870262,9531.488394,17021.741818,6430.546126,11035.772714,2617.235459,
68980.407427,10844.257010,17885.801570,6128.839246,10591.661829,5533.756943,3656.971753,6302.923153,
33895.203889,32917.834022,39983.892358,13313.427596,10865.370601,8836.058211,13693.448046,2787.298458,
61453.602881,43317.076515,16474.977087,6749.907333,17363.215318,14893.593866,15507.611486,5825.591519,
26399.175202,5842.413508,39697.390703,25688.350498,16770.347447,12898.660697,8718.304892,7364.785972,
51735.201369,27041.595694,27838.328707,16014.126259,2944.002861,12117.392310,2520.098175,14192.088718,
29565.626953,27551.214385,53364.173593,5408.327308,12537.342070,9893.281450,10246.988673,18031.803349,
40677.467603,51957.291881,19430.616804,11543.429385,5460.490975,2262.609065,10018.927009,7667.681254,
12724.027028,34956.457718,34060.840909,9545.549253,14873.266020,4776.410165,5829.066638,12024.366722,
33514.793297,56299.878485,29473.367580,5416.093701,19496.733237,8372.819339,4357.004259,14058.613251,
10689.854846,37497.819755,38396.866049,10274.473080,17339.024090,23592.413619,10881.953565,7828.163249,
30034.017090,84248.984647,40692.066755,3250.295094,11299.190216,23377.114544,14491.848254,7444.658125,
632.454243,39310.451381,42748.707956,7046.018555,11153.748350,11904.087891,7732.134256,2282.380243,
26938.796417,63518.645734,17274.698694,2743.298613,14631.801475,5672.234030,6165.291254,2989.702211,
16196.196080,43303.838693,27955.632608,7403.226073,6929.186376,10461.230733,4987.648468,1046.567686,
37935.966815,78760.840772,19628.881430,4416.857306,5004.430861,17408.256188,6233.601083,5545.123946,
18585.879450,26345.892326,28742.331972,10789.335607,14007.135207,19701.729945,15464.937777,5709.426384,
43860.572121,74007.789502,6789.377473,10596.954120,18931.240446,22949.825788,23682.823820,4343.104580,
12958.812387,32695.743557,29398.311180,13288.615418,6736.818252,21979.739141,10446.747393,1459.695937,
53603.838596,72257.702438,13935.142002,7554.601361,21362.387180,11703.873124,8901.377621,5449.919812,
24103.731347,36318.247161,30946.950329,12587.823323,22395.295756,6476.745863,9498.874190,3930.706151,
65874.872643,53232.279565,8833.911670,8619.241816,8661.807163,6380.757771,10167.219000,4639.750125,
27987.366008,37677.295858,41931.836131,17436.399526,14802.166894,5275.398479,1354.602563,3556.520825,
54797.151217,42106.894695,29979.075458,3147.821228,27932.989691,5165.549305,10202.111495,2054.846784,
36597.893161,40766.807912,39910.173418,20670.380208,17959.994274,12709.066323,5105.869382,4148.414371,
51073.065832,13651.720219,7915.372217,8080.787729,10382.731186,18572.674771,12129.094963,3571.933798,
16133.095440,12166.180370,40743.430199,13482.383390,7807.706032,17395.216083,13888.183748,1872.964044,
41466.442576,23926.994874,32768.482629,1911.917067,16398.190822,14549.280910,5675.655677,8778.216011,
15131.777487,22467.428742,39254.817467,18925.001752,10853.284947,11963.156187,5148.208429,9118.112517,
35660.806545,17302.295900,45652.546132,11957.074030,9970.125457,9559.942167,9812.040696,1636.566193,
18483.591366,22985.330199,51324.979922,16192.186132,12427.102385,9771.587148,10718.631281,7912.793518,
24792.903994,24668.856248,16064.240608,17583.498007,8944.742292,12633.389374,10629.666993,9621.846068,
4746.592849,23966.475029,26566.850771,19100.102880,6367.912317,6705.218640,8663.202645,8098.418461,
26691.411792,43517.163169,21148.003055,12538.222429,19387.561836,5022.640735,15041.912029,7815.687533,
3522.012015,21107.541081,34419.610175,6601.255193,11305.241857,13264.244072,11123.913724,4971.463928,
23163.080147,35081.878114,18443.468843,9641.852888,8851.465478,18440.291674,3935.244740,5209.863798,
13106.497168,31309.287626,17980.821824,4436.310500,7159.453860,18898.086716,5368.557159,11418.290581,
38801.360264,64498.683817,27872.243848,3232.345846,11659.441511,16133.248466,1323.315090,9773.144145,
20519.617578,41355.001446,32943.601037,6887.313745,13146.442868,11287.458069,10449.820129,3910.399433,
35755.025282,85401.355830,19895.942601,2739.129605,7706.920454,2929.997466,11334.122182,10546.557567,
21113.233175,40734.676984,33143.369720,11057.782746,20963.023438,3070.336406,298.367427,7914.754978,
49483.437215,52997.708203,27343.834856,6423.092350,15815.792993,14426.701236,6212.596145,1677.212691,
33239.729296,36751.894444,41297.584863,13274.997175,6696.456997,24977.423542,4783.990668,3172.038115,
49823.787498,53869.417163,21548.858355,5403.329916,14162.179122,23645.355441,14774.181737,2884.025102,
35408.772659,42502.960094,25160.236733,6494.136769,12529.532904,12452.166423,11065.702618,5028.913292,
56100.950022,72205.838764,15496.356981,6385.235057,7586.293321,3184.050367,8738.455951,7694.534066,
17817.467442,35421.342015,29623.461262,16395.978905,13186.632678,4985.954253,7378.395271,8937.267454,
40484.408705,48154.471300,27988.821140,7908.165570,2264.533547,7852.194035,10986.938289,9112.493025,
14043.153119,34742.182769,32772.256449,11205.535285,12723.997400,12053.828722,8767.378155,1066.841178,
31799.158768,53304.127263,25241.441067,6071.146060,11691.566471,4137.716369,8624.290294,9855.334649,
11181.358676,27793.398260,28653.372405,9210.843254,2154.862372,6980.530845,7446.118562,8921.841271,
30265.888931,28316.912110,14612.340757,6675.269749,11746.193210,2962.831179,11409.443214,1092.815788,
9809.586841,17885.356537,37024.244689,15515.673876,10569.571032,11955.884110,7531.158943,2862.494189,
20310.798892,36143.445558,17735.050269,15557.609963,8360.613208,9711.397220,6668.828066,2666.461717,
4850.688105,30968.412005,37963.385608,2013.550315,9833.416804,2196.451664,11633.733507,7698.586523,
23352.993356,19547.754546,20512.380558,301.741148,10594.313240,3154.489212,7298.517963,8861.733355,
15737.845829,700.190202,24073.675971,11932.595561,23819.042694,2329.029679,8022.788726,5216.587004,
33018.586962,20688.537358,33589.123314,11773.198716,14830.805946,9775.878989,6092.940998,2098.814904,
8770.053618,20737.442004,23376.802724,6172.345773,4180.632470,15973.412919,10290.267588,6114.739432,
30783.671589,27984.216710,16610.580798,17683.351914,7086.102269,9922.334415,3358.161161,12250.593055,
22161.943523,6869.877608,11648.003085,7648.641713,14066.870352,7211.517514,16203.025293,13063.544024,
37218.441911,19674.915151,22543.002491,7721.779346,5609.811491,8571.404301,13809.218005,3143.727156,
23386.721247,35101.645335,25999.387417,10767.729170,9551.515202,14103.911783,7122.265963,15727.415350,
45420.556355,50317.387109,21181.570368,14359.671262,16548.579457,12628.637049,9607.280735,11344.906797,
27185.356097,22214.567643,44150.774604,8660.975017,5503.689202,16146.801463,4640.803256,8077.170745,
60634.593295,42184.807661,33977.505977,11094.320072,14854.301628,15269.807010,7727.921039,17281.230236,
21971.583338,34006.691583,37559.031898,17925.563557,16835.533736,11003.305878,4032.396297,8516.065489,
43824.356315,58058.426245,32362.523023,14647.804369,6451.417502,26728.685622,13707.111006,6325.873833,
22733.420052,25999.446502,32623.062889,17794.348695,8253.024278,14161.107283,10142.715939,4348.302205,
39139.556391,76326.021050,16128.734950,8769.437068,15119.076180,14231.838265,15730.044823,7480.364049,
15823.690183,41820.896616,25658.160834,7547.393720,25708.057150,22293.063693,14540.916756,9049.707248,
24478.374309,52186.976195,9624.171719,9715.547808,7108.795912,16829.473181,6056.393564,2685.760834,
7897.639044,29600.442202,25981.600296,7543.275957,13868.276471,15368.868853,10852.914768,4805.557849,
19987.040313,63789.127360,5381.825313,5288.894930,9708.136972,11685.145925,6027.870961,4878.056692,
3772.067725,36128.454325,29330.384336,13544.941329,14412.334135,16229.614389,8763.845166,1552.670366,
24923.550505,63580.971857,5275.151993,5673.313386,12085.622865,11617.606982,15039.488695,5718.626792,
8177.079780,33932.941184,25064.624329,9689.497781,5321.210421,20851.307555,7894.126663,10202.842555,
26599.976940,41957.723458,23014.819347,16529.949287,14139.357111,25612.654686,15476.869891,8364.892858,
15502.842014,29855.778281,35358.122898,17944.321917,6374.875468,15011.412898,10328.053907,5445.147746,
39967.869184,22922.114593,16947.467020,13249.160416,16744.213583,12489.294438,12301.481361,6100.085777,
12898.309998,18996.182682,26109.825346,6408.191404,19692.902828,10802.568781,20215.932387,7202.057362,
41391.829326,23297.565202,19981.980356,6885.384442,3442.885909,7105.620437,12485.686817,5430.802530,
17494.999742,17354.839613,19360.617176,10232.486630,10056.242842,5706.373528,4366.707339,2978.051903,
37811.714997,18927.422026,25753.000715,3784.534107,4127.068826,6918.708163,5612.253722,3977.808430,
16236.127706,12657.775762,35646.777983,3560.701451,11165.531231,16873.518874,9676.246364,8538.979474,
43209.385662,19430.083521,28501.361366,10295.171737,17947.981165,13649.079255,4390.812062,10421.582459,
13989.635903,21926.751170,33898.050532,12392.062094,14802.236127,6485.549060,12053.877062,4275.010453,
48209.387862,25505.419445,20993.052759,4003.923288,8969.676031,5909.622290,5382.158212,6298.127488,
30093.331374,19733.816093,13470.233815,8647.115776,4610.062568,7448.723626,13288.951680,6747.282036,
32817.629371,35052.359441,16279.449427,17323.833281,18387.013711,7467.406415,16028.966812,2332.952228,
10754.817176,22027.572173,28362.580717,12676.239514,14525.403487,8546.937487,5128.829152,2393.364073,
32984.749593,44497.601629,11523.898595,4596.438951,16040.252042,10450.791170,12687.698220,3202.690553,
13485.716447,20847.230789,15295.672883,8461.921208,22478.440456,12626.941859,13879.716421,5517.452025,
21921.980624,62021.869442,30703.018437,12710.869060,10509.660820,11427.486377,11335.717127,3103.251485,
2120.319366,1939.283470,30038.093700,19647.467841,3295.739889,18620.755476,9424.003519,5323.961226,
24719.435768,64131.657857,23883.650022,11803.004925,22275.729106,11942.317470,22983.135842,2027.668478,
7372.974988,38742.158513,26860.536064,5112.132476,25682.027298,15776.312869,10073.775053,3957.640940,
18285.293348,62671.883656,8008.583966,7643.819279,3236.789954,19209.030251,13636.029896,7067.698241,
15678.784077,39378.615468,24613.603379,8223.694617,16170.201015,10771.721217,21012.410955,8267.430828,
29703.811279,51345.262241,11610.027475,6963.476779,4164.965702,13934.854360,14475.316457,7278.850030,
18610.638898,35470.363812,32280.787960,11853.741363,10806.202499,18951.417900,17217.519586,7519.833747,
45050.437592,31973.951858,21408.878504,4940.896414,4171.450473,15899.476235,16286.670723,8856.003038,
24197.953879,36668.544473,31583.039261,11212.890513,12050.490805,5277.010274,5155.313551,9150.486720,
51878.188151,38262.831351,13298.108410,3614.730150,23891.784582,14529.124734,15201.927283,10933.156042,
8497.998743,33008.319091,30668.318574,14095.177952,22753.485836,4949.539528,19330.265604,9711.004452,
45550.647346,35594.978826,33574.623646,2900.424189,5374.555617,11962.329732,17110.983742,1939.332548,
26317.300056,13675.282526,42660.923520,8764.535481,24815.360656,11881.639364,7312.228436,11833.196531,
33542.460656,29281.997096,9001.772892,6389.212886,14505.168508,4191.810470,12681.603466,10499.325496,
23133.550585,11029.244818,33876.271758,11013.922291,8704.154167,2491.028885,8904.776597,6261.957725,
33118.660057,33177.121422,11465.554971,17208.973173,14398.339654,5993.940725,13661.810905,1553.747501,
17877.162204,26659.241690,30296.231861,11951.418514,22148.738444,12483.469506,4928.500127,10594.908045,
25771.647200,5856.468993,26314.967179,8249.151739,13690.866734,11084.094727,14888.255177,10699.645335,
9415.333226,21301.533183,17377.313349,15621.612301,8964.899505,2529.322667,12834.153789,5713.564717,
22221.703349,25613.983975,10013.833407,15162.531561,15246.525079,12090.845369,2791.914251,2839.369359,
7884.979018,19274.891099,10154.632858,21456.051750,10974.904639,8848.811017,8575.034401,6817.326749,
20200.424892,29740.679944,22995.819246,14434.188178,3200.647451,3719.886205,15755.241503,9693.785982,
5863.586834,26243.666626,30681.912800,27886.982476,10332.797523,8887.179763,15187.458205,4476.390131,
17623.581734,37749.812959,17628.503517,18402.617846,3912.904652,8627.795478,8280.971471,3124.452994,
6026.671185,5313.459866,26530.655206,6312.546966,18438.099229,4078.116447,16142.641858,6543.973028,
29705.837036,33963.355049,25776.267624,9216.701471,19422.153796,3592.106824,14216.241301,9306.950984,
15642.964512,29943.797787,33466.513038,17124.892801,2670.062709,12579.519223,4158.763477,7214.182144,
29575.486192,44989.807501,19093.811154,12845.736049,16171.227044,17841.110856,11884.967576,4909.284707,
25326.731724,12097.104664,18286.729146,13243.272400,20767.956004,12604.155735,16298.668033,7562.458380,
35476.796183,49618.037302,24358.813148,7469.695573,7703.573546,12561.651149,5061.629100,8263.912755,
24851.073901,25904.829103,27114.817169,17988.238524,17972.958389,8992.959818,11628.688148,5213.737025,
27653.881976,60991.800201,5102.003091,10319.566256,19062.424229,2722.328078,14510.313125,914.469277,
17805.736300,48177.941901,13846.210265,9150.527939,3764.999089,3052.840254,9571.571031,1655.630209,
42272.057276,46780.763105,30879.003504,9950.126553,10769.970996,10108.632979,5267.528988,1680.804713,
15411.422481,29324.540139,44111.857834,17083.575962,8994.253065,13430.758863,4121.390758,2560.785248,
33820.893815,47885.360967,11489.142436,8670.828219,10256.705876,15963.099295,3663.517520,2831.203564,
18873.190387,32048.436863,19970.353955,5630.098342,13789.560807,10316.970024,9610.605052,4617.462339,
26795.424167,18106.709004,18571.759671,2526.823172,9070.925450,5513.860575,13736.290019,8936.974740,
17121.983569,1362.980724,27385.859050,14564.533279,4913.164668,7685.170155,6632.759388,11337.879687,
23623.207105,44502.218414,12333.256138,7349.783449,8055.011739,3340.985964,2368.100718,8870.682855,
14971.077001,42129.312417,14845.927389,8782.402409,5766.491309,8916.699113,2792.321753,8242.815290,
31775.532117,18200.530331,31729.592007,13856.123045,11616.092367,9812.094178,11364.616690,8484.234308,
6502.761840,7893.248781,33473.723631,10871.617740,12448.832828,1807.220839,9309.655532,13445.422826,
20405.858079,20616.402741,4227.151590,4597.332678,6404.805174,15579.637703,2110.531854,18527.955042,
11041.897716,23053.322205,27431.443014,8665.775842,22364.309585,18503.500132,6613.206174,14824.327760,
36937.792338,16396.579632,23701.173511,5614.923425,12852.726155,10854.340031,3701.758513,7878.973074,
8971.896967,18831.881476,47727.041307,17450.686532,7155.267871,10894.348437,951.310028,3001.544676,
30462.494623,12105.418763,28022.030989,7549.851213,8846.029998,8796.081626,5500.907109,6451.774220,
6685.305201,18179.581695,13790.445969,16498.183925,11568.595037,6893.763264,6889.143820,8798.264056,
30796.438437,19538.615456,15428.146778,10028.475999,12784.820531,10996.740166,7888.641983,7539.902635,
15000.938995,27682.902641,24126.431718,10530.146423,6897.972449,9005.711283,8337.547845,14201.116540,
30970.839295,27818.029648,9007.853599,10325.052905,15856.989577,8424.598245,9006.523309,8812.177104,
19639.969494,24890.539699,11754.682187,2718.233523,10528.526913,19502.220211,7946.379108,7548.368666,
28790.844500,36319.489673,28327.783651,9942.987387,11700.392919,10917.904541,2886.144976,5172.800809,
28156.352871,25601.806818,38153.280541,11097.957374,9877.933817,9144.096494,15536.161310,8680.478608,
42407.323459,54848.665356,20613.600026,9160.623466,21745.451693,15389.034614,22794.259798,13847.771569,
12162.352643,22663.353505,26492.572571,14876.198547,11980.747134,6870.332529,14938.565214,4352.811076,
25951.558164,53891.123305,20780.816654,5055.077998,17564.318530,2665.353773,5520.017663,7024.711971,
13243.019398,5837.594581,24149.868839,11997.087094,23377.926192,1786.835841,6308.436064,11490.447972,
30482.284461,49726.022737,8981.496111,7843.653231,4381.948737,754.915154,10996.989290,14976.266242,
11720.224135,28046.143448,13835.529931,4652.192378,21971.927671,14338.943756,8747.197496,8758.142765,
15956.383616,51659.827481,19927.051223,9296.553973,21475.483103,25722.624215,5930.175926,8679.429890,
4580.350053,29962.331513,17804.560569,23858.848012,8837.920191,19672.767428,8485.058900,9745.917124,
15018.169448,52818.923419,17676.192397,13308.152391,5770.888913,4651.188413,4393.225014,6711.031180,
12300.586307,46878.740912,28526.620026,9531.489986,11201.338208,5208.608631,10603.307976,4199.807692,
35121.180618,27583.250477,18742.366556,10263.160633,6411.003614,944.637346,12242.487190,2781.772817,
12293.552878,23293.893865,38753.338826,8288.528981,5318.143801,7567.714425,12521.426802,8360.145570,
30891.633622,18523.697149,15450.673531,15296.633862,13100.381169,8715.066048,6536.372009,8637.589473,
21407.547703,8487.440133,23088.740314,7945.337789,9415.987814,7794.406054,13617.808007,6499.673217,
23361.765429,36411.979387,12729.487896,6112.773854,8530.017372,5143.355006,7565.782680,7333.523775,
8764.709491,17643.408124,7568.756450,6192.652594,19994.057669,2960.949599,4789.465648,4449.055872,
30836.456539,29389.880626,20612.146199,8510.217441,14176.909522,11837.622907,2192.340583,5863.025867,
17491.512911,23685.544103,35993.462804,5691.144308,6652.368385,15421.318299,11637.746456,9655.140410,
23309.539783,18635.126698,17125.258271,3695.345390,10321.226051,12157.652887,14743.827922,8102.010027,
21938.124927,7402.078858,22975.291226,11656.007559,9474.970914,4217.886284,4517.747362,3605.998140,
33441.544261,8214.274027,2202.105825,6772.063743,11698.165390,6646.978499,15690.447457,2517.125195,
21850.625303,10992.181090,25432.720834,12331.594648,20528.870578,12576.444572,19986.390464,3459.685200,
30107.220512,22470.593759,19547.686116,19856.384041,14184.986582,8755.222536,5145.487620,4406.737196,
1637.183023,9718.549599,30463.408335,12112.999826,2590.067459,2360.585819,11076.677585,2184.692346,
30838.516040,5082.458276,2982.813694,7650.874675,11206.815131,2882.086713,13252.456796,3653.403352,
16350.807807,37364.724680,35554.091957,17918.590531,7518.160175,7202.902556,9622.989423,8003.155416,
18554.934552,36347.069666,20376.615050,8204.178835,5001.102645,8160.948425,7347.695435,11770.668013,
2119.212860,37123.175256,16854.220918,4150.399843,3151.038611,4980.070023,7646.547241,6374.255038,
14526.867037,55255.309734,16489.017226,2250.738166,15944.914750,8888.159150,11672.958908,4889.111283,
10974.639429,9233.625153,16822.022384,14374.696229,18817.889317,15490.703620,8820.914990,1671.170657,
25446.624341,34244.800249,20098.059464,12794.734949,8690.318135,16050.815644,3687.877795,8191.448037,
15801.117887,24399.675418,8219.374589,1972.868113,1808.745068,8157.044535,10451.090031,7698.794265,
37203.767001,51193.747828,37263.869526,7338.899154,3005.159181,10628.521362,7244.071017,5623.998069,
12935.921733,19945.252806,42968.901236,12213.422524,6284.870542,13460.244508,2968.611238,6490.385772,
30599.724228,48014.286530,4704.028466,6204.121093,14283.053344,6162.187153,10504.379999,4736.790319,
12441.906427,10732.408195,31637.290891,10675.200818,7668.229167,4894.124294,16839.150503,10478.902702,
29703.645116,49809.494793,16758.234395,7651.706603,8782.665218,4568.397119,8657.284267,6905.062735,
20507.156066,20266.992041,23983.869270,17002.573211,14210.970295,2791.985057,5516.532906,8782.624242,
25257.983945,38856.711325,12901.823427,18771.203310,3766.651298,3202.912000,10233.208498,11775.206802,
4605.454580,43902.587423,13886.177470,16959.415596,7398.625006,4037.940725,18822.224352,7544.319448,
26720.953184,48175.671489,13932.920398,11244.386367,9142.044322,11089.389671,12279.467591,4754.922201,
9079.204956,25824.468291,21043.403656,338.314543,3328.237350,13895.251724,3222.208852,9955.007286,
36983.957302,21732.832031,23525.565722,2692.350708,20486.382469,13620.318237,6910.191163,4320.376082,
12348.745101,16937.425421,12487.759242,7430.671036,19750.440707,13816.593722,1806.577365,7529.654263,
28328.382317,21757.111070,31969.070224,7242.770830,2732.061511,7536.536875,4871.252353,10067.028867,
23416.082066,23582.927874,32046.445644,14755.831173,15965.714670,6628.168370,10153.316360,4932.226721,
15988.977312,13811.725406,3463.506592,15597.979410,8432.272411,15661.185302,7127.309894,9412.201349,
7853.684504,7925.624639,20956.808414,13687.228091,7160.114043,13866.181984,5088.587720,12050.327279,
17868.206109,9436.801370,25853.324373,12868.028949,7656.845031,12083.123862,8792.185742,7043.939358,
3238.361046,21206.010836,28944.682852,4627.001686,14849.644722,11168.725629,7431.546544,4736.387897,
17421.732497,30715.765103,3886.869028,7778.095039,14156.490489,6258.033538,6393.887371,8054.274451,
14345.939691,15062.861716,22699.226516,16043.233501,17638.218107,3547.333757,14023.060964,5591.530023,
30601.500194,33351.743091,18173.114653,14407.305566,20967.882768,12460.762803,9386.566453,7755.730778,
10628.746946,17750.752507,17843.070063,5765.270688,15711.685524,18533.162139,3098.909546,13730.472708,
24040.919048,28342.323950,9007.836711,4158.167987,10233.817601,18790.845587,4969.256576,11257.801570,
20926.934043,12801.497355,26857.199383,12203.803269,8008.198441,9001.569463,7038.041454,5930.116552,
26905.327070,40609.470697,14423.770021,7676.822039,7192.171580,10097.418645,6295.614393,17244.721135,
10513.422959,33374.026936,20613.921471,6608.531750,16541.146011,13976.544571,8330.750103,11316.771420,
27390.971211,54523.124403,7293.489443,17709.486472,8055.766779,5762.025035,671.176842,10196.162077,
14346.391827,35582.334368,22149.154259,18137.681779,12462.847390,11591.502710,16929.156715,12533.821677,
40487.005372,38919.291509,21145.927488,9652.472809,15869.193416,7721.146663,14088.507044,5576.589197,
16480.486698,18277.416869,20591.859051,16291.840960,6540.095881,6738.803995,7121.324291,9276.425907,
20430.322768,44880.844502,8031.278235,7493.583011,5744.564130,9283.086053,15663.446793,2039.291522,
11175.450058,22592.730705,25682.078862,18882.113011,11325.237156,9498.496512,6170.892005,5324.880317,
33912.752217,60440.999463,28137.429005,23125.096718,16566.938594,15071.921141,13381.559847,1407.661594,
9754.411545,31444.744503,24196.190679,7838.419703,16125.389873,13093.718128,4604.854650,5885.779819,
18507.578127,34168.374667,8517.302177,12128.682236,1247.301229,7384.052304,11594.587424,4172.185045,
5850.649787,44320.498918,22051.912918,6814.056150,16547.432847,8094.445273,10131.508088,2398.186073,
25154.526157,9880.626857,2375.828854,12120.342901,14482.609043,5343.535674,6336.813258,3467.235599,
8885.344189,13966.575936,18547.098147,14794.787242,7324.355931,13528.033825,5829.917069,2702.783417,
10716.752241,23865.734191,13793.101205,16119.287699,7820.108798,6794.701636,1592.249560,2925.471078,
20388.636703,10470.578529,30501.915263,4941.422050,5005.806371,5770.911786,6653.417109,3171.080252,
36723.314251,7838.616331,29197.501522,7864.759924,15581.695147,5200.783593,4763.596930,3643.926058,
12998.912775,21601.078235,27579.756806,16376.422958,11814.482067,13244.909307,9053.064491,7115.325810,
19212.877275,16204.996743,23657.636117,31184.150018,10857.834116,17756.018392,12456.649063,13715.788790,
17673.483894,17447.343738,22633.331533,23524.629400,9234.512711,6527.022303,5576.199643,13454.488648,
30269.475805,20221.004174,4380.315302,14949.078795,9319.954354,5901.505371,6719.226284,4410.050766,
11173.434974,24043.210068,11706.779751,20024.565867,13543.812904,4714.462909,8379.722379,8996.882176,
28896.384448,37137.929933,12287.506183,3788.086193,13996.826529,4163.963980,14079.948379,6867.813607,
5891.620022,19013.789674,26352.397639,14323.239467,13268.905851,9091.398256,7324.323286,7391.370293,
27129.320059,50509.803955,26665.548753,2263.239393,1958.196268,7857.073143,6779.896248,8239.666026,
7782.071155,36110.923343,20813.321013,11473.728667,10976.249270,5407.842577,792.932319,9562.738954,
30576.554578,46312.537164,18562.508300,2928.947780,10309.507649,9314.883911,10622.589337,13694.738921,
10958.254121,11454.170125,43739.587013,14141.132392,8232.160865,8241.927418,5836.512864,12153.485078,
31665.678647,34868.868028,30852.891120,7580.083085,7339.792012,11222.071923,6089.782300,5092.100016,
12257.542038,5304.079129,23023.458498,8283.313941,10576.891036,13700.909015,2767.128151,9212.168439,
20331.007284,48095.687027,10483.480336,8412.208552,2801.149742,11086.689668,16188.233946,15520.066468,
2384.637408,32645.093277,19742.641092,9675.815365,12649.103842,6667.389791,18041.946552,7402.745004,
19786.171425,31914.277656,12766.590062,14368.486481,4623.968115,4555.915639,8436.465069,5475.697728,
7834.553181,21662.675547,21144.830008,4015.101864,7171.317839,8384.518813,8354.652247,8501.060507,
15993.690963,35827.557813,5450.039211,13295.342490,13833.717506,12491.652468,7947.583900,4225.093685,
13834.055645,12021.095549,16186.650911,18764.732083,20431.063751,8739.932574,15218.603183,3044.340262,
33172.488547,18659.147269,16008.047945,6783.626727,11696.976625,4346.907030,12119.721799,5170.031197,
15539.913412,6291.830466,16053.384675,14102.190869,6819.302953,14079.924486,6330.662260,11532.987508,
32930.836393,42721.505388,19264.808288,19807.690498,14125.042771,14753.302018,11900.050853,6730.509659,
6165.229307,26792.776312,34352.690707,16684.050017,14124.693032,8090.536963,9682.420592,6109.410367,
28462.248996,10226.842644,13422.247216,10154.901247,487.609317,9954.836929,2687.960596,10561.959069,
17746.983354,5766.515697,27020.957755,4756.790420,16724.223918,11186.110281,8557.002352,4631.570562,
25771.433947,11294.988719,2076.725021,11170.722742,15443.707285,9970.907982,6401.637816,4231.667609,
15115.002494,12266.002039,18363.536782,10203.332752,1830.540356,9812.942547,2972.334482,6644.108768,
34066.656422,20580.411920,17020.409815,13819.640024,9845.796426,4406.152294,4208.433710,6955.962946,
7700.968527,9860.733678,39856.982991,19448.864742,17494.562104,5135.943027,9746.105557,7273.144350,
22457.277242,29320.176041,8455.292682,11207.998406,14951.487187,6377.771882,12464.087738,8614.191150,
806.014809,11793.911839,23722.496003,4940.915909,4650.773391,20418.395697,5628.071953,7157.320798,
28424.073216,15730.088836,7900.005184,8745.702192,17630.452941,20689.663526,7340.363152,1267.835737,
11291.892297,16720.060349,32962.371961,4955.330579,12146.674528,11709.585565,10901.534156,7634.988501,
14237.681504,21586.987638,12578.389704,12031.203876,4540.299936,3291.589315,7413.495352,8493.295455,
8085.718525,11861.990093,21040.015483,13711.387393,7340.859728,12498.547549,7545.367238,6270.040946,
26783.669537,21582.193129,22834.917744,11375.074808,8318.984881,14698.605568,2508.748203,5781.845886,
4419.242361,22550.081182,23512.020809,25743.097144,16157.096418,6561.995579,7095.843373,6829.839597,
26525.166929,42659.617462,2758.009240,8585.328534,7045.794916,11615.185068,10713.141007,3017.538681,
21718.064849,9741.986671,25642.965820,17854.022869,9958.713429,8520.243288,5345.692865,7496.363589,
19521.747507,36865.014291,2491.400930,13542.789260,17739.386529,2099.827772,7753.620916,6509.573714,
14871.328168,18166.160881,27181.014427,11464.584278,14381.777172,7348.949164,6919.677808,4229.669227,
28971.002121,49611.578718,14118.670780,4755.026649,3952.112962,1698.250373,3491.395326,7394.663062,
5551.587584,25446.551489,20356.260969,17608.727952,3559.300664,8265.774971,10512.238938,2882.003797,
30868.120069,43241.925549,16929.621427,19927.970530,6227.224832,10287.180263,9999.885545,1615.418940,
10257.505050,17338.486907,18992.418938,12199.541784,2859.732084,7222.593625,6998.067617,4050.520538,
27948.200460,30438.103393,16979.445314,17753.552576,9940.601205,7654.162526,9281.338232,12970.746170,
13927.133976,9038.064643,23206.568971,12815.840825,11215.974854,10893.249347,9909.692636,15008.334659,
21127.758965,32401.088692,3283.708211,5882.128658,4996.503687,7834.590999,2038.823913,8937.677990,
14332.660693,21028.276727,21271.460199,15709.800820,5292.413465,12123.298555,8228.253786,4394.786757,
29040.949150,20265.632066,14647.836875,12060.620795,13025.954387,10665.005392,9229.452856,2585.310896,
4170.884617,14672.730230,21343.013327,24419.996642,17935.472336,4360.588762,13127.411712,3735.928817,
20563.704940,21598.099710,15300.951975,10355.892258,5565.956899,14197.318511,8281.396135,4208.562982,
10658.389681,11367.308755,31138.119538,29903.700298,7204.615114,9830.802386,6694.158276,2670.306743,
28394.856897,8882.329880,9323.251807,34334.824916,12080.743584,1713.895774,12074.588806,2658.689278,
2962.975265,1517.081658,23574.732819,4090.001919,14945.967817,6305.080085,6538.641428,4968.058585,
19545.019559,6100.320896,16429.559285,16634.508493,3582.202656,5644.133687,2825.583248,5399.101119,
7952.206634,16464.035762,18700.224483,5166.819193,10964.986670,4594.319646,7161.117065,2645.567869,
30300.959392,22276.095969,9726.566837,20227.850025,5830.515908,9720.665068,14655.750859,4489.719954,
12908.123181,25696.488755,15628.561972,17352.222018,8500.948466,3595.178576,6245.751094,8437.627195,
28854.809956,35522.709663,17651.020307,9263.569643,6362.680277,7897.303711,11143.979781,8988.885011,
14468.080691,20766.152757,25619.788667,2069.097122,13043.903812,3637.739780,17110.551176,6978.771085,
21344.828431,37008.908163,20283.014543,18693.161623,12380.308464,4675.133333,7086.505156,3378.823542,
15770.054558,10658.338126,11494.714585,22777.421852,4641.147493,2182.635501,8583.894174,1361.503325,
15729.155744,37365.218987,7423.563542,8110.383882,12889.783606,5516.925593,9076.670247,5463.464425,
17946.535976,22069.164380,23079.064290,13283.823594,7929.932315,4548.542518,12820.951134,8962.882511,
35003.166028,38530.009370,21328.333533,11698.879050,12053.214696,1531.142863,12510.120644,6756.052526,
15279.509044,15439.708496,27686.395682,8903.589851,5513.255901,4413.965351,5991.967196,4596.411648,
40534.969206,33725.380426,19059.748497,12788.158116,11778.640107,12342.025066,9501.636531,9453.369537,
9158.832022,16260.828530,19051.115675,9538.745972,7839.805257,8295.983750,3799.857075,9078.961580,
29236.734120,25940.074471,15271.226422,8067.449208,9630.206854,6215.211596,2843.810115,6361.807600,
15563.957074,2943.112574,15762.622684,25028.657598,7387.508535,10559.531262,685.320385,4758.249859,
9445.966548,32062.216439,21279.474526,31913.992316,11864.515967,1675.828165,3311.827659,5027.934787,
8797.152524,5868.331871,24324.385398,25324.103242,17330.631204,14382.563956,425.082977,5183.403125,
24869.115094,25552.333057,2265.491846,9917.066146,4604.622617,12231.513074,6272.081263,6365.774927,
5921.628378,13141.012926,18405.258046,9584.085055,7704.030898,3692.336490,7806.434707,7284.684001,
27002.554510,25612.488693,15781.383563,16721.446142,8959.112709,7418.163692,4886.178214,2387.674587,
4989.435588,2976.703517,23698.827243,11437.851325,12337.007075,3129.625450,8942.191012,10352.143137,
27898.067463,18472.422265,9274.457663,15992.443716,3467.539576,9116.293780,10203.708565,15652.540098,
15799.153209,5869.411992,22285.742709,18195.413915,16629.101494,6859.161153,8913.397098,13608.230816,
27638.767673,22510.845986,11053.751285,14292.064656,11437.183720,2212.753213,11172.153313,9680.503393,
15386.246618,15852.198545,20466.573180,15614.655814,7904.098755,10747.771572,8438.475451,3135.479747,
27984.943943,38457.723882,7776.134652,8365.708131,4173.813598,13944.831420,11200.551892,5222.125341,
9880.280613,12377.362194,30924.104876,7139.018287,7936.675581,6997.758836,7150.589372,8035.896787,
28362.407128,31724.942420,21186.094742,11501.026883,8688.542842,10313.107979,11666.420166,8125.023220,
2101.344968,19280.118318,19980.682666,11632.797045,11422.812342,17268.418953,13096.813702,6597.382518,
27478.465146,31522.145944,14308.847842,8524.633118,2614.287797,14334.875771,6418.048159,5786.477055,
6881.296229,2890.462670,12472.599862,17213.261725,4920.670785,7568.573187,5299.521297,7239.617918,
32059.347765,33782.322367,15415.334024,13529.474180,4485.244670,7511.422510,3603.234444,8832.605361,
12352.623394,6601.848280,23741.728411,11034.505343,12532.933955,9901.064775,14770.497178,3685.533319,
20873.543160,34876.314190,13271.824531,19273.344420,8230.883713,8085.796475,16862.471490,6221.970178,
8683.115632,17273.612736,35079.088011,9813.498437,12959.808888,4565.984341,8248.937301,8607.743947,

158646.000000,1895933.000000,988155.000000,2733135.000000,1129245.000000,3564096.000000,2280065.000000,1423118.000000,
3036067.572824,3894935.610533,3084617.148679,2010896.385744,957248.662090,2230389.713124,1598254.152083,947201.980203,
2567423.799211,2034554.604110,2114636.025942,303201.293025,462395.537223,966367.968306,597239.303738,123876.228879,
1372799.290489,2243719.765565,2021507.327270,974375.618980,499371.553709,1380030.926706,535484.308380,290261.400058,
2023992.706829,1808816.371395,2376835.924015,530036.569175,935640.046552,881693.626276,292347.795511,247678.504935,
883700.308179,2423364.897265,1239024.674939,1149663.786636,2248901.598453,2968451.409523,1269426.016938,273115.445736,
2197654.237563,4335164.123286,4630358.148978,2130046.339369,2811938.644210,4184442.876493,2322963.540744,509298.811504,
3514437.918017,4956609.813483,4236106.685086,1600191.861592,1910783.030273,3873249.921999,2356354.235481,727628.949188,
2196342.367522,4250410.383482,1647922.449232,472906.923409,1412275.681374,2394046.154402,1026155.103030,490546.310830,
416078.147683,2013840.430128,821866.113159,186983.423695,1675709.661658,889744.048068,650478.794961,209692.741573,
1173080.791190,1689594.459423,55289.413837,364687.746645,1248114.497269,587357.650579,929701.035657,152340.978867,
452412.809731,252152.660729,729472.465460,259115.848021,595447.502475,480801.790965,363001.790467,91355.819324,
1008102.747420,1750955.024992,539280.478648,41245.445148,432908.033690,357731.953686,422407.981522,221296.089469,
345649.090189,1038703.766351,504728.638926,27100.570795,555030.109248,337359.383649,410585.818334,163934.934225,
355172.861934,1168103.147942,582186.211801,80424.515055,418783.670025,246386.940983,295976.829033,73256.362870,
443365.546899,519589.992716,202503.297139,87809.421233,209292.478994,164928.589508,102153.899221,36533.931540,
563886.878492,878274.379724,401358.025074,150878.357737,137489.004007,83563.780767,374112.345149,31491.620521,
116993.013659,490205.890940,347113.353577,78293.268536,156774.298094,107005.530321,186768.888490,55913.798742,
508796.081470,551921.036840,283718.391620,110971.227075,188550.054555,206782.496045,271033.238009,76570.214385,
49336.036841,177822.686758,420142.024390,136012.914136,360980.135743,154917.547011,243215.528174,67483.000441,
278018.192837,578855.375245,94675.354099,25800.410245,111236.723788,58954.209735,114677.830893,27215.147400,
160812.664003,250614.308751,330054.999884,73105.906534,148613.250264,65846.612642,101183.404684,60934.019686,
316815.047394,412053.330299,213129.921299,92877.727463,37206.259327,110515.540233,45523.368335,62172.214909,
122429.911314,202659.563381,354849.220038,78397.029376,164831.130069,86973.456261,85564.329605,34350.660001,
328199.393382,310704.932019,186135.573841,32817.791167,134047.021966,56609.548779,107955.471614,15455.857994,
122156.706811,219174.857453,303096.097717,67208.590716,179637.757554,44445.272891,109180.814301,23673.652635,
339287.110941,234163.163800,118499.218208,32761.433984,93367.949196,44281.773383,20814.980713,13983.144222,
181417.732896,106452.473212,318307.130628,54276.973223,130182.085040,63573.666532,97196.372081,10878.674368,
392942.104621,131426.065555,127711.687628,17481.146837,129397.682270,49636.829768,40295.566706,8040.711885,
184870.712058,129025.976865,268991.961795,29983.181455,58519.015192,10025.957973,72516.259806,27635.871155,
343265.158362,289961.105152,243250.186687,51658.785068,86762.924258,10839.418876,92329.969333,23452.671140,
120678.080471,90299.977519,266914.578526,47745.268145,93506.335051,9318.638736,78544.188857,10886.862716,
299792.585657,264445.750158,155115.782143,45854.510677,100860.741430,28401.163727,49162.708367,17678.776216,
93541.000242,87451.337670,217206.028352,68419.881430,78319.591330,41546.818895,16189.116082,13160.589074,
260947.216847,217756.091873,104426.678037,9460.331589,34176.623758,21505.868800,34843.289451,18478.486006,
96334.281584,130205.595006,194040.314478,30342.742790,87261.977910,20271.458059,34495.647769,12632.646478,
198291.333518,331044.230454,123135.237279,48546.103596,47423.368264,21038.046881,51037.992062,17715.736888,
23555.605163,69440.723835,163913.312127,55530.329644,103256.858207,19513.490332,42219.618542,14560.651314,
188085.508127,297303.571795,76214.308997,13864.999266,56454.627035,9541.640332,34603.141284,13416.744245,
49762.753259,142029.451166,108035.495256,33329.915175,62681.371156,39098.504588,65773.250304,10113.140214,
175590.206224,312770.499494,100909.741589,31953.574745,53651.958698,20740.541341,27941.982199,12703.967741,
13656.265799,72160.810213,132898.388205,29966.641621,59129.181912,27227.167772,40833.448778,10830.616492,
158268.522237,305637.827894,89491.148354,32909.357866,47424.019963,26135.934499,45475.011856,3828.039420,
63797.508431,130899.546809,143897.077521,35157.883633,59946.026592,9154.084888,28257.942429,8870.413620,
184725.599692,263646.306691,83059.870214,24854.339535,52541.961991,16770.262202,37909.884790,7531.896009,
59661.283203,90945.242436,151336.877114,36755.156042,72848.266675,11083.999539,33140.382130,11148.038004,
181709.845092,272962.774273,83293.147767,22990.485495,55598.686003,3318.397989,38136.337271,14131.877877,
86829.683824,91391.536542,140781.379655,34287.493026,42364.091620,25110.367908,17651.195222,2270.046262,
193550.760275,245514.558695,115676.868324,21985.464764,46549.818797,15253.721760,23956.454834,3531.030051,
97859.077148,94893.351089,144321.230903,34052.623327,56243.383188,19397.111926,18072.178300,8951.660272,
199827.892963,209544.661349,122081.434485,27399.955755,60688.410039,20691.801888,35770.332198,9844.242410,
68998.751891,89798.689951,150869.103698,41333.201344,56532.307807,27256.102555,23298.734095,4122.432146,
183489.550780,177377.711687,116717.568395,19165.011433,51636.989203,27491.445075,10352.317888,10548.758751,
70639.875171,64059.822236,150174.866531,34362.056435,52042.968298,13142.524421,31664.882549,7969.568033,
160755.068112,150016.694308,89562.320325,15928.055710,42429.684306,27295.052125,33356.748528,8940.515925,
59006.799570,67909.831666,125617.468457,32813.416390,43071.097061,2728.426442,20206.175602,2854.450262,
158917.409325,101979.208116,64578.479285,11006.222664,46413.152966,21607.585866,22471.874239,6611.211514,
45578.003560,29700.018640,107748.620198,34703.605725,52709.667027,5014.871212,20610.817410,3968.008390,
128713.851035,102159.880496,63177.852451,21308.757404,51121.131048,8288.852324,24693.645459,3148.101383,
22776.297301,48063.457806,89579.390358,30798.828518,35590.290306,9953.590163,15381.944400,5518.862463,
107524.389769,99130.360772,57365.147422,18669.482759,48239.457315,16571.156302,28353.056583,4928.375481,
17757.101840,35075.971444,101183.212527,25968.600473,36112.164539,4311.564573,20415.847540,3590.697381,
108838.340796,113059.099417,37805.365989,18146.279705,37551.714566,16622.438547,18323.795076,6402.163903,
21048.757267,43510.856119,88660.103316,29368.210865,40679.293391,11874.260051,21928.364130,3553.718179,
102583.244357,123315.142483,57898.135007,18595.602306,45409.331332,16654.387156,30006.574607,3953.946912,
47428.824203,57980.955766,81940.679791,27447.765629,37231.812618,2143.826405,22538.165802,3945.084258,
125975.766583,161086.094761,65336.886975,18374.721532,48497.221811,12756.804023,35625.064291,6339.605323,
55805.957298,58852.065056,104906.144672,27311.591053,39457.314840,3755.741814,16554.643592,3760.774578,
132839.372131,164295.190784,72519.938206,16843.747542,31635.080177,15536.581827,23935.856037,3364.343478,
56055.079675,68235.959695,118143.874180,26579.677935,41970.131821,4451.316898,21038.976561,674.976893,
138357.745134,176033.732648,78927.624800,16011.446532,37047.459348,9415.735115,16946.498710,2159.259173,
63736.210195,53697.764328,117030.838637,28429.482753,36646.396919,8637.576109,18562.486199,3696.978425,
138331.398375,173194.343926,77592.427641,19124.781205,45901.381350,12884.224890,23081.161700,7397.563619,
54573.513762,79266.176555,112080.300473,28929.716764,23706.900072,2475.079479,8683.300345,3485.064983,
132988.214765,166670.774074,73215.877917,13323.619560,41594.505221,14008.516533,20084.720263,4282.631367,
57623.599451,57345.028684,90329.830672,20796.622375,35292.861191,2262.906804,25117.911495,1152.476447,
120029.781026,184552.071097,61629.714437,14530.909820,40997.824513,11737.241301,20345.902206,4977.418314,
39730.102361,64251.004065,86452.072788,20529.278279,22889.506496,758.934826,19317.584870,5657.701587,
95014.628863,150043.304787,45495.730148,22680.037068,38578.108358,14788.297417,23803.588827,4338.673079,
20120.716449,68278.814386,70221.237077,34369.535725,26748.301986,5159.517269,18148.015216,2885.269968,
82287.881593,132558.487537,40313.521172,11073.042021,40886.606048,11910.635807,24308.196346,939.709859,
6422.530023,45479.886151,66446.337972,19718.806359,31053.891003,4606.450718,17924.295250,2556.185960,
74670.390684,114420.990436,26543.224789,18655.988644,34180.798764,11426.725145,15702.014533,3558.087084,
15940.396874,51138.684807,67736.820139,21179.188673,23253.495912,10664.648305,17218.992781,1426.201955,
82136.527526,93368.545234,41745.570740,10140.803485,31829.090156,1225.080829,15840.952371,4627.350178,
29599.437420,41928.601698,62782.061116,24598.065008,24889.962861,10381.923071,17298.388073,3076.477209,
91912.760665,70002.188950,57767.790535,18798.136213,32177.789572,17696.845490,19262.194054,552.943391,
42548.499702,30560.904219,81786.004781,22486.653163,31039.699632,6700.066168,20820.969550,2672.123071,
106430.674998,64181.177028,48694.226082,19402.813764,31695.949970,7271.035570,24213.112808,4411.730312,
49121.108844,34159.333048,89391.498673,26385.335089,27253.010041,11379.072679,16579.064929,4749.624673,
106717.280714,62527.874641,60108.724907,11049.930755,28451.576268,21391.948994,12663.275811,8142.640487,
50239.452044,21440.714128,98841.097209,29112.130469,23796.558950,15111.243893,12516.226006,6297.048649,
118082.241511,68916.356684,50026.030163,14083.395606,34138.281915,2677.648594,13058.182944,4290.361231,
48622.781157,42124.637112,89228.800647,23657.362892,31169.375329,3296.790920,14982.801485,2475.730718,
103779.382725,102295.113275,61707.009854,23637.505244,29405.685886,2865.542423,21753.259845,2655.295459,
41244.587118,41958.685371,77154.643953,23845.575845,20086.068892,3826.665589,7727.627835,2145.649302,
93647.202760,106918.762864,55587.306101,7507.094000,29356.391412,11132.477722,9020.975043,989.963057,
35840.826654,39844.487331,69111.779155,22560.809529,25222.049954,9117.999337,9572.165242,672.267694,
84318.099000,117489.059059,48002.346778,11865.631927,33131.887721,8666.794499,16084.114156,4064.242361,
29124.388435,39708.488552,57248.108340,25604.341834,28525.853265,6337.991325,15218.807048,4010.929198,
56451.309218,138540.959390,22492.974619,11099.837957,29948.835665,20962.496185,14927.172962,6128.755121,
3829.453900,57357.177465,52915.618632,17108.564523,27061.652755,12848.437368,9526.956827,4344.277450,
56180.393514,123034.254620,26252.318743,14963.898950,24425.455818,7979.825417,19979.648863,3982.715389,
15933.979697,74425.508330,46859.428952,14793.787488,18681.724755,8137.032383,9478.375321,6019.778374,
63370.856817,120693.132173,34660.537319,13558.045182,30090.714724,988.285206,16639.248709,9372.780263,
26929.539498,47097.747893,56010.054727,21163.195868,26639.668255,7807.625942,9385.084395,9967.134724,
76752.497389,129293.742075,41474.624127,10174.287566,25313.412036,18701.169709,13789.650138,5780.709234,
31546.966091,58326.248686,54878.395868,16082.792493,23009.511954,13827.462074,13475.556733,3464.383379,
82703.429526,101604.545096,55713.449142,7901.537223,23624.596426,6865.164318,24484.219372,5670.394795,
42216.015233,44068.400800,80973.564676,16211.127593,26721.857227,4769.788184,12262.211900,6358.849536,
92262.549666,97876.350151,46073.400623,12389.292659,20619.937184,7165.411939,7734.335586,3275.037279,
39568.429644,31195.997897,60855.556187,15438.755364,26676.727147,6015.749752,12838.406468,5065.019037,
86121.358889,88845.319553,49071.869950,13478.488584,15525.425810,21937.920120,20264.277707,2249.970395,
42697.331700,45253.300250,73638.723795,13163.057632,20479.609075,13687.921842,7742.069196,4601.654145,
84552.495774,55169.588843,47617.313635,10348.077750,31627.454870,6691.920861,20473.957482,7379.208390,
39392.386547,19728.742161,72198.736877,12377.877375,28404.052550,4869.547353,17977.081794,8197.100388,
79331.095193,61149.785052,45599.597309,7041.849864,11326.831189,14342.355616,13347.536896,4118.615311,
34021.329802,44428.652353,68585.133063,9917.625126,25353.979211,14472.563735,8992.005505,1759.567703,
72710.587980,50527.699073,46722.303119,16519.819061,21565.606503,13900.007401,6777.264072,7260.333902,
22790.558331,6642.786420,39928.143128,14909.189014,14953.497366,17166.951018,13392.737089,10087.073874,
52315.697583,43788.540741,18224.332327,4726.685854,22984.799281,8402.077896,10188.019869,3039.409129,
11863.880480,18771.164986,41419.696582,10673.681931,27439.578382,6156.200207,13573.973550,4016.472767,
43369.009463,52676.343564,27966.835412,3284.337349,22104.955955,19535.933798,6601.812855,409.795872,
12241.737440,28248.027633,47969.853046,15501.451193,17367.011129,22344.768402,11411.596175,7204.815090,
54110.370869,71027.892733,20229.624070,12634.102029,21716.511731,6717.989180,13772.392505,5187.915726,
17645.280387,35819.196809,47492.355521,8180.311693,24020.421979,3412.620846,9802.975909,3158.943108,
55963.096622,87707.123159,31018.230925,12199.479383,18862.278502,10632.504779,20724.370191,5396.429448,
28221.799086,39065.690015,48936.454427,14392.302766,19454.128013,11390.129930,16828.799673,4002.224320,
69037.128289,88684.849219,43588.381070,4383.174405,20967.876323,6493.496797,13321.902707,6084.127297,
38483.591442,45757.591936,54356.847984,11017.839237,28815.264633,11685.463589,4712.001899,3048.635375,
82775.978333,110345.938076,36465.122258,9528.631337,14379.141934,3935.788594,11865.155855,1947.512626,
36496.437907,63492.536573,67349.460733,13060.857802,23145.715698,3955.624964,10107.138524,1609.575307,
80011.965098,102453.793071,40756.738405,6354.123304,17044.299747,11674.804012,20838.586036,564.960800,
43235.781103,62060.297570,61618.782791,17451.797791,20982.285942,15636.349025,11210.689716,1087.415390,
79249.274938,104167.233724,48568.008550,3199.350031,11475.015073,14312.403554,7875.661304,3489.717075,
43738.942641,37787.520093,63913.413548,19416.133258,25833.451861,12879.844771,9580.645982,4477.616080,
72506.970315,95855.979687,44824.391319,15269.796923,17897.530113,3662.510627,17409.737385,7765.285692,
23396.933274,65618.878390,48810.968130,3549.269166,19715.187272,12272.398223,5704.399492,6418.471144,
58742.690580,94728.590603,41426.275215,6022.996778,17245.035768,13684.184225,12722.704853,5505.706969,
14366.784351,32182.117433,31553.736062,9365.617510,16619.228382,14150.310233,11062.851740,13971.423900,
45168.017188,79416.835602,29319.742260,6117.543055,12069.815190,1131.809724,3809.029120,10361.735511,
3287.828750,42358.922386,36383.100469,11598.682916,29316.896843,5769.890252,8221.424514,2932.375225,
37776.366219,47582.529713,19438.942638,12487.752334,13027.618770,11925.953035,9498.273175,4205.010713,
16628.817335,32913.629693,33446.514850,12444.312455,18008.728667,24164.754682,10904.814238,4429.172458,
53504.668707,32456.822861,20232.477364,9796.082968,24065.189629,11830.743518,4407.912554,5194.542575,
12954.387956,9114.795879,41732.394322,12531.954417,23059.819780,6541.442403,9046.384901,2559.083963,
57209.406095,36668.345176,28344.893854,7826.688321,5513.726372,4861.650376,6484.366654,7410.353272,
23105.583299,37410.932252,51659.851934,19294.897886,24608.155156,12180.148466,12052.679030,2967.011572,
60424.066810,39264.685125,22732.189600,3997.802386,27482.846049,5604.054891,20650.901941,8620.014595,
25942.124178,24847.891280,39896.330606,14278.171497,7774.214938,14120.846814,7014.245694,7809.447837,
61315.584000,38353.746977,45951.175387,7702.959299,22758.277944,11458.803316,13379.119317,1922.864213,
42039.184859,39490.333700,64057.441986,11533.206248,20145.103910,1953.107805,9202.470477,3148.546018,
81023.043455,67394.017809,46249.634544,3717.980270,15317.709401,8548.530941,6007.508502,7315.004489,
29401.649804,26579.346229,47825.750413,6785.647763,21131.221683,7147.586634,13606.516543,8998.354099,
70063.426602,76000.592420,40098.380204,5697.970446,12803.405826,9978.478806,10607.043164,3815.685979,
36455.595858,28586.745132,70442.023409,12878.792027,21006.785162,15169.022956,5531.704056,4524.759626,
64090.007837,69152.192716,39464.703249,4964.588246,21384.141031,2695.447417,15333.673178,5801.930768,
28047.561340,33563.822553,40481.739485,12386.731782,14451.838424,17876.713364,3262.499221,7543.008071,
49698.858790,90316.840745,27671.149179,5938.739126,18162.317705,23400.973483,13674.577212,4366.139060,
6830.983752,46823.958372,41036.665565,3181.971492,25111.409733,18889.421248,10374.634983,4716.441065,
47372.163957,76320.666607,15931.630986,5732.078615,3562.914913,13839.437065,7752.288851,3771.298940,
7067.968253,47805.547116,25809.967493,13978.313988,18882.261701,11204.973097,13252.326263,2826.465124,
40760.536334,91236.833579,18226.306096,5279.985756,22523.942170,11308.018900,9179.951551,7694.681758,
4677.424112,31856.701862,36881.107433,13540.286718,13922.689615,22652.074126,13571.171397,5617.714677,
41034.198344,82406.443755,12569.758219,8152.785948,13166.634677,16299.545854,9542.610752,2937.898770,
17703.932117,35153.376779,42190.718731,6847.120751,22385.609443,3852.342702,10267.060325,4283.900744,
44037.632365,87290.194334,19078.794766,5856.518930,14723.457415,6687.044817,14936.735629,4561.924179,
29323.240373,39415.334765,41154.600174,1428.548403,15734.361924,7938.513062,4317.277311,9614.351756,
64338.549142,66264.583696,36068.611434,6271.175782,5953.579364,19613.293061,7025.411403,3079.254773,
19095.502322,30369.566080,59348.739471,8610.968155,22351.125060,20294.538881,6176.808340,7833.355921,
65494.067501,66040.864635,33263.964423,7918.737417,7894.940126,12911.168787,11628.743970,5548.754222,
23118.452638,24567.500681,45997.225252,9555.071275,12077.620863,3943.922089,6588.685153,4400.739415,
55274.463297,56528.355691,18787.859275,2291.176764,14405.012560,5243.353754,14130.850835,10189.470169,
28138.841962,42569.732271,49491.704172,10680.338823,21250.191789,10592.572017,13448.059216,11091.508223,
67346.200160,50101.218533,46392.054032,6216.833997,7513.758193,10708.265992,11968.667228,7832.983418,
27801.022460,59778.311096,39867.738942,12630.364223,19800.828826,5512.981519,14176.165959,8375.046658,
63217.341937,46608.863225,39309.533904,13121.914819,17861.982216,3579.076823,10894.824557,4909.255902,
16678.416126,18951.587955,39555.116651,3468.040316,10175.262209,11477.425039,6660.741279,6861.689603,
58905.577712,31863.927672,37410.064288,13825.471607,4221.680715,17403.781450,7604.272446,10357.267777,
25405.883164,18978.210933,30163.662254,10536.122912,14416.824754,15200.960876,8272.391306,3875.576596,
32468.530944,43002.069484,15969.078757,7059.320205,10571.666176,10775.016831,3940.874697,2227.309044,
9165.821339,25759.139184,32032.973796,11321.997650,12322.397213,18261.757958,6782.592019,794.571534,
31130.564722,58787.330413,10609.354005,5551.471022,10461.845334,11811.483988,4455.229294,4175.042154,
3469.461884,26990.835141,30254.983212,15801.717966,21672.775317,1252.917242,13592.755859,2102.630911,
33038.567821,59494.582746,13027.079520,9403.231363,18081.830656,2731.057780,17723.743178,8489.426200,
12653.966867,37193.394508,41293.555141,8941.491455,3920.887358,9792.160575,4286.275786,12788.805189,
44338.828655,64072.624576,29327.055594,9732.513449,14997.703071,6338.483164,17189.223737,8521.671738,
18139.530254,34143.914557,35999.755572,10743.919146,13679.006849,11189.764510,13882.866402,2097.776868,
48161.670693,83316.663873,38176.033569,2783.029257,6595.204791,13306.500557,14924.978328,6891.342123,
23877.634073,62798.318397,27126.341141,7681.346117,20622.644714,3124.150556,13804.001162,12990.261522,
51503.977569,103466.509473,21462.414192,20656.277130,9846.416202,9839.129097,12313.033377,11224.770216,
30812.361749,61256.002446,38887.427836,18798.290167,14010.069160,8720.099163,3832.973217,3629.144818,
65489.828756,83842.954480,38105.243471,14539.915785,8818.198260,4079.521513,11209.909039,546.858573,
19313.539946,41005.422460,60072.358218,19859.388584,17459.458951,2150.026429,7930.240559,4331.819688,
62700.127173,76108.023160,39504.056590,2735.541580,14396.847327,3734.140090,8954.798648,6850.071234,
26994.440236,43483.706912,54480.014459,17550.413122,13094.871203,3455.882209,11121.640548,4131.390813,
60945.223592,58495.549208,22325.725974,6069.761068,7599.113187,3484.241436,9191.967082,8392.026268,
33912.425526,57177.339244,42605.297919,9427.975625,17757.956854,7816.863892,14136.671423,12219.638533,
40298.651507,60092.548356,23005.054533,6143.858012,21280.759935,1376.977884,1675.359250,9509.670283,
15031.330167,22953.426393,28584.229707,1730.070567,9162.062002,8503.512870,11058.336137,2325.486569,
41797.146886,41952.954046,20095.980964,13073.130025,13922.839354,7193.743684,10388.081526,3492.871253,
17200.408611,21336.905947,11658.411334,16301.145083,13914.531680,7363.894342,9585.678832,3174.447600,
31763.852391,28138.567501,32195.316740,6394.585832,16379.160969,13368.028220,2264.289762,2138.857518,
1224.420736,12601.785503,32148.227031,16772.233846,20643.660414,10828.945797,8059.288281,6015.204358,
23534.545516,31449.939140,19580.200700,11268.248498,13995.586439,7995.733289,7311.478019,6392.928367,
21977.096183,44797.435861,45946.664294,13531.330396,17075.704089,2083.442339,9206.890238,3456.650792,
47062.857439,30706.970357,3223.427732,4135.138410,11779.193304,7228.947917,1938.497850,7323.974471,
21170.136651,18805.185751,31855.747514,11364.865349,12381.690125,11641.243076,12861.107819,9950.231321,
56035.932630,27268.712104,16780.376751,2874.292846,16462.340634,9674.173409,11072.433702,6164.706853,
11787.098319,33047.173622,49693.732487,18245.012236,11958.033813,4435.756474,9432.972204,4552.747177,
50543.314834,41849.095605,34443.406984,12329.441726,18765.946344,3606.092644,11919.912915,9854.876561,
23522.131294,39946.306052,43823.386076,10683.933795,20488.119739,2669.857084,5029.231327,9149.520087,
57686.184965,69528.287263,34357.410628,4847.147536,11532.656627,6639.550675,10752.950709,7285.824199,
24028.138715,35363.464561,41975.369552,11137.591414,8691.009014,10428.808439,4917.165361,8851.769937,
53310.175486,70939.435078,17108.030287,10449.905583,6902.221736,5195.078764,15096.970278,10799.645721,
27645.657833,29027.518100,30563.052083,6192.916406,14709.394985,8121.951490,4735.471626,8463.619109,
53363.893363,65605.046327,31970.319556,13237.356412,13411.528087,8124.457353,7214.230432,5143.881782,
23253.783446,10524.412444,53623.629170,24889.221009,17196.918278,17345.631436,3626.263506,4689.687129,
40044.444938,59455.895202,16089.093084,14491.894292,25050.797431,14121.483156,7656.341373,5490.061730,
19413.986495,29161.386763,37034.885211,17171.346136,25628.758420,4564.259123,4278.771016,2719.976408,
30130.579607,91437.122971,11423.557336,13532.617465,12962.529683,16767.162801,6776.535155,4262.356477,
8790.333644,62972.840725,32757.177849,7043.597700,15968.046804,13293.548944,6744.467366,7522.642045,
22240.215956,70246.172192,15371.164705,8990.432003,28836.170545,10713.216515,14227.169702,6439.047379,
7274.669547,31221.813867,20596.806437,1803.407130,8917.689020,17654.853865,8534.950732,9239.223091,
26191.296744,65515.898286,21204.849613,9396.096735,14894.030010,19111.485940,11073.075215,6753.299079,
22096.795150,32210.664993,38561.426360,10904.860974,13339.680572,12601.045430,9935.106153,5294.574629,
43407.571048,45829.035807,23950.601657,9479.739783,13125.432384,10327.851232,904.713046,12976.956864,
14128.471925,45086.664137,40140.200508,5364.718678,14094.099463,2341.067552,11430.500000,10078.118480,
41859.762506,52159.080369,16241.191157,11996.278474,5630.298745,10568.568940,14104.909620,796.162279,
25803.334121,29374.443337,40052.733622,20926.917846,21326.561095,7789.982230,6703.869554,8035.289929,
49981.099306,23399.800931,27056.296525,10322.996122,26851.589282,7505.379774,15007.381780,6540.935423,
14758.664827,18650.691318,16337.901544,2286.657549,11649.814261,6908.189536,11075.890550,5524.327947,
52046.496051,12004.824646,18958.553266,8258.917437,18728.835840,3601.918774,565.438429,4271.764208,
29983.618424,18461.882977,48161.284569,21479.229012,12319.567158,6341.004997,3550.354287,6355.780804,
52194.439287,25684.861360,39140.159686,18405.424759,18115.563186,12281.644323,15168.987232,11736.538624,
19653.149899,10823.232868,37682.556811,8346.752310,32748.121931,10174.740445,14511.211383,9927.078982,
55921.587605,10416.378450,35883.110906,11443.758878,20397.762121,9202.472450,5765.218677,3956.791390,
21775.198751,31653.334502,39245.982876,10434.133830,8630.276297,8910.727592,6367.091512,5309.886759,
36678.360989,30823.357676,29543.319643,2981.256743,11728.964480,4814.375839,7286.902505,6525.798294,
13911.423115,36518.677450,16833.341579,10968.792340,21267.878842,12530.827295,14259.502111,7697.513411,
29208.638083,55393.272531,10265.102606,1651.233768,20763.541459,17754.184810,8530.991610,9068.247898,
10175.353252,27749.368685,29899.172676,15920.627113,17508.259999,9413.580018,24360.798313,6154.915232,
26633.398358,58487.357444,15285.446306,14954.594290,5812.012458,3781.518172,20656.456149,3653.600517,
7804.468911,37530.870668,12543.929855,13043.327711,19168.902158,9721.654510,7754.240890,3993.487086,
30183.912031,73027.473218,18790.534898,5542.103066,18061.370151,15898.121157,2384.844828,4853.581767,
16065.059371,32604.562330,28864.400054,5202.231713,10106.420928,13421.204683,13898.331967,1851.557637,
44429.833696,54025.717297,26284.574230,1955.462156,9216.350336,686.010820,19022.627564,6507.870208,
22991.848563,33073.227220,32279.732837,5151.455977,6969.744948,6924.258273,6596.648657,4495.800519,
32990.596855,94707.133305,18318.271479,2284.958526,19719.997483,5195.242922,10200.988009,5466.756659,
22130.426017,47979.591072,39022.653065,9611.661161,17719.305187,7962.603285,6829.199395,7108.894207,
41752.221497,63857.515155,29496.517144,2899.906103,8333.788785,7648.363232,3469.374282,1281.082084,
19654.907777,31632.026648,26293.542522,9370.230162,23502.952574,4501.484718,12283.122582,7906.051978,
50400.245025,51535.259463,33319.698558,12910.634703,17475.030385,14230.559240,14027.989681,5171.677692,
25437.758518,28575.142709,26040.067797,11617.161190,3975.080141,12646.245416,6861.330606,5518.748108,
49943.712635,46363.728749,23083.479480,5524.314060,14154.488317,5945.477341,8926.283340,3841.389790,
15366.984773,45865.686755,25589.338731,9647.291355,3957.215609,8809.720669,5563.763199,4143.161085,
50513.670229,44049.172762,30742.954721,4189.945704,9759.196944,7545.090722,7634.564886,4070.353793,
29112.083235,22907.634936,44652.520216,21936.888072,9580.177035,6811.836445,4199.198105,1904.539914,
19730.478911,23259.330339,13728.496991,16981.544580,10805.484582,9001.528448,11255.269961,3648.002757,
9192.770259,4675.258083,25130.818801,2017.993056,20302.352095,7466.219040,18175.010214,5232.835349,
21696.479526,30712.859027,24635.949872,6551.557658,15218.608702,1407.464527,12676.776305,4394.724128,
8590.534869,24914.638790,19127.532404,5135.546131,10206.777985,6012.654076,7479.532889,4750.124418,
25845.226130,21037.058005,15203.766168,10473.273300,16013.294216,942.388713,18315.435101,12686.710134,
4553.362527,12840.929365,7490.748479,8059.887355,3859.386291,8935.076432,18209.681923,10122.903971,
27681.712804,22785.182115,36725.645814,7227.875762,20701.437265,4948.179403,4143.785272,5291.129879,
19866.909839,26250.957975,37731.376987,2952.174427,26729.212673,8655.845602,20195.014284,10654.907734,
35760.634635,43179.200601,24033.372993,6504.640342,12271.775922,15792.615855,21147.500050,8611.967996,
8224.173259,11348.687198,26682.532396,10408.191058,14051.969645,10114.874235,8271.327720,5643.744073,
37532.212572,34305.443753,19152.788791,9134.328992,27556.053936,2034.167311,14708.192093,9788.275638,
19736.727293,19327.401546,39560.669128,16037.793370,10474.895090,10628.728831,7185.501348,12687.285252,
38646.300036,52942.545084,10564.110725,9182.535796,18926.024409,15383.181628,3563.119252,8042.275484,
19908.424749,30521.112661,37730.362823,2523.496506,27182.698639,9633.146417,4214.766585,3584.503369,
49680.035450,55669.799278,8414.296803,1774.108502,16792.009370,11179.276400,7715.197317,1653.808735,
26323.768765,34264.573805,44745.524755,7570.406439,1633.748825,6491.167728,5128.723707,9914.570878,
43528.952609,63494.892381,38795.786520,6926.194810,19205.288872,7063.419352,14986.663769,9954.628765,
18289.416566,28553.736333,29938.943384,8105.302894,22670.220969,10449.436176,9669.974070,8168.543346,
34750.972961,61296.827587,17909.657356,11014.622066,8585.794060,16990.891875,4217.693280,12415.624684,
17653.664765,29233.925691,22427.624541,21500.227554,9897.258920,10348.178994,11620.419390,11459.800434,
26871.385093,51219.200208,28351.470256,18303.920070,4316.663621,19792.077943,3421.999589,7583.361272,
4051.130114,29744.348346,15835.935365,2548.562051,18333.357247,24020.273412,16641.801005,5008.793687,
30375.055271,49544.937482,5432.177988,8421.544367,22935.145501,11907.205696,20156.920824,9496.213943,
9669.236460,18504.728766,17461.039325,8734.681706,17718.048436,6390.280242,1274.862644,11013.629243,
20374.368894,45894.984463,16795.046447,2693.056304,26624.359607,12345.715751,16904.038043,6553.678562,
7686.411102,14712.371143,26877.896289,11780.516027,17132.443196,17856.185123,6743.267633,7740.074280,
27389.983040,44154.979537,23099.810774,6979.871622,12800.874900,8076.865872,13158.495585,15998.794384,
5150.591874,31284.228186,23199.157823,4703.547385,13310.247016,16431.254386,10235.721134,7806.996345,
29045.638688,27369.953014,24735.287992,4865.846089,15263.268299,32313.252716,16691.629894,5221.406910,
22685.538283,14050.344088,21399.839289,3714.557031,16387.415981,21953.567656,17058.679156,4003.435285,
40109.379798,21042.693046,25418.163498,7418.892462,6714.288280,3396.225763,11694.405781,6542.440453,
25642.991337,6693.499886,35049.663867,9501.023209,20743.527046,11193.764864,9413.920268,8113.104379,
34258.460362,25587.987359,11583.990999,3688.256320,14666.886535,8335.647365,3082.855626,3006.883244,
11637.655982,14885.371480,19347.917075,8796.013203,5932.731539,8398.526298,4756.236645,9325.597136,
39024.101487,11044.309047,24940.407876,15932.330097,22570.386694,21083.326530,4440.336404,12423.830535,
28922.071949,33847.525192,34342.025378,15022.916666,23180.135888,24758.652191,3772.464509,13175.873405,
32568.452878,34621.700243,21841.251933,3922.616739,1793.494708,11522.305459,11421.456140,9124.187267,
10000.576104,10650.260006,25882.885097,11379.221598,15520.185239,10643.904573,18965.961141,6660.041298,
34199.723462,20614.769685,17111.347599,12359.292251,12829.663639,19002.219666,10425.497642,4687.368781,
15817.316347,33508.027988,25776.078269,10244.593311,1092.411935,21727.464739,11217.811816,2960.462476,
26519.166178,58345.752437,5745.574591,9177.915769,10550.299189,2783.473102,7130.817669,3876.518933,
13122.826565,37489.061426,26791.690771,3735.954903,8592.067413,19548.133506,7239.790735,11555.137913,
20765.721677,60681.893487,7143.845929,11270.537204,9691.921044,18632.272142,11853.559586,9225.521074,
6896.999249,11955.691164,30162.603610,22950.586393,19541.196031,8131.826175,13575.610882,10924.199244,
30559.728489,42081.990529,33928.830501,21091.029441,8727.259307,11300.221853,13293.562915,18623.872280,
9123.205593,26256.257236,31424.561396,11451.657089,7324.468739,11127.383902,16045.824177,12127.760682,
21093.923365,50651.950794,13584.825882,11182.767595,8795.824390,11121.475951,19940.069752,2906.035622,
10758.233536,32490.721300,12106.041793,3514.502988,2673.082719,9968.443692,11896.629240,4016.923708,
27237.393260,60152.211596,7495.829012,12675.154630,12211.780687,4244.366797,4052.667455,2117.280105,
13376.582509,39238.302282,21693.638526,13765.748282,10833.362852,8263.373400,9653.307195,2460.394467,
31381.237953,60728.921070,16809.999824,12270.778463,6209.735890,19598.053107,10469.540014,10437.846541,
22212.514016,28852.661374,28829.168912,5490.140109,9226.621372,24625.122077,5755.662536,10820.950069,
30361.929785,36969.489822,29139.227124,6453.559947,1149.863927,22856.907296,3722.324975,7060.664320,
26855.700474,16182.898759,45601.360611,17764.746031,6165.832713,22220.919572,7460.630927,3825.891915,
38634.147037,46638.874577,29889.828075,16344.653273,12841.479807,7277.077001,5518.592053,7626.869276,
12739.059564,38670.321606,14979.117347,3832.925197,15297.477782,13321.173717,6040.376724,14148.043218,
37820.664901,22084.715283,25814.423528,19731.402388,13603.978550,21818.830557,4995.714974,6783.670177,
17376.169229,10174.248213,36822.192979,14941.807069,6649.281710,22428.301355,1417.694426,3999.277605,
33107.528545,31853.255983,19367.655660,3214.037084,14132.946084,17663.750248,9276.620990,5180.694546,
10884.675634,16123.629476,12965.536942,1841.365157,13789.205756,4398.439954,11853.176172,6398.456847,
20261.766358,19600.447511,8034.548394,10171.402803,6050.698812,12052.863431,9457.612052,9488.766237,
15360.178992,20139.013965,26240.468544,10669.178634,12815.124911,13434.711282,5879.960768,3460.473556,
25474.419802,6592.806496,9217.167998,3377.225529,10244.612192,6402.395836,5701.101276,7094.787955,
8272.675052,10103.562297,23424.164932,6309.254269,3228.664960,21245.108399,10224.023034,11169.165935,
25096.100730,12973.522758,21952.543399,10528.903193,19934.731682,18789.611189,10733.721433,5638.799190,
9277.638538,36652.030792,13965.280682,16704.376972,24205.800001,10621.308081,9337.451725,1532.915369,
20767.578046,32466.061459,22565.772986,8274.576082,9243.904400,11398.896866,8182.674233,846.005920,
14333.598909,24104.651553,7259.024524,12586.921258,8876.863953,17180.085862,12945.614953,4677.182616,
28446.018758,31779.017188,29099.753261,4184.340233,6684.236163,12867.488099,2460.876252,4841.657728,
24548.396418,37860.077717,39836.220422,6494.920344,9793.913864,12389.480025,15592.768949,4411.868826,
36681.206245,50621.148989,25162.142911,1017.023245,9428.241844,5214.716519,15418.701592,6182.547524,
17281.663592,28940.934774,27500.360143,11641.552526,14327.248777,9208.707910,1483.190404,9473.670874,
43700.441385,78457.554706,15019.259246,3161.113169,11353.447041,7872.438271,6722.004554,7818.724894,
3222.033076,29453.747318,23778.115641,14719.376935,21436.209604,9708.711063,6695.689250,3108.189449,
38058.893223,46966.389986,13532.900897,13306.946628,6040.162033,12518.914803,9754.392801,5982.219912,
10428.039698,8271.458063,29116.228719,10240.807891,18844.562923,4782.088526,3004.672691,6834.098900,
30114.195593,45080.123135,17315.761365,15740.833826,12970.457400,17967.916123,7758.013048,3905.286758,
14012.275098,9772.073097,27903.483634,4715.498422,5672.462617,10397.521874,3765.060078,2996.982149,
39328.059284,52040.825385,16170.440722,3095.277826,5768.119367,4423.162345,7140.238726,7012.886571,
9293.216483,16286.944919,11199.452712,10666.964367,8360.599264,7061.988707,8196.193940,7514.686078,
27521.846881,46299.099894,26837.339377,19630.763412,5007.777173,6131.919207,16735.510801,3259.838513,
8994.937618,24485.954435,30017.483315,10568.570469,7190.598817,7540.633074,16760.816302,6629.276041,
24403.621034,44795.282500,18233.998359,5590.624960,17985.266322,5059.774490,864.184825,12304.649870,
6868.364530,29545.675368,6032.002577,6236.224723,18943.299637,7936.265547,13419.379634,9872.683291,
19387.057299,32625.566453,19331.136711,3279.235275,7097.975328,10859.135588,6004.458806,1656.513815,
12892.425606,24740.902564,28902.030010,8614.142565,25654.846216,4940.853064,7347.824833,7394.472198,
32727.189378,20434.394272,24147.105941,14108.595302,19902.582388,6005.503040,2514.081840,11753.381446,
15146.355359,21658.208515,30300.558431,14057.652981,11466.924829,9808.250553,13773.606860,14075.638668,
44398.552340,10545.973637,26379.642232,9663.345031,18930.203050,7444.206107,14498.213271,13467.155794,
13401.081992,11259.664170,34097.679435,1999.049067,18844.610141,3805.558484,3141.263390,7716.329433,
37987.384374,30908.817060,13578.143841,6983.981361,15574.652340,6554.803557,9890.053574,4079.196001,
11610.253202,24408.217274,18668.681500,5623.622840,6062.001852,1719.844397,8564.525946,8897.740289,
29489.012171,14634.762879,21561.049332,5287.609326,10021.700284,10840.231235,13991.198949,10029.460062,
10082.697454,16989.484649,25069.959496,7441.839417,17352.315233,14907.665130,6423.651489,7537.705197,
36004.105211,30275.731230,17362.827971,9269.911503,6307.460463,21427.393334,5496.207922,13007.489698,
4077.514942,25187.166153,19824.700460,11047.876910,4522.898566,27100.719180,7224.292780,17444.887170,
36703.473478,46117.687408,15128.483727,8803.492906,7398.503920,13009.024201,10977.454328,14337.184992,
11350.250967,23591.986037,29253.555124,12235.130020,19533.423094,10641.015151,18926.974701,9849.470662,
31963.271227,17927.427000,23451.009998,6055.623661,15004.859408,18162.951756,10824.105445,7836.212916,
16367.902147,25140.745048,34351.057160,8941.225855,6930.954844,8760.801816,5937.653988,6148.360518,
20310.130313,45329.801175,11618.175773,6552.893264,13199.572801,20431.463059,7472.417276,5955.046517,
6142.443740,31032.039174,32708.766098,5902.620146,10793.405179,24096.324316,5644.035623,7179.457499,
23415.800340,56609.359183,10314.743255,16328.247740,3201.128384,13443.780733,5333.831445,3385.148846,
9524.719189,22069.500330,23471.371198,20139.912973,6282.860185,8494.615416,9941.585944,2953.525081,
23192.501044,57795.172909,3021.892695,16969.618035,14349.206978,15603.080352,16951.017178,5573.006229,
17769.839800,25470.772097,26230.978828,12489.941514,13528.542990,22584.615811,9052.782271,7162.166312,
26938.460025,34139.627810,14332.561145,9370.967727,4568.964900,19085.164173,3254.187940,4323.329363,
6204.438690,22025.224319,21833.304038,12223.595734,11169.525681,20538.950870,6408.581114,10200.667836,
24604.715733,49659.590553,9153.783221,5341.981521,10032.924252,20864.726175,10027.057618,8885.581176,
13698.525957,42005.579275,27450.111059,11434.327965,17696.479223,7853.531331,1588.365920,1839.537502,
25052.049698,47524.041051,26683.107865,22769.885756,21263.507666,4872.839351,6592.702464,8472.604534,
11249.032021,26367.439795,26713.911108,19347.556260,19369.249126,4186.521265,3378.337484,6658.687908,
35674.912728,17199.699617,12965.528234,9468.939183,7501.474402,5517.916032,9904.476116,8251.961880,
19490.581188,11262.731806,30599.451027,7903.556706,8505.215487,4141.767862,4642.054793,7687.042156,
29386.622315,33747.039209,18856.756915,8349.337378,14931.109792,12091.347969,5066.487227,6464.587613,
6713.163271,25946.226522,13339.636075,10257.422386,14350.613311,8181.021176,3732.314640,4244.428640,
27557.824369,15331.466882,8408.077991,6948.165620,4421.483247,20178.043184,4664.033483,2815.490775,
20443.459956,9757.776501,24707.761135,3828.512771,8103.362430,19046.625960,3114.346102,2949.930892,
24402.827889,9705.262418,34741.165347,9684.035476,12949.926784,4606.557729,7366.917002,6846.626744,
10456.631521,13818.930133,17730.299688,4782.700286,12702.696088,5508.617158,6283.594874,8165.841404,
16565.036303,28877.861002,9605.243336,14736.362516,2639.832400,9109.835327,4896.938060,2456.697803,
8769.097776,7526.614164,15940.864873,6584.956777,16642.679320,8426.956682,12801.478315,4532.518576,
27968.393521,13746.652337,18567.808014,16828.133476,12037.483911,5797.345874,9790.019577,3893.887643,
6618.619971,31735.789366,26932.535943,22361.746346,8117.631348,6091.680390,2586.531212,5270.117034,
20361.623009,42186.718462,10765.760431,5767.600979,15381.039755,14191.738556,5545.125740,5508.443247,
15205.541668,3976.109946,27554.675714,8954.497295,1570.488045,24690.907554,5008.925164,4300.315184,
24537.793740,32072.447444,8820.233198,8049.362467,21298.646166,20062.304737,12269.046673,2547.725856,
7684.155602,23898.668584,29811.755039,19829.370939,22903.405883,4549.315251,8739.866291,14060.324926,
32324.889340,43376.652440,27974.738766,15873.390084,1335.693341,13823.434118,3579.332119,20075.839589,
4016.136946,28341.409347,20889.967632,13653.321648,19704.712174,14795.694818,8000.131105,9902.168755,
28583.175106,41861.726593,7346.829612,14096.619479,13765.978095,4637.036030,11813.455498,8086.350220,
20561.042333,31342.163528,21666.013023,10481.209000,5048.628196,6123.017551,4744.632239,15721.225404,
32301.589124,42957.326047,17780.383464,13407.480372,15779.040519,13322.353282,18085.670193,10189.779248,
17110.229945,30403.756371,14447.484570,14290.086147,16776.525931,17516.931659,17675.512278,10619.868164,
23313.920718,43781.366710,16345.796131,9220.820813,7370.863571,9376.101484,8972.689093,9784.268620,
17532.964080,18863.922307,21866.833832,7384.043432,7714.327352,7665.992490,9290.904515,3739.932917,
30150.504197,40836.410988,12743.894324,13912.567247,10435.914090,12191.096662,3883.317663,1030.476960,
4729.141822,25789.641664,18363.286001,19280.840351,5381.124468,12202.093384,16318.771476,3034.969286,
26217.211329,40032.562410,8219.975208,12311.275866,8759.902287,11761.430138,12198.673489,5861.184850,
12451.121771,26511.186990,23339.442723,5131.332345,12106.489986,3625.385272,7700.389728,8128.472561,
16060.635240,16782.712175,20237.046637,7175.763163,7712.548849,18666.945393,18274.548940,3765.186173,
10433.013727,18919.735525,28968.355781,8048.211964,15412.241163,22114.686571,15365.167148,4527.097228,
16045.186543,21898.253937,18850.348539,8173.600671,8220.015740,14605.095633,7124.744708,7873.703719,
9470.506199,15346.832220,25858.473596,4957.340485,15101.054191,10722.179798,8945.430259,5749.734586,
23096.445027,23405.159165,13389.937089,6612.583631,4687.079021,10846.014736,17142.768716,5369.468403,
12357.834715,17119.585246,10030.537812,2946.652566,17204.407639,8313.886034,8298.502372,2860.613937,
23748.560563,10987.757857,14210.287568,7106.369667,8990.549824,13797.513297,2663.395689,2742.156440,
15775.143385,21054.551287,20229.278093,1397.767859,16651.530847,26736.610235,5741.753202,6219.376590,
23998.960178,24860.061156,21079.385113,9812.735867,19735.092363,19346.246367,10913.886664,5563.555266,
21102.882608,24668.245630,17269.052731,4768.623374,5262.895848,6259.821186,7747.975339,6122.191565,
29442.930494,43233.292951,25206.054715,9472.836463,13863.232932,11090.113924,17013.096513,6751.010191,
15055.422692,2264.718366,30251.608181,10956.158068,9906.762479,12699.125024,8577.495503,6500.414427,
23691.056998,33377.278591,11647.758947,4238.239542,18498.670751,9011.890439,9930.242356,3558.596908,
9772.734935,21727.379114,25228.501314,13941.493792,12886.473907,4988.062420,12708.943947,4398.560348,
28324.221741,48290.207164,16920.951665,7435.242091,3691.488488,9182.405774,3375.937132,8069.237193,
11038.214602,34584.137925,15680.142022,9334.601750,8651.202898,10756.912122,7747.496369,7008.304436,
23928.050082,24826.394774,4358.254693,16474.900672,5451.738156,6313.994048,4571.345432,5901.631520,
7601.669061,33851.110761,21098.957614,13347.642646,6179.817722,6515.161719,3955.609864,3882.223498,
31186.781212,46085.911025,19318.527404,5383.179064,6970.804747,5651.574503,8508.309928,1987.852607,
18194.185544,13428.764468,28448.653441,4787.732339,11482.579578,12940.555431,14374.682936,3776.421258,
16851.691624,42982.452527,9092.631142,11782.546553,14626.914027,14221.657288,6716.411558,6944.307296,
10582.393706,20410.248164,19400.198594,9528.208363,4136.785017,8731.598205,10247.345199,7494.403614,
31244.189373,32838.063699,16106.879489,14641.667478,12950.303648,13276.538008,11638.025919,4438.545771,
14163.331596,5639.135387,26655.855271,13072.570148,1799.116447,13438.836421,4407.331511,3005.004995,
20010.585807,38776.838992,18847.302102,5880.845716,17806.672726,11137.514965,3685.944888,5701.625199,
14247.100293,15008.412697,22729.536278,14776.099956,12460.102096,14404.167086,5002.758385,4540.689995,
24530.800504,14831.460863,5905.878224,7718.128100,8479.266101,17429.940021,5684.371959,3667.847962,
7094.408995,12913.457459,19639.036353,654.646667,15262.691210,19215.201396,8494.602507,5078.719995,
23270.498312,44891.165037,11374.134118,4166.076526,2580.212006,7127.671645,15520.928840,1145.900584,
19401.633260,25327.203539,26880.629514,4904.522266,10388.397304,15519.700563,5276.199519,5038.964860,
27759.969589,8087.939182,33865.366757,5632.399455,7847.236207,20532.781185,6303.105532,3109.694280,
7138.213806,6368.303578,13707.161680,11982.627267,5960.992153,9056.250471,3791.680962,2900.621534,
30202.504709,21652.525030,15955.377641,2406.299055,11552.212420,13343.320207,4943.212426,4864.250702,
15131.886119,18056.072139,22765.411911,13340.886849,13470.376107,11582.504405,953.382281,6841.526609,
29539.971357,19939.176636,16126.592328,12135.819872,14388.676625,24825.811549,6019.462508,3897.621334,
12182.223145,10809.590298,28204.561741,16587.795114,3112.168808,18450.032739,3348.587764,6363.905063,
22944.913551,17438.448499,3971.349395,28410.335049,24255.373657,18090.780387,5621.913154,9132.283160,
7636.349264,25941.606539,22006.090505,16178.418492,20389.680147,27241.771536,8546.955945,4882.525137,
28929.578033,38123.503998,12142.477236,12397.143154,9923.830077,7718.470248,8113.521594,10712.576895,
4033.818794,11942.321146,27393.597293,27395.650842,16788.556008,16878.979782,7490.429336,4542.453686,
28006.911203,38083.899396,19285.994312,17595.478750,6171.218830,23413.967868,5564.870454,8229.563296,
5057.739377,20927.918100,8222.614219,5283.241105,6998.758500,19345.293554,12905.766084,13506.269674,
26415.277795,46622.660834,14721.632985,8922.654119,10708.763063,8233.831529,9154.434570,12188.554422,
19590.489119,13761.638470,24709.833450,16643.997638,14069.049195,9385.614563,6899.698750,7379.329030,
28411.097395,35687.927423,16191.260840,15444.497839,2732.502991,3976.163952,14614.081234,4247.040100,
5939.880427,15120.349933,14514.614100,15266.332683,6683.683034,9989.842348,11025.366382,10204.438848,
33092.886707,31821.236621,22493.213843,10658.291829,7671.667169,3914.896436,7115.053647,10596.221768,
19892.519508,11826.425615,29512.288802,5167.129131,8571.968199,8867.340962,7442.673650,7173.092524,
32664.514297,47370.821015,10120.364752,18315.862627,9411.754647,7179.145460,3415.624941,5500.536280,
7811.749741,16970.536871,18411.605690,18660.060148,10439.899040,16608.227424,12917.859447,8813.242191,
19678.280271,45818.916674,6229.780154,9051.069746,4851.346663,14336.226429,18362.632598,9891.659587,
11445.245871,15139.949443,23440.478126,5304.136384,9770.868901,9011.544011,8496.227872,5447.127984,
28962.129032,34575.657983,21738.582980,8281.386987,7584.020985,8433.697082,6219.462317,5695.060225,
10996.530341,13362.761374,14872.090113,14358.501314,13342.525780,15951.436367,4852.741164,6169.933418,
24104.256916,25549.699999,13743.957620,13314.767408,9514.336439,13078.149015,14884.737171,4873.786680,
5932.242471,14478.833095,26027.918433,11088.656648,9322.629063,23805.722546,10003.884656,4296.201893,
29541.008886,31986.661810,21051.787190,8635.316662,2836.363001,20252.817676,7889.108930,9039.128172,
2886.026351,15634.369530,12362.649660,9675.616246,11733.342223,14717.478788,4281.098159,7655.556342,
23878.742021,28338.609925,11652.702083,13775.928500,2152.974298,19394.534690,6682.329291,2772.555067,
7231.805532,14109.622062,19830.801888,11533.092587,13021.362555,17021.793201,13796.926377,10130.127127,
34078.171379,10636.892856,14157.458793,1310.275294,11327.238825,12961.210938,17346.049250,8642.944407,
7569.949868,6130.264028,18484.749115,4403.999802,4535.965760,22748.794259,7470.505268,5785.549186,
31587.037606,19722.683752,10586.888266,6608.788976,6539.672010,24115.966153,7960.535790,7229.691932,
12258.544898,12529.887015,26359.337809,13120.236443,12508.355539,12766.170007,8071.406697,5664.834834,
21843.393079,26790.021247,9459.095599,10925.083419,6900.494110,17085.594881,8205.127684,4220.526138,
15345.860574,16479.719504,18711.542590,8493.877688,9746.724637,5534.828798,11048.042067,6139.688607,
26822.344184,27621.055020,20421.426089,14676.308438,8736.380737,9486.095933,12302.942013,7497.476245,
16958.121087,12090.058407,23360.537567,15678.581342,8452.226346,5689.354396,6906.206528,3177.850149,
34264.987251,38235.161845,14561.365331,8233.438130,9598.644181,13489.524665,1990.942512,5519.821211,
9250.797099,10535.943266,20862.552942,9811.013904,7577.358524,12253.908114,3630.409694,6517.412135,
32478.437267,34940.915689,26750.870447,12048.607838,15870.792004,5410.848917,9487.678267,5044.115365,
16765.878276,16550.325067,23856.890888,17284.009376,15434.382392,18876.079059,13158.738221,6319.326150,
14182.010103,43277.166940,2767.014810,16344.504754,3315.235558,17322.808869,9215.770498,4511.242404,
7192.627919,22940.465756,15924.835203,10143.739714,15358.965963,7060.099760,1280.912692,3068.154013,
18894.020034,17675.707316,16404.247617,4411.858712,12100.851235,5880.886449,3933.026469,3211.724018,
3918.867314,13450.363306,20292.938681,8784.569756,8997.169381,2311.761698,6687.803544,6327.103667,
19470.966970,35097.539068,6142.858378,13754.595206,10768.664650,9319.582816,13290.632867,6536.867695,
8322.450041,17238.877652,19725.176825,8142.275818,15894.981917,12165.882139,13179.263340,10040.491521,
29168.488946,25651.486953,13135.435416,20383.034730,16064.368563,9822.109737,7839.840662,4003.393170,
5780.704861,14666.528184,29632.475593,29108.423583,3294.065419,3823.996107,12576.377511,8759.668952,
30465.671817,16758.745115,10622.824245,16327.041326,15144.421245,12681.795634,20187.470560,8274.081965,
22630.565377,12908.103695,24538.901880,8799.484451,11494.948024,14632.601502,17663.520952,7227.127680,
20372.054263,29652.918374,11431.299039,28221.021485,9642.160417,11530.115381,5991.481641,8569.498187,
18840.388266,2245.850766,18623.017682,26503.736079,8471.800865,16229.636199,5765.288768,3008.338745,
27404.027792,14543.471596,15146.242246,6589.017064,12827.739164,16227.422178,8049.007689,9289.887235,
7291.572775,14953.722846,28080.655849,16007.952330,9842.898889,18857.518865,14857.118521,5093.727038,
29129.128533,30909.679503,18142.402318,16682.914180,12166.947226,16604.722870,15296.480978,5501.361246,
10482.285191,20083.192462,22925.880093,9629.204226,10400.780017,9335.473790,11315.348383,7590.568592,
24024.277059,26842.608732,16728.385400,14061.213042,17168.604685,8239.101545,9670.653805,1479.863685,
8778.386407,13665.750610,6028.457873,23664.675694,16717.946804,14417.013630,6819.156706,5593.155547,
26174.664491,29774.463899,10640.791119,15940.074951,7925.229554,10762.223767,9571.186210,3961.157332,
6354.708102,14255.249100,25251.625283,2214.320106,17384.165252,5646.032921,4072.209412,7576.080880,
30747.631973,34311.045474,17257.113347,7810.277358,2635.931901,11748.587222,2590.805983,8991.947825,
2468.397350,15682.391114,22816.601089,7744.715309,11991.793598,6648.401989,9316.259799,4308.105405,
25424.782248,44790.790809,17341.710777,5656.767854,7666.588048,3038.538806,10470.833522,2357.835568,
1549.025095,11373.778459,18791.930082,6439.409956,10456.506659,2375.246515,3918.240160,4765.364322,
24434.377971,47234.977285,20622.936700,10553.436501,6850.556559,6485.399302,10385.899870,5942.834685,
7539.101585,5731.496489,8658.883835,13984.338915,7042.764657,9873.789949,7670.694711,5200.781531,
25907.283904,41369.274625,13767.061688,12502.213955,3261.262654,12835.562520,4188.959345,5390.933628,
10261.875230,15817.883266,11344.708843,9501.675641,12339.225442,15602.677051,7314.883388,6460.213455,
39756.809027,21090.175002,19605.292108,6551.463900,7143.782506,8521.715456,4489.318895,5567.895307,
12896.552672,3573.797375,28820.984188,15720.846179,7862.415490,2582.538947,1119.290660,4231.816227,
30857.573504,35132.253957,20556.080501,18979.294331,7260.528199,4874.426028,591.760144,4486.674504,
9893.803436,12019.798432,9959.436615,28320.148515,9603.467194,9135.944605,5995.033011,5655.503654,
27694.300032,14331.926842,19171.294694,16828.153742,10686.775485,3721.445484,334.575947,4469.487825,
7422.487166,12691.298495,25459.778561,5248.514144,14886.732516,5027.913535,13996.275372,1368.102588,
26309.542308,34306.847941,14245.401978,8208.583005,7617.631888,7755.065092,14833.090726,2220.938579,
5597.555024,4551.453046,18465.859008,7327.890210,2593.345008,12805.296135,5752.255706,1017.933472,
20012.050480,29161.577661,10145.520608,12377.426078,8313.055594,12022.802222,12824.530312,3448.278705,
4844.427266,9489.555780,23703.506364,13974.794427,4852.304143,15744.060487,5563.551331,3845.684816,
26530.327986,30823.247501,7765.564310,16978.049153,13263.211070,18460.376647,1700.893540,2063.199986,
3188.524541,10188.707884,16430.451662,10034.225520,22630.935610,9707.745755,12921.246717,2314.529719,
26495.754951,44829.672052,10634.636923,2582.366880,11302.229204,5006.525457,17545.440165,2567.687698,
16158.132965,11239.777674,24104.449570,3916.045404,7451.636733,8254.937773,5448.305537,5751.176226,

361941.000000,1875066.000000,1075255.000000,2769586.000000,1138571.000000,3507854.000000,2075260.000000,1396855.000000,
2933891.035835,4012022.269699,3562672.497746,2150472.548487,1211445.680834,2029996.957852,1309236.901699,884540.055571,
2917643.005325,2503584.182254,2513571.161798,561351.242739,761769.434547,741037.802231,222621.242850,137503.163242,
1726081.535650,2241465.745145,1677316.297454,804758.806107,447456.905664,1439260.221737,606311.681200,356945.662481,
1965973.778790,1804165.743044,2327749.376205,537551.960352,967182.392913,846269.960818,274254.580403,282200.206200,
1117573.414458,2451162.542837,1243653.296428,1077985.725845,2351024.511978,3009617.392166,1163021.243358,266855.892591,
2227240.128432,4350778.590916,4742329.585020,2134182.279906,2863792.266183,4182664.600308,2238978.997143,483815.159853,
3662063.541452,4921074.543153,4354462.171311,1692316.209215,1855480.892911,3815061.699217,2315806.023774,724979.449173,
2411238.964393,4197231.846897,1752646.204886,545802.380016,1369756.396987,2344018.906845,941328.132095,434268.811374,
151539.104708,2130617.391084,955035.210522,173762.184136,1634174.144091,926935.578135,659227.730835,216439.076300,
1056388.169719,1779215.934217,121182.885997,335361.239108,1248856.402495,659357.354900,982959.652499,194628.721097,
477562.474854,167297.461596,586820.832065,236095.298897,623917.146226,482866.974697,306484.624150,74126.778221,
837401.917609,1632607.761129,426000.488547,50578.815453,456381.600120,355721.318461,393055.205778,211434.684603,
314433.997017,1085961.979251,503863.325177,44346.944655,576424.319696,309297.184647,403474.245223,143114.838518,
310489.233279,1217776.940006,502310.846921,108111.403175,449719.796740,175022.004709,251206.613586,78759.410585,
490560.482386,558813.058489,162108.197490,115287.188249,220352.189850,131207.073362,145878.998484,55919.884637,
525817.005150,785101.231323,468639.445950,156105.186469,151936.627674,44481.599438,369133.359646,48407.186173,
144340.338076,560951.065567,330739.460037,77993.818158,152027.913347,152577.323643,138652.568098,56456.044826,
487635.472563,533700.303592,335456.899317,106619.834693,198650.455362,218599.801230,294015.420222,74239.222493,
85105.596294,181144.261446,452301.809941,133658.153230,350787.708025,127826.260774,229372.659564,70782.239972,
281785.257506,528641.853642,129817.626219,9989.222950,104349.485403,45622.428577,140646.245657,31682.742467,
200495.626592,263593.626996,418261.969722,76192.774621,130767.054395,42591.557084,115662.909101,72996.908290,
291326.515283,267956.939735,264291.335626,99262.101154,62491.202603,98874.651604,71645.160027,61496.437665,
182423.047081,124348.363624,378340.523380,90594.275208,163916.992258,90662.212592,111919.148278,40170.638089,
353315.135642,364590.284410,175706.491264,22431.969214,144259.377933,63946.240799,99562.605344,22853.203807,
124550.439944,244158.626069,283979.307020,53303.596751,156798.503146,51667.052919,100663.281227,21715.932143,
334074.666101,203852.908852,142096.644204,36702.369495,86864.516777,65809.223509,41849.494293,10236.509635,
175202.618951,63120.261922,312260.834558,47879.363326,124930.188116,81214.935297,121512.054577,17882.384208,
365639.340432,157089.062658,128027.645262,10348.360793,128106.186137,33646.834036,49155.949728,6815.667028,
185862.109432,124525.741717,236295.698729,18175.780194,63658.247730,22618.157963,84420.992882,37439.976126,
298787.571709,309856.617757,207140.345979,42033.732044,96308.991091,15246.081574,87698.391041,27268.052058,
133186.125557,91922.712400,245231.223763,44677.052344,90097.821733,24894.802943,66988.143112,11830.372600,
256192.829549,240927.927429,134232.818575,37749.852393,106033.923075,18164.256415,59784.796061,13919.956350,
74120.945683,141352.180898,212550.206511,60297.034481,84537.313391,46059.982986,20811.569179,16418.082539,
211516.776236,253756.347266,85102.181594,5401.193859,38279.065119,31596.672985,57402.326136,19854.214911,
73866.734205,127626.989743,170842.828779,28788.330620,82079.749083,15063.952536,46091.886146,10843.891423,
172816.684734,327823.047885,130100.086288,40680.110518,49951.073352,20381.564197,68397.478923,19413.309397,
42642.433384,59739.804823,156987.237921,44386.499931,104355.905409,22553.648115,46738.590268,8881.446992,
167111.330897,304941.217914,70875.905478,16573.588590,55213.167506,17406.192694,46608.594797,7164.019110,
75212.683576,168263.773958,119745.310578,25622.114399,58472.669212,42467.625583,77901.869535,12110.775671,
177840.476279,333253.440522,105420.869533,30573.291805,53009.271005,21777.115861,30785.841726,8674.132947,
40300.053120,128593.236775,144604.699616,31774.135195,62454.219321,28376.766126,50518.963689,12716.579009,
168848.860308,271512.617430,110259.227642,31777.907338,43468.863877,27321.814332,50477.238121,7089.452535,
90723.092963,112045.640434,162500.101655,38337.701977,62475.176593,15900.694388,45219.786421,12419.364882,
197003.474662,263833.006440,96887.397264,22416.710476,50261.302560,25764.369598,47756.192159,8361.256290,
78927.933175,120673.510819,169788.968224,40306.171644,71518.055942,10920.626702,42674.489263,13435.320880,
186278.397386,242715.540497,86940.792649,16654.514017,53817.607676,3796.489256,43017.270977,17813.978364,
99691.322247,96455.054694,151907.384772,26399.441263,50628.407098,31481.704053,17625.977931,5410.104067,
182140.466971,226426.600940,117616.455516,22042.022366,50322.729880,25850.219119,28627.247789,3310.104566,
107318.230805,73899.638893,139101.655771,32157.386064,57287.132210,15590.822574,23045.771529,8595.684224,
185226.890837,187078.944863,105650.737679,17808.272983,57373.414528,30057.615559,45009.816794,8596.786991,
63937.474230,105932.462505,143625.661828,23391.619665,52336.669985,27340.394467,27982.585031,4465.130760,
155564.095879,132722.006647,105123.340042,24798.234458,47676.183962,24200.801513,16274.252855,7176.257274,
56922.058209,35840.361540,131967.041779,32509.631296,59483.476620,11651.069328,42501.304105,8620.053911,
129637.747034,135743.925696,75810.336126,22478.031232,37554.490689,28826.683409,35377.033619,9436.922426,
47358.204040,53613.047811,108592.778267,36509.251810,46324.293335,10079.431479,28349.404200,3612.978575,
125772.386092,93211.725120,49867.137983,12373.353285,40759.141711,17539.597117,31810.857248,6426.221603,
34081.713790,16735.371414,88160.535809,28973.168014,51029.205625,10182.545406,26830.102606,1490.645244,
108417.890176,81913.497668,56311.732411,15955.516073,45928.093973,9997.433023,29918.020543,1144.814139,
30381.199301,52177.795899,97288.352021,26070.020552,39441.791181,23210.551011,22117.216028,8396.266260,
112595.380019,119152.166392,70043.903385,20917.501587,45205.969720,16158.806723,32597.140159,7433.728493,
40380.265295,29759.213197,117600.140542,25186.337984,34710.091767,13551.989118,21612.098114,3889.575998,
118983.646507,124506.210771,52458.073414,14662.098442,40212.800762,19428.044577,23530.567730,6088.290016,
49718.731159,64014.445116,95738.685245,26399.460331,41632.125264,11961.553349,25206.777311,2363.613232,
120302.884042,125016.470253,79345.341866,16574.976772,38190.852303,21319.818424,27168.283287,4671.810550,
66635.543277,75391.845928,98315.059339,22622.163784,42746.383581,4675.574515,28053.635408,2806.171205,
135484.124203,190307.728792,73846.732454,19923.439675,46239.030982,18330.834343,35235.378779,1598.126184,
76498.199731,52907.321063,117955.781238,26583.676529,44905.295440,8739.559133,29767.944209,7448.147920,
140195.495160,168002.591005,70357.316152,18461.678566,35745.891440,30046.640779,22481.171925,7355.324599,
63135.031286,82506.070871,114579.204156,25949.294948,45816.000620,11542.701493,24019.932961,2102.576420,
121646.916775,177629.389613,81003.972052,13257.374646,41022.596357,17214.623560,20037.770235,2972.204667,
54531.063799,74015.576113,103180.414403,25838.974885,38667.381433,17792.040736,25952.244853,6673.476043,
120766.930242,177326.030752,64341.979401,21087.155241,39256.220529,14361.323203,24574.380876,9500.951485,
37083.691418,69037.488090,96827.724539,31815.725992,29004.912598,3376.071499,21229.876241,5630.110682,
101790.646159,154573.014076,53521.405666,10721.425830,35741.959291,11330.405070,24653.558765,7162.751479,
37357.425341,77865.672784,79148.044021,22993.158280,37505.635805,3568.467562,21842.288243,1495.243712,
83992.725331,150484.105588,40087.899134,11826.610391,34625.879209,8986.753502,19866.787976,5039.779050,
20238.619517,63799.827310,75426.011730,23390.213571,30446.897256,2742.666972,20817.886467,3376.893306,
79659.391144,147286.799122,34528.697213,11957.839997,39326.239895,13084.597600,21821.072090,6029.919947,
22587.058452,67620.733248,67570.618930,21977.230322,31933.698888,3735.563260,15910.136596,1627.747080,
78662.269342,90371.398359,48551.703673,10195.234327,32984.346659,15082.039162,28113.569103,7056.868480,
33837.685638,53488.744908,71843.133859,23024.606640,30525.771294,11837.912287,18132.862593,917.849614,
93389.326637,84698.816061,53203.822256,13686.650049,34314.800005,9193.827314,22158.653845,7407.103843,
41771.779119,28283.749936,78322.127693,30157.010751,32263.252539,4011.515665,21124.173041,6043.077713,
102093.790529,79333.076972,58322.791178,7107.694720,29987.732759,19846.446008,18706.442652,2790.443878,
53782.643303,35314.819398,89871.475692,30341.591235,28219.542363,11222.425457,13868.606946,3628.007356,
103310.814913,48486.756935,52734.952409,10618.478284,30287.873388,15228.574501,25982.822903,7310.725740,
59500.348820,9883.784008,91707.421466,23436.537567,32400.800061,18240.291245,18440.590460,2477.915983,
106742.466260,53997.425654,63464.728306,10513.426739,30802.353338,7667.724334,22294.687403,5017.337410,
53550.680719,47056.835591,82647.502918,22638.958874,23019.087947,9507.558524,14626.062559,4175.588834,
96324.224364,84135.302106,57354.983737,11288.524416,31137.661694,10582.219037,16717.146668,5035.315465,
45518.004424,38262.222391,84935.457617,17311.798005,25869.822570,3991.894369,16006.440133,7302.197707,
93286.105885,97005.472266,54867.046583,6810.646594,33058.057498,13727.206082,15521.905405,6592.692742,
34661.150264,54435.179191,68633.992533,23087.873901,35990.196436,5261.386735,18353.713920,9323.938563,
76211.075893,102236.640181,35146.908355,7387.979910,22944.433768,21176.615394,18744.947019,6744.706380,
23858.576437,51228.685069,63455.286892,14710.450148,27919.885914,16594.693982,15722.591983,5591.827813,
58174.766162,138919.289372,33286.179324,8690.612650,32016.156280,7457.070218,20786.612442,8523.107575,
9111.858295,45324.199191,59059.090970,15582.223334,20936.057446,15646.515200,21042.466368,5987.207270,
60912.626032,120299.026631,26943.226454,10732.215317,32157.185291,11513.483309,24245.027543,5231.750955,
26530.217074,63515.561811,57205.267593,22726.383328,34816.107254,3893.335305,15098.975074,4037.137829,
67598.881544,106054.712172,37823.029067,8129.741837,24023.138409,13263.736731,15512.087500,6839.519810,
32805.631161,55050.047109,56781.873623,18830.713599,20964.161474,17019.674312,14196.355919,4412.524281,
80519.853541,146400.348793,50962.064594,6898.437971,30133.175079,6115.196983,19317.885690,2791.837520,
37056.338696,65018.726630,63564.837384,19816.026448,20678.809697,6490.547570,10951.772447,6788.791488,
85501.067561,107012.501027,46261.228093,10343.086507,28049.204052,13000.367311,23690.066707,8118.072697,
44928.341618,59733.107073,65115.592127,14137.011465,27383.124361,12358.800329,10133.676252,5192.389424,
90010.092485,108651.071994,54872.533359,3945.796049,25622.398362,1041.005128,16903.924434,1414.267663,
53002.356449,32680.052569,82176.296413,15750.632226,24078.070038,10223.789616,16263.912899,3218.694627,
91207.891615,99325.904141,39687.188685,7304.829694,22344.045250,13545.976526,21348.826477,8637.806597,
38910.026500,48607.614400,75067.155794,14500.414965,28315.744862,7400.449925,16795.470575,7487.240379,
82504.586128,59418.056909,56785.330526,16756.699166,21528.105582,4550.696327,22595.403588,3531.703726,
34092.199761,30638.341699,59907.615950,10291.154902,18774.107294,6486.497689,13674.982154,3128.341111,
72214.105869,54119.175297,41705.211018,8441.484424,18969.507345,7462.690269,17334.596491,3264.209419,
24378.761957,15834.468489,52171.081281,15225.732237,23322.241043,8261.116871,11139.206967,6053.300120,
53525.518453,62604.823025,35298.899574,3674.691029,25611.777203,19239.466291,17958.246249,1202.772204,
18315.196254,36717.540779,48194.581718,10119.283636,24359.205342,11338.273405,13660.972085,3251.834868,
48310.914534,50331.675419,26898.157280,6074.676959,26936.051436,6922.162682,19039.685770,3468.408908,
14753.553130,6712.068667,47270.009364,17812.172609,22074.833988,8163.657878,5169.248824,1744.129844,
48820.513853,49703.092636,24808.570265,3941.464819,21229.082957,6437.810365,18634.916063,2476.748377,
20866.943922,22305.077019,54545.892188,20719.645524,24038.452021,4708.600232,12976.423951,3032.508063,
65601.364701,66370.103906,28636.434013,11845.642986,22060.959883,10154.390327,15555.851351,2145.744136,
27658.004865,25639.106508,44798.890995,8445.372714,20895.353239,11556.236143,11140.152491,4199.343160,
65329.294465,79566.572142,41038.906404,9122.108501,20014.937386,4593.361988,25540.769981,1202.015631,
38917.571497,56120.709426,59605.373383,10889.137179,15866.091413,14815.963807,7073.327449,4210.116748,
79919.368669,80927.544848,42222.804962,11477.943001,21685.643079,16365.867422,22583.374535,5647.588666,
41862.950666,40198.785355,61015.882445,10470.884041,31639.004704,8890.492157,18920.331742,3615.817442,
82132.273256,108597.559045,46578.001925,7262.567875,13536.944690,14509.352215,8634.462995,4603.916531,
46083.857245,49024.780678,68521.400243,17086.896676,28763.797049,4798.294645,15108.589487,2793.838953,
72414.547723,104017.181507,40810.871577,9629.324518,16531.153331,20683.053485,10238.915266,8158.600069,
39449.460117,54561.181641,57288.955549,3783.364235,31208.192528,22533.412968,13319.941695,10036.690207,
62453.043502,95554.392084,37435.910374,4546.382334,25138.906727,17520.508711,15023.457124,4720.405946,
23930.014718,43094.418690,62362.955211,11051.303971,10893.502943,27154.064441,10428.294448,5719.776010,
54948.875553,114842.633453,33962.057516,8004.872247,25176.249144,15265.013254,13344.350778,5453.200764,
13119.158442,55383.306242,47685.203879,14409.492329,26898.925073,12255.885900,19912.488943,1227.584934,
47042.013329,98023.646088,17938.166688,5366.651688,16118.259297,6217.446093,13879.580526,6900.835732,
1304.261106,61155.234348,37322.091348,13504.265266,22041.604441,19752.075404,7863.993643,6338.439347,
49048.608882,69504.845068,23770.624040,7144.323267,27368.791335,13531.381623,17426.923452,2212.283976,
12325.779351,29780.760331,41206.649275,8478.833563,21813.424084,22422.088197,16559.662341,5552.918357,
46531.532090,68414.038760,27111.416600,4094.142654,8453.049195,19484.419968,14522.464999,1877.792369,
16987.101734,49443.251583,43603.075488,15745.638684,25059.726157,5738.595298,15430.490299,5711.554176,
55912.302775,25068.756012,22995.792147,7973.524386,8643.332572,8831.597847,14506.422638,1669.787995,
34550.925609,15519.144328,51465.256604,5650.410109,23263.893747,11004.182785,15130.678567,5548.205644,
68676.189588,34701.977411,36484.114941,2904.700059,20264.194822,6358.050258,26473.314749,4081.173020,
38358.182689,20177.730975,55815.136691,11252.075812,16642.195442,3476.995308,11675.119329,943.892991,
69630.584416,29889.657753,39171.693902,5616.595729,15178.827265,16278.833345,8424.755234,2512.162286,
44008.607628,19985.365355,56787.884974,6550.211670,24050.455719,16717.890697,6797.382242,5093.639298,
67583.405703,31079.738934,34142.735910,4528.438192,18391.465205,7504.755855,7327.026542,7241.606369,
32659.755888,47323.810621,52835.794749,6686.396803,21472.838657,25298.600132,15533.167958,3165.839191,
61585.858498,63633.604760,36646.391165,10535.821120,20038.377717,13126.500914,19437.033830,6653.119345,
24592.113600,24269.668641,62338.364779,14156.940822,14829.776007,14630.028092,7479.321417,10715.059129,
49807.813139,69398.400101,18812.623569,10080.629597,22627.225875,20865.936542,17395.691961,10771.766801,
14762.619871,31489.348731,47341.749005,10388.092638,18147.684748,20732.196434,17020.928659,9344.024554,
45372.348574,76939.864166,26030.983940,1394.056632,9081.924383,13307.510974,7830.486324,3766.053776,
11097.759219,42896.643734,44153.781071,10834.653980,23408.666613,4167.062293,20840.242859,12221.365636,
40769.814341,74232.956819,24397.138529,9032.073768,14121.703471,10387.794089,20281.587694,7659.058393,
10500.126295,41148.521161,38651.896341,15069.675205,16176.180872,5093.872717,10317.344069,1784.626108,
34022.836759,106875.319900,15580.858003,5548.997382,17063.706711,7099.937306,16034.994709,5146.962232,
21814.234417,24169.761357,36497.951388,10312.367946,12908.313539,13830.473479,6235.010214,6177.216456,
48339.694175,91380.206541,13300.735068,4927.368756,19081.352454,5312.292790,9169.027716,6638.765370,
27082.412000,59203.748357,37550.152749,6795.013700,21823.246463,7548.955736,11016.458032,11941.248622,
51079.287379,81770.046784,33982.836149,5026.141543,19051.702148,8419.039887,800.936786,6658.533532,
20339.858843,34389.824652,46023.011972,3780.858682,20152.607123,17467.254454,15775.546006,3320.524627,
54458.651761,89550.341632,35078.066509,2930.341318,22780.151463,14254.556784,14235.252017,5237.428242,
32199.268728,63850.119113,46869.707655,8282.746245,4827.634085,11965.071499,8599.423058,4102.345268,
65620.521218,59175.670025,26886.655115,2591.695215,23322.035021,13939.610140,20764.919477,1301.325313,
37847.687350,59353.620103,59422.484048,6358.787121,25684.130163,16570.554920,9536.234062,4540.758066,
55393.671434,42136.383899,36604.091528,3320.539270,2333.398136,18856.896772,20745.784366,8264.583624,
36688.808801,25370.852308,54160.871910,9110.713865,21122.508367,8015.133635,11514.423488,9913.379379,
60662.267249,26034.913133,29737.676321,3719.882517,19726.724517,9517.629429,15793.313759,1016.283705,
27906.416270,20288.507602,46764.048003,14978.357000,15852.517900,4385.549864,12309.087712,11402.855061,
42421.580304,13498.557888,35785.779328,12686.395738,11184.310486,17058.389907,15283.077802,10240.582321,
9545.323728,12417.467293,25686.399953,11422.455019,30114.378584,18835.612475,16773.566171,561.294694,
32555.900520,20103.923401,16372.421316,6888.239309,25924.156618,20782.787847,10897.389256,4031.136244,
6849.218394,20937.208808,36234.599262,5984.137053,10748.314488,18265.172055,7359.042269,3107.913413,
36869.926380,29733.821229,13758.760973,6319.818436,14776.089669,2075.197280,11817.685362,5884.535131,
9089.287390,26583.545467,36978.678014,11660.961997,19386.349132,9845.917004,13492.603682,7257.920772,
37734.700777,45834.884592,20588.723684,3563.804003,19210.338463,4282.473321,11854.137832,6587.494497,
24273.688262,25848.347885,36977.106997,12065.536500,21968.983737,13739.240763,10883.440534,10122.966698,
44129.027610,50492.999054,13983.244425,10890.743860,11524.415968,9876.876513,6230.406999,7112.189999,
23507.821469,26439.924715,33586.879876,7819.594291,20892.134177,3398.764280,13847.422099,10633.845210,
49133.663599,61793.991257,38359.899068,14586.873410,13140.526986,4807.909125,18640.769358,3514.068444,
32387.865158,25394.517091,46613.019708,11256.885269,14776.015685,3976.679637,13241.732225,12028.197245,
54524.300286,74213.701630,42050.605667,5837.641622,20377.665185,5867.508960,5653.952150,15658.000308,
30197.442565,62422.349311,44814.617802,11943.549631,18513.981285,12247.860061,16217.077892,8443.401126,
46110.936522,82100.001838,20666.533336,5984.181677,8840.985149,14774.310869,4669.410911,5861.344297,
26379.747718,46423.960775,42657.974329,20345.570427,23919.123996,4505.094643,12244.339731,5097.006698,
55796.969154,75268.385384,26593.614157,9100.866336,19431.941558,9493.722085,11046.857429,3716.909133,
25109.746427,30949.844764,52464.390244,9935.847084,4849.495179,12001.053193,7559.346634,1958.810787,
49628.529676,62960.760840,43062.680002,6844.942330,25508.740629,12326.797861,16609.012636,1574.976103,
13763.927692,69404.593566,18273.407367,7481.466851,23570.483207,9776.559284,11252.098071,5412.805717,
40466.076757,76825.297361,30498.868694,3193.622464,4331.748393,7863.221017,2953.024941,3928.862894,
16898.898608,34953.739851,24563.846994,13269.013999,23363.345271,5004.745837,8325.227482,7319.875287,
25249.563935,59908.335703,20191.083895,14935.346021,12502.683715,7962.594213,5190.723494,7115.605495,
3139.799212,27213.841743,24082.153508,4179.376519,14514.562057,2264.948212,15512.788089,7847.817974,
30954.951812,32597.445495,20187.853255,9738.320160,13707.190488,8274.387989,13442.947251,13516.002642,
13931.443376,14809.305135,39062.392262,16410.313628,11680.756960,8922.479456,9844.649414,836.081859,
33430.476847,43284.372638,15797.061687,15123.978049,11637.016390,3348.771238,19819.007692,15837.701463,
19093.544547,11333.325818,29631.244730,4723.803337,8527.433834,9212.533308,4433.884326,15490.028081,
46321.535067,44782.733610,22737.190511,4803.421767,14448.988472,13860.035056,15708.550435,5990.509827,
32224.263081,27337.185161,42628.530872,7001.704856,15992.190668,8372.954161,10868.808084,4155.926369,
54139.174264,17146.343661,36141.218275,10913.163068,13575.893803,3704.081829,6827.092492,2714.664013,
27639.974538,32622.713793,31600.810515,5139.690017,9065.457988,10929.128845,5825.215951,2163.307949,
46652.025863,38196.689479,33310.072230,9151.087923,12155.563787,11416.307102,8024.188325,5904.277302,
31006.027125,17954.578394,39877.746822,13982.846897,23224.673901,4730.081839,12824.306812,6743.086770,
47425.099381,47157.038059,18264.598843,7778.089499,10813.144316,5319.857474,11809.485995,4475.462481,
27852.780143,15478.248745,41691.880051,9122.966876,18404.561915,8155.786663,8385.289229,4779.564580,
35427.392629,55740.907893,25401.526909,802.728505,4785.399871,3868.351990,10220.598516,4881.314329,
17003.361622,37152.265932,28743.973794,8138.462313,17889.037527,5017.120474,7902.621182,8149.094456,
39667.757997,42144.662832,24623.011817,7060.117953,10774.055448,10748.736329,5638.168314,8397.578848,
15555.373677,52252.707017,42560.610654,6949.231174,17000.682725,6295.260352,4648.386829,2213.006419,
23246.232643,67929.063349,27944.841266,1514.858861,19718.409424,5111.537826,9946.746215,5420.077348,
11171.772454,36949.335368,26871.934135,7618.073890,4155.120622,12597.471883,8239.174898,5525.876106,
28298.700253,53201.608881,13406.594776,2153.528740,15598.038420,13992.020589,12640.748520,6069.595338,
7584.302579,48625.047632,18578.923693,6991.315655,17308.865117,9537.094694,13903.135546,6890.370642,
27154.517868,64912.266182,21421.258968,9216.874930,15470.346769,9230.782447,7734.457554,2087.972948,
20410.770896,45778.292985,22326.202213,12712.211780,4253.682882,7922.930552,12471.062812,9232.066280,
44779.923054,84862.859812,16010.056341,8731.951462,18566.463434,3947.019189,10551.190761,8995.406426,
18951.430110,24751.633712,32309.443210,7295.191337,17026.155377,8752.663847,17118.166313,2672.751025,
50716.740486,55293.697783,42594.305397,7681.459267,7643.687334,20123.997749,17692.464511,4689.278474,
23442.097423,26027.048563,52486.597495,9360.992990,16239.764269,22028.627384,15398.851427,5781.171865,
41503.679814,69213.336031,6538.210538,879.971411,17529.059290,14655.569783,18582.479467,5765.281913,
38347.117198,15467.582940,52636.390685,8187.394897,7191.338707,12819.339258,3076.763321,6796.869003,
49849.521785,58426.660845,34911.138516,3902.866606,10325.147385,6200.907696,8892.408518,7101.294310,
21319.932844,23682.309350,28915.623089,11655.801590,18548.682478,18277.700814,2818.066302,5709.596603,
39718.908356,50494.172179,35823.636000,4583.381886,9632.367217,15720.996437,14261.251921,2995.987863,
9333.793815,38971.893820,19510.883503,12692.207577,5100.018420,1918.304343,5507.470995,1447.589465,
39224.660616,20171.232682,24002.604322,16143.423798,16007.658114,10339.369082,9668.774457,6730.708962,
8109.247906,25341.388884,15593.464997,7566.819453,23705.863383,12018.427535,9509.541861,11117.037339,
33591.597712,17488.557502,31960.684611,6143.460015,14048.829476,12888.250260,11529.577772,10741.774446,
8209.202696,34365.091178,31447.086351,9674.546696,8504.156188,11743.442169,7929.378281,3963.971328,
32998.946236,31302.958997,18708.308462,6271.408493,16529.062677,17881.914936,7834.042919,5299.948088,
448.207949,22286.547209,43203.103393,9293.608415,21568.727391,20316.142112,11679.103144,7958.745466,
32383.255494,38432.355104,3123.552911,15527.262749,4821.799751,29985.187690,6950.576324,5132.911125,
6176.662952,29868.456704,35609.123657,19608.930649,18627.333523,22693.481859,6956.493868,4487.216976,
40057.716371,61728.815928,13452.249144,3182.503990,18939.899140,11082.020677,10564.293880,4996.118057,
14615.174635,2596.423705,29699.673458,20918.035785,16075.507701,12623.522519,3716.835529,6476.268505,
30017.795017,52474.585708,26997.532694,16569.159726,11816.348024,10117.049773,12733.856999,9007.698050,
21510.079838,35468.396324,31000.805106,10621.655985,11611.579348,17532.665077,13682.282912,12336.942861,
47345.577716,46087.881099,45353.902953,17426.764962,23942.587283,15744.709084,8477.782543,10475.907066,
29394.105280,44614.965519,34281.725452,7371.221799,11090.755785,26995.105704,15992.372942,7104.899125,
47181.348511,75524.766373,15884.446951,10594.971238,9586.188936,22301.076940,9117.537440,6533.561648,
29333.879091,35858.740251,24829.883566,8943.684124,16080.930998,21614.995829,2831.626353,6787.310715,
38259.696257,63355.694746,19914.152385,7067.559474,9810.528259,23378.629722,4196.244355,6942.411787,
25595.292719,37318.513467,37901.004513,7554.517915,8983.799119,12193.635312,17301.470775,2223.981497,
25075.142488,53883.794402,20599.339296,8095.834576,14180.952053,29307.009350,16045.151169,3879.698188,
8726.348105,53609.857698,29009.180385,18282.639907,15511.984984,18635.952127,13733.691304,2791.091252,
30623.087643,61264.564210,22752.899566,5398.080726,4719.653827,26699.875346,15998.396209,8295.159149,
5098.877138,31040.520166,14772.273350,13225.551303,13606.289360,21654.933748,7220.763896,4823.677361,
34193.482823,44311.813061,26906.541518,11445.227652,13476.174008,7956.242646,23079.948744,16913.539726,
6555.115878,33047.437840,20272.415203,4882.639883,6550.089140,12202.508875,7867.197634,19307.736426,
32691.211414,51526.142193,26160.411991,9086.790301,19220.502702,16999.022275,13467.067849,6315.625394,
22144.515032,15996.395571,21265.016312,11402.801947,22393.229452,26418.219465,10944.645999,8872.281244,
21496.122737,44752.486338,30158.465788,15448.485509,17507.462720,7673.468057,20601.421666,8603.284594,
12912.398872,39622.522357,29531.166816,8450.800300,9803.635212,15435.675461,15770.846707,2043.597316,
28770.550593,15854.378567,16486.931151,5270.955773,20499.955356,19147.311542,9547.209987,5399.928799,
18957.189655,16778.005535,34393.506442,13967.194269,5993.731487,15826.914565,12025.972488,5776.623540,
45463.007171,8845.941555,22693.529496,15964.547222,15565.737278,16904.369258,9273.204516,7636.285812,
16065.315269,22168.039214,33904.516559,10779.617448,15681.652753,18476.533458,17684.085170,4568.808226,
35197.088950,26428.627476,7474.282191,3577.343790,3462.281411,19447.307494,6649.839964,4494.126714,
14090.385147,17595.263930,25233.963988,17134.622518,14804.953600,9780.657903,8093.039911,9391.827195,
42323.168809,32269.677361,20140.017487,15304.427354,14222.566949,11808.428217,2131.007533,9555.931363,
26561.727786,16696.102559,49033.406632,4587.096240,7887.547772,15434.946631,14407.183758,13361.431481,
42613.001076,39587.547034,34549.871910,5775.716310,26750.797203,17622.043073,20708.328300,8276.746626,
11268.520364,37556.217982,22810.307685,8880.799823,16821.476016,17480.680658,9878.635093,2700.639963,
36448.508980,43367.227633,12698.392205,18894.292746,10048.773631,4996.064732,4860.428638,4962.041891,
18748.148924,42860.498243,24990.324389,16067.418895,16835.133643,4806.184752,1036.279978,12190.604244,
25248.185538,73804.115258,14681.470002,7572.986173,16096.205051,4449.796716,8175.317253,17510.345514,
5617.763976,25900.404324,27678.336231,15026.380577,6433.727818,5557.814185,5125.315339,7668.378144,
24943.209616,49731.116835,22499.732345,4576.290827,10111.784442,5312.822535,8384.461834,7578.456141,
4212.269182,37195.275926,45097.034559,12994.835110,6270.292835,9318.605125,6844.026096,7388.033392,
27543.941158,72638.376659,13019.741414,6012.818891,20650.418837,7616.225257,10362.657612,840.150615,
7252.275506,20815.768556,25722.125245,10448.498201,22925.087517,12364.093765,6885.475297,4622.940583,
34940.972698,65176.735370,20357.988582,11095.774988,3187.500372,17004.027025,8571.920288,4739.984214,
18752.803392,26828.973254,19930.376536,4055.378177,17087.649980,14262.128307,11999.814538,1458.776548,
27041.090256,55445.416164,20089.900504,2685.079227,5470.160992,17978.762293,2970.806440,4573.419071,
14395.810833,29064.851768,32651.125104,9774.661585,22783.144551,22472.501774,10240.362404,4443.353792,
35163.183290,41294.278380,4157.366023,11273.119024,17442.243609,18320.923988,6575.467253,3746.031735,
10543.911136,30528.716637,30514.329203,8394.663151,5614.333896,11078.466565,9025.636740,3766.794914,
44365.182972,35354.761409,27130.955108,6307.477012,7776.380708,3112.841336,7315.961047,12174.177771,
26373.570762,28361.474791,34172.659360,9223.037513,11099.427331,12787.316690,3660.774349,11750.076337,
35893.108344,25389.648238,17380.440481,5208.889473,10582.590507,8387.512596,4809.205693,6749.102833,
23906.726847,34662.555205,36819.730505,11635.734859,10566.422076,1194.135812,9313.320674,8112.043320,
32534.110687,5351.752980,14146.194247,15732.197843,3513.659121,6202.645328,9492.449250,4382.669635,
15784.636896,14617.102804,33381.310034,8833.115746,13163.005864,5420.052003,13868.385884,3307.894529,
35603.898677,19147.190314,40728.639967,16472.747064,11353.446392,17277.762831,12006.009887,3979.438727,
15718.038532,12470.952685,27466.125444,10872.816064,5383.419140,24441.432328,7694.008329,7713.411042,
22524.732871,17441.498327,14251.147503,2308.485421,15670.940917,16044.768084,12392.936538,267.293834,
14172.897603,33567.610070,9487.506330,4580.610111,12184.898232,5785.247776,8421.634858,6343.591420,
17693.497813,35759.094892,17928.634136,5458.656164,893.585703,6259.474762,17784.617086,1595.566017,
24920.460919,20433.335853,28056.796099,8373.827620,16629.134372,10377.493615,19557.501868,8404.407173,
15014.271975,51883.391979,23254.668031,12018.883659,15609.149515,11901.060014,4265.719503,5597.057425,
19498.430143,27251.514750,10975.969327,7891.921182,4218.271709,13573.324965,9040.249563,3256.350226,
33131.775375,38884.024339,19656.744642,3997.119888,13087.003798,13491.393478,3357.628643,2515.677273,
17253.685988,24229.820610,16030.065211,4265.908613,7040.071763,13157.417807,9381.222960,7369.474727,
35284.314519,48285.429295,28166.005956,8852.094573,13877.181070,10039.934570,18210.407038,10478.387763,
20003.468896,38301.296290,37113.732272,10694.024669,5053.070653,7132.291591,17551.541372,2591.669347,
33922.260077,51607.366896,16691.519948,15948.920698,4320.713325,6054.172120,11133.677589,6506.589225,
24291.982017,34106.678150,31777.508369,18101.750135,11905.139666,4323.349987,17897.232752,6507.240574,
33241.244471,37520.938684,16236.860821,15301.798640,20299.872939,4407.280824,5690.919112,5875.622305,
15911.443746,40548.075400,30765.892865,7658.134381,7985.839060,10492.949795,13746.624318,4355.526403,
36394.119849,41833.883593,15560.118906,4895.571241,23737.665385,11657.391391,12874.287055,4008.966536,
15840.215469,14338.061973,41198.798130,11514.816875,18326.884237,2357.523599,8542.989287,10960.557340,
30575.064191,40372.474437,28752.798972,18252.227757,9964.896264,10986.594942,8787.380855,9555.310233,
22895.170738,28814.385150,16393.885921,15480.817435,10238.484489,11453.355519,8527.248844,5371.517429,
2350.460307,47644.049387,5358.395375,14566.638249,14631.378670,1075.402747,10480.914622,5480.710227,
20444.429969,6218.032354,25675.899836,13592.343545,9540.254496,6034.143753,13286.264532,1588.830507,
27947.335771,46111.193622,31245.968400,11239.975590,14067.122458,1230.921863,16104.673601,5981.972814,
10769.721170,14711.640137,25969.638930,7272.282360,18677.601069,2941.152876,2055.280193,1141.168604,
33554.832722,37897.721205,24287.037684,5186.766378,3279.161230,6077.372515,10344.589816,11511.680934,
6885.740226,34797.759597,30125.900259,13812.510555,14248.727025,6785.195592,13203.369430,14196.801580,
29756.019550,26129.898390,9575.867950,15181.968484,3466.694957,10978.552714,18156.854355,9453.541511,
17066.124630,6721.562987,21454.074770,1810.008025,12594.588299,22499.718873,5230.084533,5164.790326,
17887.491110,17913.001362,16516.337448,12956.931092,1261.112337,12585.551185,10819.253912,1165.598593,
19015.338850,22588.141803,38120.305846,10977.888799,13200.913342,4518.176093,2815.149212,654.114576,
31277.639287,37099.906347,3784.365080,3434.995520,6273.525826,13488.023666,13946.951567,4439.173254,
21828.307249,15314.840091,26840.931631,16663.802997,12972.256141,15437.784097,15994.787193,9109.572742,
34580.144853,31868.455610,8476.762475,24658.885739,14633.415784,3993.907032,12678.635404,7302.057222,
20273.786148,15797.497498,37106.165496,19289.910658,4766.498720,9762.310214,7062.328086,5245.216731,
34438.004448,15501.873546,21906.949409,4327.933111,12523.540930,7555.632847,8370.261566,5750.625304,
16198.741530,14650.145457,36648.918667,11113.068819,14608.401408,9028.501179,12972.109227,2291.607390,
33256.226531,32049.088375,19388.108988,17355.940530,13675.961061,10333.485874,4497.825236,6734.745423,
5674.622801,31192.605047,33990.558884,11300.797041,5765.429056,1992.933521,5250.539229,14090.784487,
29730.570521,55941.442818,32783.580012,3165.866431,5297.405036,5376.773825,7020.960174,14264.099844,
13153.224357,45428.226649,3867.323503,7710.091451,9589.429411,12157.614066,14408.291252,6792.916672,
13122.434096,49673.380317,21341.696984,2104.323922,14683.490127,9612.759722,16219.234107,6610.732631,
11618.870106,40354.607903,24487.547498,13381.396812,9964.467123,13552.590952,5189.321910,5234.025608,
32961.871059,46926.125733,3406.974752,13480.552025,15510.796832,15443.438518,10282.684169,1471.301187,
10114.230307,33175.725774,17327.405261,2811.876799,12179.455847,5403.298537,14889.434103,4803.589844,
23350.950029,50814.189513,19461.668282,9761.777328,1132.680718,8728.820746,8284.309056,5471.722590,
26544.610844,21954.129075,39941.797380,8679.301681,4342.294889,7542.646567,3164.845629,5258.948313,
25375.554476,48119.126981,24089.401999,9863.908420,12715.053016,13870.318165,3754.602072,9489.535803,
17797.583014,23886.348057,29497.288552,11022.246561,9151.547809,10492.922305,3350.150951,10500.398621,
30660.529472,43094.739297,7125.122525,5551.771021,6983.275516,10447.221184,5263.923931,11409.705896,
22170.612360,25659.016570,29732.796304,8209.549154,7701.137927,15553.898904,11165.013031,9079.409112,
46038.836329,12928.951104,24357.097777,18843.720828,7527.167119,13099.551245,6531.308458,11793.598384,
8484.864298,17972.377856,14922.385449,12145.120065,10583.468751,16279.850094,3195.649297,6291.529194,
28191.958005,41814.133864,22112.604542,8551.828865,9016.154111,19605.077495,4668.277427,6553.318749,
6695.130558,22784.169568,41119.428461,7147.011696,15669.789974,16865.646964,11498.156154,7318.398966,
29464.449476,10056.916715,21459.648730,4715.962354,20530.343123,10286.902758,5846.569281,5408.306468,
8947.665111,11498.967114,10003.671005,8020.787547,21737.493441,4138.604695,9470.652441,12872.428009,
27698.190586,12227.211612,11271.438977,7334.723885,6085.129223,5187.190158,13600.317664,12805.336989,
8817.465778,10953.082877,29825.015555,1977.504130,10312.749711,14819.345802,2272.614270,13249.895986,
41567.758698,15776.854014,18811.009174,13029.549324,18549.758891,19609.681650,12987.844395,11366.022791,
16488.030871,28197.558252,22736.045428,18238.922649,22042.473018,10142.552847,9546.408130,5639.823381,
19336.500943,36238.909278,18114.427010,9551.323762,14633.380169,8147.393924,5771.088581,3927.286719,
6447.460376,9635.622886,8191.990020,10191.973722,11780.319496,9046.740767,13998.889070,6668.825808,
23696.711895,30276.050530,18886.301398,20494.828885,17109.142475,8258.226393,8612.488074,2899.012123,
6342.504825,17225.103121,8799.338256,20458.808877,5358.607506,17069.438254,4256.196518,2099.847612,
29269.091413,36054.757250,24416.959140,10678.189118,18447.527850,15647.638099,7857.208786,2255.084879,
11598.468589,27297.478461,37929.892068,9373.657622,15625.621184,15903.028076,2386.896449,3712.354727,
34877.741949,38482.158921,33113.566735,11874.138750,10736.173008,12902.035338,1044.323492,7034.091258,
12657.806304,28498.986618,40553.909600,8186.356003,21249.308042,7456.300049,4636.895599,6775.694860,
30786.119910,63167.543426,13850.562800,9243.693741,15044.584808,6485.130103,5770.717657,8503.759633,
14422.940475,20179.627805,18762.244402,10769.570255,16038.353129,7681.246931,9426.784283,11013.125700,
33939.968512,36473.248262,24421.079858,12968.795422,9918.517819,3597.180910,12853.404957,5069.714533,
25073.463063,25667.735885,31730.513882,12712.626920,16014.544844,6650.024647,4030.185745,2850.394478,
27477.719325,56797.667559,20053.191060,3152.620962,7810.700150,3581.810257,7481.301914,5135.381858,
15798.334079,32164.754822,3366.224934,17261.424229,15153.615078,3780.896247,12623.036860,3901.925438,
19777.603060,55676.635714,19392.167594,19320.054172,8363.580994,7540.454602,8324.931827,4916.506162,
14416.367667,25343.287121,30325.758560,6271.442139,21042.791737,13653.254940,7403.474491,6284.792754,
8464.767641,52595.902465,12259.988541,9811.323200,9824.919861,9534.646136,14182.550497,2158.472172,
11597.587847,39917.105173,19215.127308,6226.795874,7190.459457,7317.060213,1921.167993,3304.137891,
28237.502949,13030.267725,25953.204908,16072.752976,4417.483293,15104.174630,10005.798518,3196.909551,
13576.109168,22265.697691,19511.535919,19932.206549,21998.750666,9259.507488,4768.353442,6877.938543,
23778.818582,12319.273064,18998.333976,3693.114318,16658.867065,7368.885069,9284.135952,6142.364620,
11940.446194,7943.150163,25270.147190,13420.872833,12502.151335,12265.997645,6161.467347,1705.585027,
28682.946458,4758.881742,26294.680246,9879.299762,15171.278997,16619.166123,10738.646059,1330.596026,
15906.493861,13131.969723,29160.670030,12481.234596,7810.197500,15572.950267,2749.066177,1878.477899,
21528.547912,17072.728758,9177.359092,7213.778167,13372.629190,16070.703492,16368.740076,3110.843880,
9651.089755,23162.847332,29462.577359,5831.468547,14266.039285,25300.286829,12930.376087,9386.106744,
17400.146628,39257.538284,5991.292136,12448.456771,9439.656651,19654.928700,7362.117300,9654.969892,
24712.956615,2576.132459,10971.949197,9136.629433,7744.364795,2790.435841,12252.132061,8891.738603,
33531.366640,26655.552402,19959.758033,6057.537468,19998.361133,6547.233432,4376.207086,12373.805669,
15204.361828,14981.853244,32430.697322,12748.819914,13046.761804,9422.782215,8273.522796,10374.410873,
28747.010982,24036.508324,27962.497887,7971.656085,12517.670069,14454.038930,7003.620547,6668.715344,
23045.255072,22077.361498,44349.567189,11070.995845,19671.316252,3003.988739,7228.860345,2824.802842,
28748.462003,47572.266731,20540.879696,3192.542518,2572.171195,16458.046866,4842.717388,14330.792538,
10387.847945,25299.781779,26562.506066,7487.560204,15785.110762,13085.394332,8148.325409,13524.694855,
13512.943524,44410.607832,3398.356742,6928.237461,9216.899118,13017.390503,4247.947088,2886.768121,
6146.023478,24912.801747,26451.115923,8962.446356,22267.038360,18333.313439,14364.425335,10520.040442,
22323.744120,32629.458929,3879.018403,17445.694180,21577.365728,19137.690000,10025.834316,6989.798007,
8396.910955,25446.523251,28446.449491,15470.128933,5225.961140,14009.394165,7133.684637,977.160473,
26562.786190,50372.823226,11785.607653,17479.577838,15607.072482,23168.329074,5126.968105,3126.071927,
16074.257784,20407.888202,25323.236376,25798.167767,3608.951203,21017.570577,5951.132561,4191.983787,
29528.397316,35640.728996,21552.016683,12266.602844,16768.827136,6742.282887,11721.799613,6831.725617,
15289.467208,10626.709342,25863.894102,22667.502941,10829.377515,15704.654624,14890.049975,14927.419916,
20745.158402,29576.605687,30166.084584,19875.668364,5279.328922,6925.993707,12775.387675,13158.489968,
7585.878050,22995.595930,8484.662806,3762.345158,3173.197519,8184.472451,13916.951537,3194.964993,
32103.061707,29839.156667,23490.468115,5480.424059,13803.600018,6835.294971,9463.738759,8215.014768,
15610.418706,2722.446770,20325.544868,2736.045944,17185.524490,8681.630931,12045.795044,6019.976070,
19069.065545,37297.980889,21955.206099,2775.197840,8441.237030,811.110621,3997.981590,603.228154,
17751.325552,22384.074525,40398.844487,11167.949694,8500.407420,13233.045895,11882.790487,957.850143,
27692.873351,5710.650849,10955.286538,13172.368612,14439.709302,11589.306610,16262.818091,6150.804037,
19686.429776,17644.676924,26583.589757,13008.747157,14958.921039,4211.085210,6799.090411,8192.658180,
22732.816903,31426.801114,19048.605094,12054.942691,2347.528052,14343.377730,10040.351700,3699.014651,
7641.148478,3306.835331,9738.348598,6355.498092,10164.011773,13454.869724,14151.904208,2668.016490,
23202.425081,20909.439865,10304.672494,8415.621687,6592.613917,18106.014753,1552.394512,5836.188262,
8959.310073,7451.377764,26588.730553,8265.769010,13341.492322,19329.350398,14279.284372,7524.992314,
27542.296563,27954.891606,30231.022921,4292.271162,6065.087077,12995.006515,10539.977691,7940.763991,
8904.695136,934.171183,12169.163398,4011.603123,22200.105336,11843.259424,4548.929942,4383.627106,
12986.619502,29115.727005,24916.614937,7032.430219,14567.442395,7872.410983,5714.453733,1345.387761,
11811.988407,20806.268273,25731.073031,14294.118319,6346.994045,13014.999182,11845.876117,4443.710646,
29128.288397,17316.044924,15561.707615,14575.239692,12385.024853,21209.350613,20748.092429,6258.339061,
14994.657689,10034.475835,31581.544899,12996.296812,18177.764206,22670.492116,13480.142142,5231.010801,
22636.168113,20242.541428,18460.034191,12019.259847,11147.460245,32243.424219,5418.631445,3961.985907,
13404.225516,24639.842834,30849.909676,12548.034622,3938.676573,24103.765871,10962.469599,5738.411918,
32381.771386,34898.270336,31126.364026,5827.304565,8763.264440,20812.661676,9498.218147,6958.396344,
4964.629197,33872.113379,12097.988813,11474.956617,10749.561569,12605.770880,8710.044708,2202.165989,
28421.920896,54868.525148,18795.011533,6585.929238,6045.200959,15367.837268,3786.424353,6498.991940,
24329.509198,10371.391171,20136.253715,2564.405672,8662.085550,27434.806994,9626.559234,5492.118444,
29552.035067,40274.534860,18739.272823,8513.531449,9468.968468,12007.789256,13307.617445,3571.114447,
16937.743204,12836.188360,24094.019750,11198.052515,7025.018566,8610.147806,3306.085179,4784.253692,
15757.570488,55902.876670,8903.191886,9083.703512,2969.036607,12159.421672,6406.282139,1623.102346,
7844.456938,21925.179044,22884.499249,17313.060072,8842.541600,12188.885710,1521.577637,5853.724717,
27689.598120,34070.072553,10517.813878,11101.376933,9897.213779,10562.748410,7850.421857,4757.828458,
6975.488083,29225.945051,28308.643977,9456.187445,1482.220779,9813.893498,3689.796266,7804.326307,
21220.514635,33928.503241,7035.873348,14202.794896,15728.317303,11861.732961,5497.267203,11885.423897,
14122.922829,19123.487148,19081.263042,8436.518881,19402.545281,11076.418507,6413.852042,10263.034914,
23102.345442,20806.212056,17754.711009,2206.307358,7639.727523,6305.855951,3526.624201,5011.924754,
6034.595247,11892.970731,25815.066896,10207.877510,15536.897680,2048.539169,7442.980363,2687.674595,
23778.367329,18851.193163,7483.821860,15062.685296,15310.955213,13823.077127,10277.649524,6451.403804,
10609.605875,17662.211905,31628.428849,12202.676877,13979.506379,12291.374192,7016.799800,10604.183761,
24947.753830,12599.536000,9368.276175,4799.689284,5641.631571,6216.890810,2542.227015,8862.985805,
13462.518904,13073.637101,23791.997415,3172.890382,10628.327174,19348.148323,4128.786552,13160.664393,
30470.821476,26605.337998,25380.379108,7534.259238,6832.104948,15800.910433,8464.453368,5610.520013,
14691.817549,5693.354973,25776.272301,11036.859216,14561.499639,7548.056412,18697.252900,6806.971635,
13245.921467,27443.535116,11027.669783,13307.768798,8069.859999,5744.739880,17494.515435,6408.045452,
18432.274589,4459.000337,13959.967820,16350.316313,6022.890960,11626.145950,8885.414460,4235.996372,
26501.108683,18360.372159,24453.824217,7569.472809,11436.773246,1083.631039,5482.002351,7722.832901,
7735.138486,15973.576302,36032.883267,8002.253333,10822.959659,16997.305968,8648.647157,1083.154174,
31850.894018,25455.868200,5313.217786,7852.173434,3336.761992,14595.939029,10899.915197,3805.142591,
11135.110018,21510.899667,22236.840417,13236.329644,12688.464444,1833.814360,7999.827714,3939.637340,
25172.915956,41881.044306,6071.107161,12644.526289,1616.892120,12172.505674,10062.813702,5585.419413,
14432.783493,17918.884822,34595.691603,14081.895801,16993.482884,12746.148715,1948.080719,2703.001700,
16895.208239,45242.222129,15669.172969,7162.648109,11471.285261,14372.603147,9357.215238,4983.694212,
15572.366814,34911.357912,22142.328755,7864.968207,8735.459502,9888.740393,1544.792892,4516.964966,
20120.097741,44059.505966,6821.990152,9963.573443,16667.025996,9916.074997,8770.697845,2166.485845,
2206.888038,25359.196222,22239.332802,9999.002971,13437.737056,6987.211363,2481.856444,7957.553997,
18638.314504,33503.850310,13171.048559,8832.416491,3328.619150,8493.810383,11511.048445,10069.768956,
8269.775313,16505.185630,19303.501985,13235.822559,14003.115341,14640.379982,12795.130471,7594.260176,
30360.840224,30851.113169,22675.254554,14876.218609,18228.285313,3156.525721,7424.308225,3882.460506,
21914.636205,8611.367619,25781.042997,15037.708000,7641.834084,19419.787893,8920.166674,502.755167,
25094.402995,28186.455035,21168.809139,18967.239228,3566.831964,18897.708648,12425.107871,3142.975268,
20780.735280,17550.518771,15931.011177,12371.647929,12731.510248,6790.313922,6839.197222,5372.365846,
29226.625551,16887.805389,18765.395076,13009.429487,10186.391702,1885.745048,12144.298751,3360.969479,
13256.164090,5193.369723,48330.878825,9568.602199,8413.805817,7321.311419,17606.549003,3486.865937,
25043.118337,21213.739797,29735.487691,3304.135398,18884.866424,9515.470858,4647.186718,8371.297674,
4625.727200,4904.050753,6458.626189,5092.614447,13538.705298,4273.972070,5778.770091,9230.241360,
20345.017998,23045.885124,10342.310824,13487.656006,939.447376,16730.406374,8850.690652,4044.305715,
3058.604033,20040.187325,8960.460379,10715.636397,11363.916713,20183.253808,18051.155639,3112.481125,
23083.051925,22111.878205,23677.780013,10658.954463,16607.879211,10053.778067,11846.049194,5700.928796,
12741.267268,23655.337819,17060.147639,14065.670193,17069.838202,3377.559401,1273.457804,6415.308772,
31470.385155,26925.470481,23030.763290,8000.406315,7916.610455,11386.261290,3720.151339,9295.247006,
15156.785946,25420.893546,27260.513262,6649.779659,6996.494271,13908.622453,3924.974816,10128.251673,
25872.683331,40369.615807,10516.951694,6060.562986,14886.187776,15523.591729,10314.458544,7486.350414,
8990.890686,14743.597428,26703.943376,2614.159729,13619.934783,13317.389737,11569.320496,3397.887733,
21509.334149,44406.042718,10971.880095,1564.002894,9205.104246,6577.101542,2103.846499,7666.757920,
5574.948813,18905.116156,30406.530702,1522.085992,8863.444493,11577.133786,13219.633850,6753.006898,
24564.793267,50252.284587,5023.598005,4816.011197,6394.387172,10225.424929,4067.506950,1209.244994,
5899.839570,20477.452968,25379.606725,3076.535507,798.126677,14698.476600,12185.246730,8516.345863,
20381.445789,58027.778116,8018.742544,10835.152939,8821.698538,7312.000601,9295.259728,8092.880799,
18635.403022,19788.720590,26362.982551,14924.531643,8319.814722,7360.910697,8663.283940,4049.616344,
30374.551173,38785.653895,24796.914620,14492.847139,7311.338824,10260.460077,8141.956348,8375.501574,
17133.737246,19803.901046,17037.875531,13997.221952,14876.937927,4283.431721,11680.258743,9135.252773,
19164.637557,31264.333509,3548.172076,9559.116259,7507.685396,4417.877294,13667.295544,6542.215925,
26116.765542,24502.585718,21394.881519,4068.970316,4823.297655,7274.582252,1698.655765,6009.200549,
31906.739110,34759.452171,18697.548012,4103.063879,5078.662313,14127.687931,4461.741047,12857.028653,
8784.358743,23250.477980,16185.892768,8036.621968,18958.435174,9191.758785,9840.396914,14655.613820,
15188.414572,21820.527610,16960.053680,13574.996585,14832.583612,3216.926781,11284.313942,10019.298059,
6383.043189,13689.715371,23870.570282,20561.734169,4400.965733,4521.618116,5221.096440,5251.104452,
13053.061528,19431.289662,6959.581788,13815.418224,8784.429441,8172.604374,14856.421552,6871.234956,
17035.643953,15230.544221,19090.054160,2546.641044,3433.477195,11317.723198,8206.133258,6643.416775,
29099.851906,14017.033889,12425.896754,11256.228929,9088.658705,7184.090385,8809.610896,4932.156820,
4588.590499,6864.807552,31051.906534,7571.107213,10098.094111,4148.130881,214.391397,4210.716072,
30782.133436,13170.702159,12845.382836,13176.290506,12032.111107,4414.174322,8814.563279,5010.216316,
7419.630251,15468.246519,22864.674196,7876.139786,10791.634044,2214.304450,3589.446932,8391.241078,
25435.903695,20813.254585,14442.232505,10480.079652,10473.317759,12886.004792,3615.344700,5690.056216,
18797.854110,9340.129205,18063.372077,15472.752909,2290.811598,11942.273922,3449.888474,1548.335507,
26169.709130,21047.355519,13188.514999,17268.813412,3394.277699,3613.815534,11410.928624,3350.564287,
17325.701545,20817.204382,34254.753872,26630.396337,3842.828017,10191.714742,12200.093632,2052.756662,
29493.170191,33746.041837,9241.003238,22278.798168,9820.935229,6464.596930,10220.710503,2457.397887,
7152.086308,33124.064179,17300.440315,9233.035336,6262.853276,10103.393524,6534.810144,3974.676140,
22602.016093,37889.761902,5978.625279,12546.501230,10772.806105,10198.509860,5851.281779,3933.667707,
7601.208675,18702.368378,29460.026373,14350.690094,12544.187097,26802.107261,12709.285641,9674.502044,
21528.882022,46048.056261,10235.735114,4268.616295,11885.124724,22155.603843,6540.345375,8670.047985,
9686.934381,21343.962765,20565.271461,13216.390870,10000.782737,26235.721774,12330.558895,3293.632765,
15423.148607,34122.203333,7087.208866,10561.822977,11735.993758,26102.308571,15029.521732,3992.564545,
13479.465581,8000.024901,44167.572214,3070.181731,5201.734717,11347.911274,6563.962209,4004.100639,
29301.149693,22863.187871,28513.588762,7234.564563,11417.770461,18374.132876,13942.076347,4395.003135,
9564.556590,11527.164627,17532.224458,11531.897978,14873.195021,13584.395585,8048.156702,3671.255860,
17710.767017,31124.529150,20275.086158,11697.618023,7897.347748,13239.593694,4201.904069,1692.649890,
12765.375216,11672.664062,11577.576499,2504.096242,17350.859528,11892.080317,15399.540082,3413.556654,
25450.298363,25195.631589,24083.420218,9162.643160,9262.093027,15929.510673,14264.405650,6612.128932,
11895.026769,4401.725332,9570.965169,10098.970544,7328.140830,17945.221761,4537.973015,7111.328436,
16403.808222,32381.921641,14827.705858,11992.259342,12774.722899,10405.554331,9499.883008,3064.194265,
21034.806574,7281.286319,23923.965410,7296.631746,9468.339708,1527.558176,4069.291011,4566.899475,
28969.146081,25437.410806,12373.815461,20831.536508,9458.274264,8987.983318,6050.251767,4313.080877,
8219.801464,10160.051692,14181.391036,24690.094980,10863.082557,12242.742036,8332.610985,7321.126285,
23200.113065,28695.327812,14431.564936,3173.969558,19531.807670,4623.995041,15741.392363,10857.895111,
15189.597361,6501.050945,27504.922058,22909.702098,18224.828497,12201.767540,10617.356455,10198.495461,
28647.554091,18107.713958,21467.190845,24085.308356,10514.421309,8445.757944,15815.331397,9213.651310,
14804.662891,9411.255977,15286.151313,17104.734319,6664.077885,9656.332926,7437.967448,8879.965023,
11211.522556,33383.569487,24701.999819,9937.128671,4833.280897,17331.794187,9530.733054,4260.656575,
11519.783078,10186.354176,25662.602512,6480.017608,7877.427399,11509.851878,12807.446040,5352.060043,
20533.537775,28639.844322,2869.902246,11961.196688,9403.295683,2667.127537,11799.986013,11099.697567,
4142.691168,15864.999816,24697.027989,10215.753327,17167.047315,9102.789735,6061.856735,8266.506600,
22714.346023,27438.721714,10244.341911,7691.184046,9764.744595,13151.212674,16207.293458,3730.470771,
9641.198535,22708.475271,14946.715767,19877.591992,9472.085581,11645.606578,9009.017799,7085.585881,
26890.103118,26492.452595,11238.053359,12757.295417,20180.191588,3870.847037,7592.048510,8500.504733,
10847.580657,10031.597911,16445.256894,8290.673226,16149.285185,6339.042176,11070.657739,3184.451999,
19362.367379,31062.382526,12905.404495,5296.071528,5205.934998,2765.277770,4309.437775,6031.202735,
19524.440522,5268.694091,27448.434472,6016.144715,17007.223776,7014.662758,6645.112468,9168.458761,

178700.000000,1799951.000000,1336956.000000,2765480.000000,1145656.000000,3613509.000000,2138781.000000,1486640.000000,
2330727.202404,3444647.899042,3470111.933919,2214915.440767,1175481.743798,2206605.210765,1458895.036745,1015003.341439,
2380413.047682,2153714.171812,2827694.930108,711864.516981,842109.517058,533834.619620,190909.131288,242394.986334,
1985746.483168,2581919.435282,1702382.712895,802684.003461,624459.655889,1247361.823040,405028.330998,253276.443312,
2038195.455539,1639912.702000,2210122.600661,550390.129598,1043264.367499,862493.776920,273146.438516,278079.742222,
1205221.237853,2727149.072652,1069815.947492,1056169.251520,2445585.736877,2863532.069998,1064004.434358,322774.223041,
2561593.344716,4559256.098061,4573173.726286,2136203.036981,2854237.580190,4077865.966786,2136355.942054,503692.032556,
3887110.001894,4885677.099529,4284756.814316,1650645.437318,1791838.290372,3735223.397676,2362112.675991,700531.057789,
2686841.564903,3938667.845779,1514261.983872,489725.433485,1283520.014926,2160531.264176,1193097.260434,445416.732808,
296968.506099,2077629.885713,1074042.818589,165335.950946,1489002.303806,718074.246543,446586.204610,200194.979360,
924809.186321,1778007.549253,214149.906441,353262.735885,1210652.486910,657795.707605,910279.643856,154418.595087,
607828.718055,356399.666981,679445.398624,270321.218827,706356.480821,571428.865014,443401.402265,107207.609267,
789672.053787,1838788.526324,390683.133649,33280.070071,538373.769334,455796.065755,315096.227480,215454.564963,
310942.802693,1131824.298902,557166.803516,109178.117185,579150.044160,336899.664421,431538.129819,147606.512245,
284533.211918,1243193.671217,584969.036189,81095.104425,410017.371507,188237.293273,334083.416861,70582.951710,
480101.267174,597678.378264,253848.853251,135807.531780,214207.892807,142741.294394,123853.065648,53876.340384,
515722.040283,846330.157770,377178.951865,158193.237912,143322.154806,104723.384037,366797.091815,52408.531314,
133077.033789,521827.944185,275172.806274,79301.360123,118227.903894,141890.742244,99976.623088,50211.421696,
445206.703134,655229.197136,337723.342761,125551.192038,205763.430649,214436.412912,303093.362090,64564.540171,
81426.058013,294005.862018,434051.888831,153796.288354,327906.997529,121291.657345,218271.009452,67683.897447,
273563.854761,521162.825189,173782.858260,50202.911122,85968.714017,35766.643718,172409.385495,52906.179772,
242120.211622,264702.387671,457733.764899,86430.614739,134678.619764,34025.876885,120041.234196,74369.133618,
302354.031280,263280.182514,289749.093134,118329.352727,63707.593884,86665.087940,88068.077924,50100.184441,
175698.077126,64101.714103,423956.229706,111913.755428,148640.965071,69901.410416,92422.177252,28074.821739,
355833.507016,434828.207537,194195.838488,35727.679364,140879.977120,43858.487287,115464.709222,18694.426657,
138144.854509,276301.537671,323243.903331,77780.594183,157580.105916,44983.993626,109748.751610,21508.724861,
353836.489219,147594.085884,125285.155564,57356.479482,84169.151715,61417.578622,60915.476009,10438.319094,
157077.995025,126195.316674,351939.845127,81388.312784,118986.511283,79134.285330,122145.884193,15707.412840,
365106.009103,161064.426465,101060.859940,23053.125946,121271.300056,36193.914065,45631.893895,12571.308466,
209421.180452,138627.140876,260757.660052,42340.100599,57319.440972,16615.070598,94729.082199,42196.304865,
279177.957320,335560.654678,179718.913154,47902.410880,90920.913633,10845.917398,88757.316047,26717.432911,
162004.988004,111293.748927,252242.753973,71937.466253,78162.438173,31714.741974,79075.024187,13860.742592,
246159.853598,190633.208401,100802.283495,33223.430999,91081.178166,19214.390432,61895.022620,15591.303512,
72434.168731,142356.954664,208381.556279,68962.024700,76515.546672,49453.314931,28556.238358,17044.539668,
202114.406246,260923.274878,74660.146974,11464.044138,33270.115668,32291.661281,59487.754644,20602.593237,
61186.617781,139641.201782,166025.756109,51955.256712,75083.324516,20710.153161,43912.817863,7508.956052,
148699.843411,347636.509143,94569.470342,41389.874386,43955.267711,27672.070361,62695.583965,17784.220554,
55783.496431,61018.757112,169278.147026,55406.576730,101857.386187,28164.065231,53354.507604,15509.749330,
171119.046943,281523.361569,44157.190510,19946.741725,39628.602173,18380.103924,45368.698045,8503.619350,
75905.838198,173343.766698,152150.376449,41755.720587,61521.391239,40273.214238,78969.705377,10987.143222,
169400.654463,347672.972143,104409.973407,34833.559394,51468.173157,12847.569139,26873.464509,12075.769856,
56117.786347,118907.278449,164699.437655,41778.728318,58734.144038,48372.755153,46158.676988,8431.228470,
173289.909570,281626.969725,108291.494038,34667.149451,37908.246048,33694.849595,50895.557103,4300.529113,
93386.123861,121106.400742,185506.389332,47892.527034,57173.605191,23882.371496,39820.619286,10230.870702,
199466.416737,266214.726350,104854.311026,26232.764595,45384.097061,29852.061580,48465.886412,4854.389225,
91647.841658,102970.924229,191625.213616,48696.202419,65974.014864,10909.290606,43763.317617,10843.133526,
182188.383035,282712.851098,89991.709152,24305.559724,48287.533174,13537.603319,38653.440374,10341.138485,
113017.273678,97491.994738,157656.251672,40635.134398,42907.107219,26096.433084,18794.527419,2172.411694,
170862.754601,234809.671529,107396.652905,25381.071963,36896.091718,31637.976988,26322.024905,3960.694962,
106948.279496,94682.961638,149979.454797,38568.499219,52829.891765,9714.651958,25261.164700,7499.755296,
175187.962397,209630.509154,85485.730213,25878.709104,50378.088267,23049.192395,41225.396926,8135.330719,
72055.810284,100142.343292,140349.504446,42581.420674,50306.267648,24929.413377,30727.284169,5820.403077,
141300.559657,153061.128209,79100.411547,23564.733888,42906.331746,21570.069541,15458.407573,7957.659774,
62345.058671,55574.106686,131542.410160,39216.824185,53166.442413,17134.838552,41277.552707,11662.089611,
118606.698880,144344.663269,49090.668641,25976.385104,30301.743080,29345.281584,33679.878564,8679.460472,
46426.161828,72888.193435,109744.616973,40316.967026,42455.177155,10616.635312,30611.396699,5498.974727,
119826.032644,88922.132884,39253.221717,17170.613931,35361.286942,17001.147824,25783.017700,6901.686489,
37071.071175,43406.713228,102774.903364,42311.483259,47626.445887,10262.817046,21671.373332,2091.728265,
102694.674839,79559.428054,50006.322551,29374.226451,39406.876741,12370.203160,26936.156394,2412.611433,
37724.430690,47134.536835,106350.957235,33649.473567,32015.610424,15052.259696,25040.637407,5820.466854,
110165.211232,123678.058592,67021.455664,25672.133087,42274.727740,22507.834586,33365.235267,2680.973352,
45459.963259,12028.380604,124839.125064,36054.515001,35864.138307,9912.951629,28156.412763,4355.597399,
118954.283463,95337.543918,60853.068963,22787.506583,33376.385144,22747.497360,20426.797306,7171.009080,
60865.364930,59728.593288,120017.895508,35335.793894,39381.126633,14887.946359,23898.187874,6740.477471,
120080.084192,142131.353377,76699.646530,20865.386690,31840.008902,16211.252878,26585.122647,393.521383,
73741.983838,54273.063096,123492.094384,29522.942812,37959.573799,11760.119627,20298.819399,7775.214960,
141786.648005,164691.143494,75261.938389,22359.811398,40225.945597,12946.526000,32451.811305,6504.535128,
78530.477038,66497.973481,126993.879572,33923.805849,41204.773249,11063.623028,23212.504355,5793.060795,
132583.457241,145080.865067,60471.083403,17622.385524,32242.713865,21614.801272,28810.634169,4669.500448,
68919.536438,79431.372013,114710.689936,35148.029423,40214.724857,5864.595551,30662.951924,5556.385214,
120255.179979,211180.786787,58626.144845,17855.197603,31518.417317,17275.043728,18148.085561,3049.686234,
52835.875478,86019.360397,107534.387235,35635.174559,34564.791699,14808.600532,28706.223216,4070.280960,
107444.724734,162077.961183,34600.098582,19572.259795,34783.711922,20456.246918,17954.899095,2243.521919,
43393.666586,72637.234608,96679.897167,32343.677823,29258.038602,2842.899448,21368.553453,7788.918888,
88383.283306,157303.038826,37025.199644,22064.921807,31792.449210,18227.178401,21945.373331,8080.820182,
32578.280166,71137.781909,74187.986477,27518.833860,33388.036695,3987.189391,22964.562243,2491.540131,
75636.229999,187272.488902,27579.156614,11401.842069,30806.876474,11670.375439,18423.425978,6771.745869,
22299.994055,86012.927547,85537.754396,27425.937378,24540.203080,3405.864282,24334.809805,3050.924851,
78406.304073,115292.832098,43639.986967,22066.982696,31649.820673,17041.967321,19400.109527,4902.588769,
31752.942778,51661.612141,78812.896124,29924.084823,25846.821424,13404.604978,20584.412248,3727.473648,
85976.592726,137415.190119,50885.166136,15227.348928,35630.087404,10154.827673,25387.595076,4584.427270,
36942.370776,49881.937154,92069.400572,26853.378652,28025.666680,7809.406164,19982.117383,5271.563100,
92778.486411,110950.465697,46446.984848,19118.547526,23491.822826,19461.365525,20990.763378,1614.655351,
48104.833248,48427.752561,103743.515859,27438.754553,23696.974818,2560.507765,26269.480405,4798.990006,
101657.833283,75857.875598,56920.874403,13471.035407,30539.143053,16458.132664,15538.587933,3311.395616,
62622.416048,26649.564365,104794.557602,27778.953580,24109.773341,7724.748196,23313.035650,684.418651,
104208.131572,69619.620678,63320.518517,15217.096171,26998.817773,14831.553316,29044.373977,3232.692019,
59578.711676,39681.575265,91606.167305,24346.963039,23853.371397,4789.974910,20007.074931,2014.410405,
107093.858601,64778.823044,44512.690396,14451.019458,24869.029952,15830.335660,21304.163433,7528.730708,
58282.740254,40488.919073,84326.702923,25252.006158,26192.565683,7276.418383,16358.635570,10320.976951,
87678.019469,80527.307520,44484.364243,14370.829606,24541.648039,10871.451250,12137.148168,7287.393568,
41272.560835,20702.717712,74449.417296,26429.229096,24755.994709,6714.357567,17057.316968,8834.570891,
80074.644674,68933.237908,35619.368838,8630.677458,27883.395715,13517.427468,20261.810126,5254.808510,
29376.224744,47855.520475,61430.651717,25208.373927,20970.361849,7709.518715,20432.346300,2110.667299,
70488.809157,113827.297458,23192.585234,17271.845809,30450.892152,11602.038591,21824.503718,3739.933117,
15790.132815,44754.665805,69622.869325,25053.489552,25885.384591,8978.891864,19508.701622,4829.920839,
59031.787105,114391.000002,24859.678237,16104.739839,20135.605100,10381.336197,16421.208724,605.021697,
21974.394694,46267.350980,69070.925715,25673.914492,22820.423007,4821.623728,21379.958085,4627.432773,
62301.204255,103336.988864,26379.652215,12084.006335,20963.473061,16752.816932,16482.945975,1596.029765,
30921.662594,49129.103296,67480.163339,29234.171197,22661.782927,8137.620501,12565.687232,2053.110657,
61063.825126,150694.425180,42017.643733,14405.463887,28298.981426,17568.291547,16968.387346,2346.647526,
37556.770396,85740.041910,77042.796103,21680.660921,18455.535413,18500.722011,19523.595945,3405.184795,
85305.480299,120774.902658,54822.439451,10568.595830,26048.832205,1713.748714,18309.267078,1422.176920,
40098.713609,59826.951379,80502.594312,20229.657184,27680.756164,4647.478802,21700.878729,3378.429016,
93185.544114,135742.082610,54484.484654,14044.237354,22884.311428,13648.208929,17705.830022,3039.215239,
55418.535431,46291.241561,78839.024227,22777.553104,18546.021348,18520.998181,15317.860715,3985.168364,
83839.085774,129219.556146,44376.282305,9265.738898,25536.062856,2475.832190,22624.301561,3447.637351,
53366.931682,66655.443798,81415.133497,29052.758104,20041.187921,13051.227115,10140.773301,6697.636092,
88156.260285,94282.221303,37666.905436,13535.539024,15859.315430,12658.937569,18938.572885,6606.290215,
36836.484212,40022.827365,68195.703267,26490.053130,30338.930069,4354.323545,28912.142331,1868.567835,
77499.866133,90093.014465,37924.237509,20521.041568,16855.330535,11538.560259,21157.063836,4651.267885,
42139.986125,37454.741022,50838.180070,20301.856184,18502.413708,14121.355976,19356.524859,1392.364811,
55924.021679,77065.880500,29682.759319,13126.430185,15541.742461,2165.638609,30931.955752,9352.628431,
16417.890692,44067.147246,41945.473740,16085.561066,12879.929682,8917.445361,8623.079799,9035.670078,
48072.310557,41256.061851,18473.241094,12828.048469,24128.299654,15909.253986,20045.422343,3400.629030,
16341.516348,14000.236068,49247.621750,15229.568611,26977.603492,10755.749707,20789.397369,9811.835372,
46167.071824,60654.422023,27424.419259,14042.156405,18652.960175,6711.680236,12954.114697,3069.085166,
21117.354186,42693.781609,60647.330195,23214.210241,16338.744775,7417.033001,10945.939816,5837.164342,
55616.666585,37124.566217,30897.435712,13133.332734,13150.238373,11842.344527,10129.677313,3632.777362,
23561.722981,21676.833957,83000.768288,18033.832193,18180.921165,11880.775123,6703.607971,6005.035774,
62046.844654,48234.696836,41165.623362,12791.485018,19130.762894,7816.642166,14336.541439,8123.387233,
41886.933062,47678.200322,68780.972781,10078.709113,16421.318148,13767.517348,12318.095369,6017.799981,
73046.439290,72953.164794,55329.497314,8944.039090,11411.846358,5112.451610,10744.586591,2816.383275,
43588.755259,34718.697950,70831.300437,12996.398934,16421.771138,7213.426439,13825.940349,7792.269186,
72367.235355,99026.687042,42947.964764,6887.192224,15075.142789,7386.061781,22048.619501,4243.873358,
48105.162532,56433.719842,61166.435729,17502.664252,18625.362018,15245.183405,14263.128398,6170.304059,
76923.287439,96849.695686,36289.892803,17065.138093,19268.929954,4034.172689,22604.676343,6265.434703,
35641.523771,47935.375342,54738.424332,15972.829053,17979.749326,11141.810605,7230.833785,6645.733851,
69661.236555,88360.146784,28242.588799,465.586786,16869.161927,7013.961526,14386.083913,4256.333527,
31389.591918,29364.097042,50974.974568,9976.433037,23996.678582,2535.379856,11418.102783,10989.763894,
59118.436925,106094.436588,5280.322665,11788.838287,16469.431395,10310.627583,14368.083112,6787.021755,
29096.133018,65875.860206,50869.094685,17346.057559,14448.712470,8575.425556,6209.821167,1089.122075,
45567.312623,105649.507289,22232.570306,11431.265827,17371.134298,3950.962666,14833.225628,1330.217898,
13176.388625,37767.304559,47424.363745,22675.989107,23752.333110,6016.066022,15798.557099,5229.997547,
44110.142051,106548.383255,29536.771181,8186.316628,7704.043843,7212.505239,12550.796397,4912.867482,
10833.990633,31229.827381,46240.515453,23109.977256,20459.297515,6687.111954,5429.313346,5979.175950,
37138.572630,100287.114806,16513.466051,10854.544787,16120.075746,8863.706421,13705.169809,1638.793768,
17338.147381,57329.484444,58758.615445,9573.857942,11756.392256,10788.472459,15369.600741,7190.716868,
52685.427764,74344.437280,41712.958209,7115.875463,24804.338648,9736.979046,19329.191062,9267.928405,
28798.238164,32724.890143,58267.146411,9450.951150,16023.540759,20114.821660,14822.299227,5646.433577,
60444.642263,69896.109544,42554.509899,1089.826495,17793.215067,3955.655230,9134.947141,4135.661232,
41420.116371,46004.577283,70031.150358,11568.152476,20170.544110,10443.221992,11874.790651,6582.531785,
68494.837155,49245.758117,36590.136966,8080.877619,13632.847357,4129.869321,20337.895040,7476.393318,
38022.958178,40645.442897,50042.271470,7765.676355,12507.754101,10980.971628,11930.778240,3839.319541,
68890.422029,12788.411304,29175.128612,16857.530585,15142.306280,12776.957834,19309.547601,3505.863540,
35992.286810,18554.703099,46471.371023,17258.767377,18765.100919,18124.532201,15456.914288,5420.686333,
63799.344540,48042.511495,23864.402408,6343.149251,20143.362731,5285.825293,13564.445464,2341.852273,
38688.302103,31445.301525,57135.812713,19086.769202,26987.124639,15124.221902,10810.950522,7268.742346,
59154.443898,29309.936478,34698.367208,1567.021652,12124.422394,7375.258787,8381.642607,2713.651758,
23681.460517,27542.908947,36013.733014,19555.318308,12985.057980,9864.992091,10536.541455,6987.504479,
43125.115667,50943.263826,8889.176944,10503.135979,16047.708997,7430.099098,9366.998611,10877.790240,
25328.163581,32704.930841,40696.942529,8656.017193,18286.448882,6925.806317,12296.048547,8409.679292,
40837.435177,61375.456567,22129.777329,6758.101796,19397.740956,9325.330560,12891.155621,6929.348042,
8490.807058,20534.211389,42287.052434,3408.989844,20597.380549,4954.889883,8650.813405,6281.042294,
27426.983587,72417.515678,23046.560021,1928.611544,7261.409847,5619.916218,11400.695202,6406.739269,
12376.090245,65814.395842,40824.365888,11773.054941,20263.579734,8848.459587,10355.825775,3746.304527,
43891.343502,88947.552771,32849.655809,16735.466147,16770.329930,3316.871527,16941.339322,3987.522437,
28209.813889,49292.167532,46595.074643,15402.636708,9108.699626,6433.692435,10173.208301,7134.466877,
53311.229050,97338.254380,35243.641347,6641.762188,11466.754067,3995.961907,17022.051874,6529.149725,
37332.967002,40732.220143,48751.347211,18217.874953,19469.253651,4499.358885,14475.856114,6365.169221,
54610.741185,73488.992019,42869.661079,14018.321383,14464.047733,4868.143121,1917.805438,3736.505131,
35951.576929,60724.793769,55180.939519,8636.972407,18287.525020,1839.077281,13863.521891,5835.444318,
56806.157122,88559.236412,22902.296458,1265.067487,13736.130155,7252.440466,12145.368027,1446.571940,
31825.966547,32387.939790,49164.730147,7365.535899,24383.518410,10094.930619,7198.835940,6425.780648,
64946.195558,84334.508814,26161.058643,11550.808654,18663.432910,2156.618462,12909.844989,5514.501707,
37593.917903,26943.460950,57834.612135,6993.018121,12569.236257,11830.021096,2336.630541,6714.077085,
48900.167431,83373.622255,21384.098524,9171.094245,8774.871358,7571.283340,7766.645446,8849.709150,
24953.877345,56946.101607,34064.625239,12680.728194,16630.960725,3993.865568,7670.957402,6260.519983,
47375.303117,51419.090317,21355.622171,14277.936680,4730.147109,6481.414851,8097.263755,11175.986065,
25247.980221,11573.137061,36362.257847,19846.912009,18666.261275,11649.456278,11904.938066,15097.154294,
30518.361347,61303.509745,11071.435510,14616.198859,19071.460388,13757.890329,17608.838165,7749.316216,
2612.376647,41128.610431,26427.646271,15776.499384,2357.591032,10257.494086,6155.157859,8348.212532,
33682.308921,42930.350775,25875.710367,12135.896712,14965.047841,2776.807410,22925.819525,12023.665416,
19445.510424,38523.956563,42213.242552,16496.913725,18516.976281,9265.358304,18449.358576,8730.995887,
39081.655106,6714.231420,31231.692035,3960.173563,10616.936393,10202.634561,6517.015452,7179.661531,
5091.514286,32664.621353,49313.268847,11581.061366,12859.387093,11276.979029,9063.437424,6714.338362,
43209.365312,37339.313407,21900.116809,6488.123388,18696.748634,10413.763641,6659.675285,4811.280743,
26438.714615,19736.621704,50523.129644,16734.326962,16866.390193,13487.620904,7792.684207,10683.660853,
48161.755796,33195.870510,40315.615697,6538.318716,12267.641930,3776.662921,15300.418620,5071.094643,
33401.945720,39399.851810,44437.575392,7710.324150,9012.216491,7751.225949,13595.988900,5150.338090,
57206.200824,49190.172096,22319.460480,7267.545473,19443.103586,6103.699651,9257.179242,2927.417438,
31883.481858,41112.697671,50972.836287,14433.104105,21272.321018,3269.792373,21042.266303,8185.568452,
53760.324609,63960.206881,20824.984901,4822.475544,9408.389770,10930.976742,14288.458697,11750.893670,
31898.759431,36538.593966,33519.114577,7253.801470,9286.567606,25114.709010,5878.942179,5380.821360,
44213.431890,76661.240330,22293.016494,8636.893428,16826.954430,16703.152072,13634.724794,4944.545999,
27994.149191,42029.149410,37387.369079,14576.328979,11007.915699,6878.382200,8785.118215,6260.132696,
47725.448618,87370.594189,31534.711412,10780.396281,20975.776720,18710.467857,11579.193698,6503.784261,
27922.920045,26990.356256,35744.742065,13532.609540,24001.817406,23806.268662,14170.845241,12186.195019,
37922.002842,89712.448951,8943.940085,8730.696098,9242.141774,10602.353904,6200.747307,9753.855838,
14088.340174,33354.053374,41345.463392,20671.916260,15923.952939,16316.080631,11118.598795,3571.075253,
29082.107423,79130.769436,13106.688881,11912.572300,7328.992462,24283.954319,9611.217783,5689.686278,
9149.791803,51083.308132,30850.877898,7053.242743,15471.860232,9481.480371,11379.887009,4285.156767,
21160.957319,87074.173167,20956.090889,4007.882479,7296.908957,6759.825398,18913.331325,6699.775971,
17178.707618,39686.742864,38113.454029,7927.924131,16640.505565,8768.630813,1373.294236,3387.659004,
28235.910468,65698.794775,24543.106665,7290.644761,13128.660738,3620.508804,18162.173000,2922.584389,
19964.002400,45063.478770,37072.891179,11574.229485,20950.629172,4666.282913,14205.667876,4441.894053,
43179.567108,52457.004041,34195.681870,8338.149579,15878.318920,10849.304634,4366.619196,12292.648202,
27852.454820,42048.579866,41419.608277,16877.741194,14859.605434,12188.935727,10311.714614,12348.020929,
49649.481394,42321.382182,21023.929686,7126.503713,9660.302276,6800.788507,8414.157762,8298.196758,
28189.740627,32373.751870,42970.842991,4867.162895,16061.256666,9025.866010,12374.912487,7477.850233,
51681.204344,23257.164018,24503.709442,5485.328385,15061.202778,8757.801879,11536.864601,8030.373520,
40924.298182,23202.570361,62714.008856,14929.731023,6075.256960,11366.112722,8307.314671,11341.089296,
52864.455286,9951.542256,30765.764258,12579.310410,13014.367274,7470.358476,11085.233099,7539.238597,
29586.773934,29154.334601,29350.264401,10406.672543,8498.181912,17396.124014,11102.775320,4085.870176,
41215.405876,17937.762263,23789.059072,7291.003025,10117.330474,13890.286229,3743.794105,1109.365810,
22581.026501,34333.249182,37327.515743,9900.028970,12059.763783,4865.997834,16863.576457,2588.836958,
40632.708037,47704.710814,18713.020542,3004.597232,18930.840218,10832.226325,12034.626160,5913.948427,
16127.809892,29613.291173,12734.551031,4493.738691,16951.187633,10259.891940,11798.733646,11040.421726,
21490.362110,35027.279387,18958.052135,12395.112396,17545.554845,14305.802992,21722.093754,6664.199613,
14398.626648,37215.786586,37716.159201,16912.865254,11603.893090,4016.272517,16316.130020,3346.091496,
25540.053185,62791.913050,21818.223615,11446.406576,18797.772215,3206.603854,12636.029787,6921.824836,
12818.083696,32995.995403,33909.759875,20899.484131,14997.364854,6919.377268,2618.698793,5414.257504,
17607.714062,83663.617755,23932.847991,518.013845,8764.287627,18342.709079,9031.759111,1699.385987,
28925.388766,24201.480817,61515.570543,19811.354541,12604.005493,14489.387097,10023.091311,4258.923276,
49059.944030,50807.775861,39206.833492,8232.492871,13570.082973,1018.982758,15187.909283,4722.011672,
17447.843953,52720.552177,31242.583929,13166.472089,11181.940043,12573.048370,5548.986295,3707.069973,
34867.128219,93715.399668,26715.768630,5209.097699,13010.618323,10550.765218,13517.101952,10610.432603,
33975.431959,29976.073804,41052.905910,12204.942491,14572.393421,1171.465431,19361.011841,9103.591598,
41971.408420,68298.467315,31795.637014,11039.800879,6595.353343,6367.624949,10899.558860,814.972417,
25330.707243,30102.575028,42145.380915,14388.289207,13187.497696,6555.563666,13720.135525,7329.092727,
30297.600066,64558.039908,8386.186950,20375.768155,11386.580908,8340.793257,12847.121276,6539.179387,
37968.376790,35117.802559,32546.661835,14054.765419,21610.930848,5326.339862,8256.987272,6843.387573,
46617.675852,61424.671090,5296.603210,12448.721966,16068.087887,13493.127769,2277.489411,6023.379930,
21704.881794,31692.761885,39126.031702,22321.389160,14028.095626,9419.761140,9546.507499,5237.982177,
40725.836090,45700.050788,8186.188203,13910.316726,15408.076215,6142.453000,12100.255474,3130.717518,
18133.240401,37312.070713,34733.450242,14064.717393,15663.068789,8356.064778,16482.152510,7217.893596,
37154.112755,31509.130449,20748.968700,2893.420037,15693.062718,3650.766465,12841.950431,6146.874671,
10958.957739,32532.945359,19263.707427,12222.551592,12283.565108,12684.190798,5800.450888,2086.031167,
18251.503082,28514.591416,20523.180838,9923.017889,28801.732313,10209.534020,14099.890564,8320.687783,
11906.325206,24980.489727,42191.614644,9464.808204,12003.793859,9888.540184,14983.022749,8545.482610,
29722.911026,10979.710546,13844.754040,13078.016555,11438.001871,15708.138069,15622.543330,2296.738072,
5062.997015,10607.904494,37655.240750,11515.185308,9728.866497,11857.233659,7009.990569,5605.207683,
22336.370573,16141.159844,15796.686057,4859.550868,20015.739718,6774.060846,7004.984849,4295.324829,
23263.549139,15088.901135,47325.553894,9376.146343,4822.992462,17435.550067,6230.197186,2719.171228,
46902.612023,8921.792960,37497.227807,3399.458215,23429.231312,11751.120644,13747.014873,4082.515979,
21418.131517,39019.952277,25360.063523,10781.880967,12790.976900,8265.862679,10352.400934,6376.498970,
34869.936417,41282.680889,22922.741701,9107.640913,21026.963961,12386.347757,4977.856555,8202.818425,
32149.674373,17878.571537,41452.712856,6924.564800,24463.295749,3672.723886,9122.311787,2057.239960,
52162.155180,28763.769949,20291.914803,9043.853303,7825.952668,4689.896877,6584.371430,5704.884724,
22383.316794,45288.233650,51142.516407,13131.406689,8496.514063,5053.791740,3887.776122,6820.795107,
37224.915466,57742.692483,14541.731377,7058.741218,15126.759423,4140.481893,6227.066156,1209.752163,
26542.267991,33848.563370,34962.228334,20947.266012,21757.710096,14550.576594,7637.501749,7254.757039,
40189.250821,60177.136860,13578.301503,13188.985400,5276.799148,12096.092038,8555.659378,10001.893893,
18898.525449,26527.224689,24965.553870,19537.706907,18975.340051,3193.387566,6411.522900,7720.640723,
27686.425750,60301.155167,9612.448282,8563.389341,10586.182897,5919.547482,13833.081529,3209.877055,
14716.395463,31709.854018,24425.697109,12106.172779,9625.513579,8325.365864,5223.067512,1849.075615,
27220.704172,73699.569865,21154.817673,16965.747817,5101.978141,14183.919584,2797.851558,3756.139506,
7635.076042,29587.470443,36283.909457,14000.750617,15836.182135,2844.736256,5382.698690,2476.649413,
21911.514540,58293.365066,23725.366080,7629.039383,15394.177591,13951.444509,11507.933871,3464.669236,
4080.780454,24108.476188,39825.260286,17681.177066,8616.933976,8482.453895,13421.793761,3667.257816,
15645.579435,66841.422418,14718.810490,5271.709028,6619.117911,5212.161689,20542.312967,5400.897216,
19491.480387,33610.662872,34830.916302,12547.025460,18045.601636,5522.260412,17765.600406,10276.824742,
35961.478414,67679.995884,20882.292735,6321.087872,18456.731179,18334.856023,5457.380141,11485.151462,
22811.189657,45749.462899,38915.988927,15248.416511,1149.770859,20562.838424,11607.366138,8680.269788,
36318.939331,30543.358075,17195.379707,14116.732035,12881.867058,10053.478279,14112.454163,5757.193321,
32382.702473,21530.622415,25308.638151,5035.163970,8415.289872,1996.263954,5805.995955,5545.561433,
47820.052217,41065.331717,22895.776728,4542.299198,6294.492990,339.324329,18895.705464,7805.727384,
22061.425568,30487.696533,38667.937522,10373.613422,8830.715164,1170.830639,9495.337281,7502.231691,
44533.026503,15198.476997,15218.164893,4402.715379,9774.121844,8209.669612,5852.776245,2871.123901,
32036.248287,27393.383152,23394.116484,14434.578951,1850.085763,16730.070235,5288.880519,8630.831632,
34056.071423,26198.754555,5845.821267,18345.884695,10187.236097,15224.481322,8316.672153,12501.893559,
10925.114196,11657.851845,33668.438276,13678.292933,5562.883668,12739.069948,2842.259124,11997.592648,
36585.119784,4637.167503,28761.720558,7163.945466,17087.895281,14681.367607,11905.571824,11935.035876,
9056.032538,22293.274428,14882.594325,4345.105019,10832.166339,9334.284592,6986.520166,10014.322538,
23981.845853,19102.480835,14635.650829,14643.225056,10513.733893,7550.343647,14733.901299,3666.423430,
11653.350602,34162.260115,32728.261921,11592.553283,13019.909982,7939.021318,21166.743381,4523.498784,
28743.225748,42190.091856,19891.092993,13019.532460,3642.926630,20690.172207,7623.570052,7549.961824,
17835.423309,33170.976202,43381.572274,20175.964569,9672.468001,10744.296361,11260.441915,7650.545609,
21840.430389,57280.618558,24599.102387,3109.978402,7302.568463,13586.010595,17423.767425,2199.737256,
8432.823976,37584.901603,32610.058020,23388.508533,4867.684843,16725.300744,13258.598852,5906.742839,
23078.738358,78231.552089,13111.284564,10772.699431,12862.405667,2930.343272,11197.292610,5889.372850,
15083.753845,35904.025523,37083.031787,15686.848761,18866.801964,12504.200736,5701.536804,3756.727260,
36298.205334,63043.796838,23236.962452,15628.477191,7638.260705,8208.753198,8617.652168,11139.899258,
16055.822329,43560.793544,13305.340390,7700.305723,10015.417828,1713.720897,11661.520907,9967.533178,
39633.399483,62866.320269,14040.970106,13366.552718,11572.606311,1661.587908,13664.384987,8063.014143,
28685.010566,25131.165231,29831.288175,22806.505685,10414.869445,7961.653561,8433.956567,6505.900597,
59304.109575,58916.667727,43395.125921,24861.275895,5780.437939,7931.877392,3365.833655,1147.096868,
35989.036730,28748.030284,39701.854314,13369.607666,6426.761305,6687.152204,7207.356880,7108.328778,
24914.533395,50119.015141,13258.862155,11449.795045,14279.164670,13884.610338,14827.184107,10380.798317,
23410.987815,21536.140471,29009.562165,5887.876898,10711.888619,11862.146079,20047.484997,3917.040029,
32576.040553,46705.630672,14004.029527,12199.390075,6406.106765,12741.176055,15529.507447,4215.221621,
8347.851673,37159.853158,14222.563196,4658.141577,11914.680222,7622.475710,10027.424186,3946.383202,
22511.739186,43976.524910,11006.457609,4763.461417,6808.176845,7175.198285,2549.635003,7571.306463,
6916.902714,29887.120253,32785.314759,2296.436906,7346.259075,7428.578580,11642.513034,7469.017004,
22799.216421,21524.759211,30976.827029,8125.143209,18906.291524,17191.476081,13075.163331,4899.082557,
7364.566663,19766.679992,32520.279351,6754.173792,7456.032897,19218.586181,8253.331881,11152.313879,
23172.665253,19766.949965,19349.494010,9523.224159,17321.386877,1994.895101,4085.388343,11070.531093,
8679.435982,24054.207026,37288.533767,24531.060841,25254.212903,14751.971001,14383.534434,7421.524575,
19867.884981,10376.787789,19866.356147,24828.779947,20811.350906,19085.539270,11115.454103,7141.010354,
21141.088226,17121.522759,29016.325067,9742.627745,14596.568432,21646.349144,8296.936897,4758.978067,
28846.912182,16496.138548,22530.254755,15041.673988,9239.626145,10313.806363,4951.496536,4994.161567,
17369.334319,17116.482715,27869.926501,18072.339667,17696.227829,10037.451645,15609.755409,4155.411611,
38719.845598,25546.570064,2491.235777,21543.060574,14300.607580,10092.169529,20049.729205,6958.643034,
15059.525442,32602.034553,26681.712698,13074.741010,8546.724478,7088.886049,2522.585648,13856.405494,
33394.042310,35135.886892,27126.159599,18733.286252,8116.934901,10453.920161,9669.943554,6161.232116,
39052.581200,31969.420369,41082.915603,21405.724086,13894.340265,14420.229846,4385.411009,5884.512583,
42405.113738,53760.017759,20897.788907,13934.003910,1725.992362,20541.387064,15031.595751,4996.456866,
16482.442378,31261.340218,10723.548237,11427.436786,12945.078490,9053.084147,20432.308725,3584.165617,
32711.130020,57551.420348,12978.259375,3704.942683,10600.966792,10054.053199,20140.002612,3452.751974,
12555.953033,22555.113441,36186.717050,9714.306565,7131.868805,9509.413798,8026.807825,6406.945150,
34851.289805,47603.836622,25212.779306,11328.578933,14816.573801,18178.785935,7281.753703,12143.302598,
16138.512415,52761.429665,15288.421646,6826.707372,20228.136066,19076.819872,8217.737436,8255.688677,
9182.970941,52527.453060,19393.243981,13597.804151,5489.125401,13611.771545,15421.738086,3190.453521,
14407.997317,33698.235519,43327.984950,19855.721206,7443.656365,22260.331045,8931.977933,4051.545758,
25634.569059,33216.327514,24525.751635,12383.467996,820.799814,12903.802250,10637.472357,10880.491541,
6364.164510,32266.822742,25167.509923,13878.260440,10796.151433,12802.341093,4420.857547,11584.541355,
32472.560468,55945.655180,10094.724338,2458.088868,10974.642719,3227.762438,7552.879992,6580.506168,
20648.136648,10607.413695,48051.623319,6566.417735,4694.126594,16973.367588,3965.430042,2446.253374,
28576.731311,30640.235866,31947.820950,3616.646688,13487.972848,23297.494357,17024.333503,3013.098378,
23327.354737,18005.433804,24592.733159,8467.490752,12362.933692,27249.013785,12756.037270,3888.243208,
23383.607084,67129.372214,26846.097583,5055.969723,8351.958227,29068.191680,11497.700228,8784.786842,
20070.620755,28408.450139,6758.989616,14228.653442,15345.799400,15816.596098,16039.998637,6076.375843,
37849.687236,41471.374908,20262.477618,10332.775798,12886.636549,11353.348432,17823.301337,4704.720774,
18837.892067,29508.496531,13253.711736,11298.790191,11393.506035,22281.362810,3295.784312,12740.649253,
39446.121676,27182.887741,19763.855429,21594.595074,11339.906682,21547.459007,13262.642559,10719.185229,
8201.282681,29235.707138,22722.402209,26198.187019,13062.921264,13172.958454,10424.877236,2648.543597,
32961.402118,12672.496265,23123.430389,9769.292881,6118.061226,9890.112311,14830.583949,6986.457993,
22890.500448,22321.473739,43424.332089,23139.801485,19577.706307,7454.056757,13102.011889,8727.139484,
26102.695794,25964.744533,6853.480001,13522.495783,12708.828953,373.910009,12461.643903,5127.803856,
6040.909100,5869.901190,29295.982135,8752.012481,11932.038829,12806.925831,8901.119420,4008.787196,
37149.486856,18772.189697,20303.294705,4459.878859,22128.945237,19307.713879,1557.310899,4159.611210,
14293.906770,20300.947508,26549.873055,12720.372354,9747.813445,14174.380677,9483.787729,1614.631149,
19815.316361,17351.838511,4802.183177,8563.331120,18723.530787,15118.964381,26760.973418,7909.919240,
5907.207638,39040.785087,26191.647300,9563.695676,26986.916132,26623.381785,23573.494240,14594.001352,
22373.133788,53937.737236,10038.507119,8476.188225,5673.467914,25361.937885,6188.669432,22286.581624,
8314.021540,23378.757807,31665.192077,7463.513398,21096.077381,17033.935280,15691.982051,21714.542403,
26587.299704,48721.700370,15008.219464,10353.010808,10877.795025,30773.132291,11916.705876,12260.739044,
32422.708158,11349.434114,30495.285679,9966.193754,13778.721556,23336.307373,12737.039326,3181.815311,
37333.277250,41086.799789,17700.518353,19158.991745,15618.609349,16652.709082,13888.754599,3251.863164,
19664.364859,26815.408550,33850.327041,12906.050229,11140.961545,17108.151470,9307.983687,2809.673631,
36096.313793,55185.753209,20331.254302,10289.311491,5421.557931,15193.482031,6090.358402,2677.117843,
16196.084623,43212.458311,15327.892065,5795.978927,6682.848306,17585.209701,12096.355495,7366.103402,
27208.230735,62465.731472,11215.088499,5867.722818,6678.305716,11004.298799,2464.386011,13415.600923,
20348.987916,35823.343463,31085.638329,5047.451561,4938.482686,30438.058306,14784.428942,12294.826933,
23838.668360,46842.706761,8241.873556,13145.683455,16042.632141,29489.722677,14923.141415,3097.018473,
7302.525274,32511.936911,24869.569689,26591.954779,14160.718570,15535.292235,14599.769460,5709.070170,
33337.630219,42271.527152,16554.782637,19414.964630,8585.809455,10390.093103,5071.283930,6215.111525,
10899.494511,32814.948266,7386.115665,6250.758180,15080.360689,20712.254436,11044.314055,2818.482468,
22484.247761,29862.473876,12805.692362,5713.635986,3225.225663,9284.161829,11292.751952,2081.615035,
1067.423001,16732.168499,33402.945699,11280.151724,9587.670110,15546.370414,7090.906310,7459.467702,
30244.224870,40739.755781,42513.819417,11307.271287,6558.512765,19422.965749,3047.451545,8694.007892,
22241.124630,26041.560733,34113.680800,6444.152383,12510.109910,8189.237017,13984.120887,4563.521317,
21363.192570,8948.163766,21856.196270,6177.333319,11666.093402,1778.835823,12957.212033,2163.748030,
16558.557763,11249.291463,42061.779889,15100.821761,9001.744597,10705.767532,14831.887050,3093.436795,
26407.823372,21537.089881,12758.467094,8849.549840,10823.620291,9691.683581,15567.856435,2371.520002,
5689.374415,16358.729410,19607.322550,4024.418658,3063.047788,5950.980914,3960.881941,2926.958695,
22940.045692,11314.981448,7006.558589,2536.971814,19508.683485,15233.648370,13518.089641,2858.321693,
11788.176103,25710.737732,20203.040736,8565.575065,19609.387195,12911.142197,9727.932695,3470.782553,
23591.471490,28734.425623,11267.742056,12978.957993,6411.023501,6393.402054,8923.760935,5859.399273,
17176.844512,22833.366527,23843.548249,7113.363133,21989.618206,4856.431930,3024.549355,6259.883841,
33799.196404,38226.562679,12921.503966,12131.004894,10335.368204,4504.464989,13775.632540,3337.935737,
19335.556208,21030.707878,29494.231700,20116.125913,12572.486573,4549.140205,8085.849323,4295.030908,
32068.148006,39130.518644,9080.021921,13322.962884,15412.801078,2445.636661,4763.453570,6380.514305,
13232.556573,31933.302633,39392.268846,5571.193714,9628.148587,7870.057057,4233.281404,4563.164680,
27722.212128,45744.969786,5814.024429,11704.708999,3589.892163,7668.151779,13098.305974,2471.124238,
10979.451382,24013.918009,40490.781057,13270.806600,11502.336210,3672.634480,17827.500077,3286.368028,
23294.491706,60278.783713,19403.503349,10109.916999,5811.665804,9851.968566,8743.295787,4137.053095,
3169.171075,38852.446182,23244.915143,16777.321500,13782.136009,2054.001587,5355.394670,7195.623575,
26723.839880,56399.647221,20852.153420,21590.121072,15453.102162,13896.516684,12333.767913,3622.569438,
12026.400570,23535.629748,22143.848151,13662.789463,2426.414936,15340.208868,11082.986239,11247.466891,
22735.289639,28033.045153,22249.098205,8272.986339,14631.816532,5042.357334,18131.008208,10248.336185,
14017.511107,26449.487642,23217.692569,5718.628494,13617.822726,14958.038928,19482.705815,5138.394306,
28348.282287,39759.740169,22826.483699,14601.474969,9290.535634,13912.935799,12660.291718,3827.618442,
11672.169762,20593.628040,31300.008218,12690.468733,15089.245650,7801.387724,22914.986585,11901.786499,
26172.018628,53989.287780,2711.307514,4921.171330,8023.850861,2459.263490,12333.919440,15423.017988,
9693.443907,26280.703877,33654.681553,13397.547399,761.680537,12307.653568,13912.323969,12006.707393,
23336.008838,32808.400390,19296.907751,12094.301533,7201.298460,14401.123346,21480.156067,10194.302306,
9830.454066,26389.044373,14026.518911,7075.828462,12550.277787,9340.968991,4265.278508,9590.197645,
25390.158693,10395.243021,10646.648088,9737.899204,3342.804607,8856.861778,7687.401976,3695.275771,
17083.544153,3297.762955,10903.668992,13026.047334,14179.252144,9333.626692,1980.402023,6479.141302,
30426.715366,19710.263463,21797.655792,5096.221821,13233.291132,16072.987420,8651.456654,10540.785888,
9159.045631,7850.044268,31194.736251,5975.305239,2111.213035,24381.672833,3360.623201,4093.992249,
27341.433334,15728.042441,9738.387264,9542.979364,5006.149196,27549.367812,7513.245237,3998.800857,
16100.336003,23169.585177,24575.882527,7397.547354,8597.600813,17069.431274,8799.606825,4622.126233,
25206.989731,17409.917009,20110.050539,11737.863827,12365.696736,14025.350633,22157.714758,1192.060188,
19029.700421,16658.101797,40442.370572,19125.642989,8045.487375,8455.922871,12357.852020,825.149737,
20410.973296,30063.893114,17661.629374,8148.444284,12023.148664,26338.556621,12346.276501,1351.753147,
10490.059027,17355.739013,27422.156175,5225.206192,23477.064952,18407.786714,8820.542568,2588.916993,
21202.070454,23812.319949,19756.455582,418.181548,12176.639982,15318.052718,10392.905620,6762.755651,
2047.237735,23870.609435,19974.906881,7501.388556,7083.054594,29754.049398,8568.167514,3194.143832,
19312.852508,37373.581742,29150.630236,5798.650678,7157.386096,16450.430733,10135.272735,8540.313828,
18169.535601,36424.973033,18503.272728,3662.254906,10548.359735,14295.575445,13578.605914,13307.424808,
18467.929206,45236.107402,21968.861256,13931.910304,9607.103228,12952.993394,6111.820781,5001.962296,
14863.327999,21944.601328,13138.515326,13602.376078,12564.549390,10145.268079,5940.398777,6342.494651,
22486.652521,50349.629852,15812.946149,8989.440080,19738.471367,13609.502479,4660.300810,7625.246809,
19658.868217,23801.334704,19608.994784,6817.594614,14840.840421,18801.800261,13830.035188,1377.736030,
33111.412390,40626.292415,24402.981149,6614.951222,15661.029631,17764.071892,14812.861813,4070.745451,
19120.525919,7833.760178,42235.155143,11447.103845,11830.325654,5915.159061,11831.433979,5468.782372,
39061.568756,48428.922160,13237.750505,6381.757862,2825.058581,12642.262924,8744.231913,5336.777730,
13292.045363,25926.832654,17950.107463,9114.860395,6849.565859,14472.621790,852.485335,6598.781366,
25713.067111,47794.452176,3473.586603,12630.684725,17041.742683,8754.128695,10066.647417,7722.353547,
7910.057516,30408.147504,21445.579575,15935.508499,16286.167064,9520.933209,10961.588097,6371.270697,
18845.098497,33003.376316,16989.228318,7431.946708,3950.813825,10641.072074,9004.131119,6284.187616,
4121.523050,10568.644640,33343.573098,3433.024921,8990.515047,6694.620400,10777.628548,5120.786406,
29626.535565,32137.954227,11556.313159,16047.564070,4268.932472,4944.289759,5245.866804,7965.512142,
12045.380872,24167.061141,29921.800752,19111.696427,7949.010983,4253.669196,4697.467477,6436.850315,
19369.983059,8879.808994,9588.340588,5207.655785,130.820126,11491.156367,3520.831311,3553.691571,
7146.678485,7041.004238,21189.361705,16602.746412,11207.968352,14087.914529,5059.928972,9371.548658,
20067.404889,5423.696156,5096.371593,9177.217284,15304.870741,12918.446114,8646.525840,8352.205297,
17152.940379,16823.501362,25935.949701,8231.842447,13429.138264,14238.016379,5007.616324,5008.768085,
32114.095628,15969.211190,19931.783323,11884.408023,3415.267998,8052.786305,10674.502940,3365.003841,
8582.428898,23861.057616,24805.504911,16863.666283,13733.729898,8470.609858,10687.527007,6400.627868,
24428.233832,42522.048778,12531.074706,17354.167776,10218.765055,2538.896834,4728.502193,15281.207118,
14572.000143,7157.940225,31498.576559,14255.310864,3933.965671,9824.311400,7845.283235,23703.154100,
27693.003385,22836.135513,11811.897101,10000.029039,4038.517327,7991.101530,11133.549727,17790.846797,
21239.832634,6911.923267,21931.565926,19228.166558,7232.019476,7857.137896,5721.790371,2367.871268,
18761.899607,25395.809223,10671.035417,13607.622154,11133.706781,14753.632105,5240.943028,7268.335277,
12109.180016,12013.745885,24192.825083,16766.466740,16940.162015,8262.706712,6263.079700,7556.181607,
30254.145462,31080.212687,23539.191596,18759.973363,10997.129733,15887.658464,8599.122462,9228.985189,
12452.064021,13835.682797,9438.897476,16695.428724,16686.156224,17833.903802,10046.462547,12057.990047,
17511.802902,30995.782437,24105.450163,3717.783906,14595.803436,19875.825532,9489.197430,12136.930474,
6010.673646,24597.770495,8946.865075,15450.522234,4378.598549,15430.309485,8784.746443,2318.288827,
23017.069169,32554.473802,23919.743224,7972.123611,14635.955537,6731.520795,8117.408607,8329.762632,
17158.742244,19817.137968,29579.352043,26270.524910,4593.332491,7884.515479,2476.930358,8382.734449,
16904.367000,57902.819219,10256.643705,25595.813676,7921.799734,5066.679340,5180.696277,7817.569218,
10329.096110,40390.891353,25204.156199,28107.155059,4883.066461,8367.134310,9565.080952,5884.348269,
19829.205561,46923.025143,24756.397064,18966.640510,6911.009193,13510.042841,15061.986469,2668.183897,
12209.976058,21493.696455,28634.441638,3032.289122,4148.292299,16605.773094,7283.644831,7055.151937,
26775.852671,29128.101607,5449.235340,7566.758549,13035.314512,10645.923626,5819.285064,3446.377298,
9416.365115,15102.526921,24616.817479,16639.510028,17469.916142,6827.531554,3243.319151,1115.451757,
37283.043626,29543.015491,16465.157211,10343.253541,9434.708595,11378.733199,13140.631842,4264.698759,
20668.929527,2816.312298,19862.443410,6187.657470,8327.841808,17263.313934,10058.312088,6962.690129,
23485.111018,30540.556295,6106.356311,1594.090304,17324.744695,11752.630210,7898.125420,5729.896773,
15205.416287,10930.108568,24345.582814,10863.797860,17750.095072,15042.730806,6277.339822,3480.453042,
28622.720043,24870.687890,26989.734953,3420.126148,5710.540252,17737.671706,3892.379330,2517.704066,
4681.057770,17353.784585,26255.508155,16162.729060,11763.174089,1694.476755,1920.018754,2471.727587,
25210.469572,20319.353478,5977.992753,13474.815734,7569.131953,11826.791137,8240.414038,6070.117291,
4696.677715,13826.321788,24260.094360,1942.206717,11470.779157,9304.334486,4096.204614,9621.808449,
22894.113867,28790.858907,9960.826292,7862.715287,827.740024,13800.686974,2616.960043,7868.401527,
8331.329914,15372.165231,34582.957251,6349.348272,13504.925940,10693.027632,5609.103310,2647.624583,
23804.844603,31380.759016,10171.732492,8471.459319,10446.194082,3436.214057,9426.064078,2451.657003,
7573.166457,7817.686354,26507.460185,13390.801018,11516.709923,7008.709566,1043.205178,3998.857621,
17897.219881,27690.143838,18852.356246,7628.489174,8340.569145,4031.897360,12021.464053,2927.934522,
16821.977721,14069.097201,19562.991740,25925.944480,6314.776946,12261.055404,5044.582304,6062.797599,
30501.321784,22529.990590,19585.602150,10035.465967,8917.555495,11350.804536,9790.461985,7087.720226,
13667.340072,19614.594441,19602.073627,20680.967692,8861.135583,3786.950921,12422.140323,7691.298395,
20939.813222,29222.655748,10133.975597,24416.210949,9189.489808,6841.802568,15450.224632,10433.652064,
18038.351533,18243.037026,23701.756639,10761.918610,6588.628389,14473.140558,10693.144242,7169.482769,
22212.507119,43048.750397,10339.675303,11885.237233,5410.600046,17946.910558,6230.076590,7967.403686,
19721.717193,25853.960020,23334.319924,7842.362295,4339.415931,15336.775392,6861.047461,9365.260059,
23975.867349,52539.595178,6436.373984,13536.497802,3502.627504,18088.636733,8578.564195,5921.634396,
2170.182912,31589.607156,15663.563269,11266.294502,8414.071909,18299.955170,16251.601301,6533.495650,
23265.783942,64490.836177,6237.350843,6637.376560,5193.373667,9020.018658,8968.826774,6860.607284,
9507.723037,26693.936244,36852.881891,9614.242646,9919.073985,19480.541791,13559.460885,6373.958003,
25395.848181,39976.282536,29782.303889,5946.163124,3981.888849,18596.199993,13468.161932,4847.074301,
11298.855223,27604.921700,10339.848093,14463.503173,10410.728607,5731.323903,7029.450057,8516.269766,
17130.171677,31840.857692,25383.525013,9731.419636,11388.712094,5583.715538,8644.762075,10221.605793,
22339.030255,25174.341435,25329.591510,3046.017472,5287.601353,20004.073112,7522.276915,7207.036413,
28932.270498,11802.874424,12804.615298,9135.981878,5425.634661,23760.415600,5125.608140,12610.517255,
3673.580577,10200.267730,15341.016702,21143.061320,16365.836972,8869.211477,9654.664017,9366.632364,
24953.472309,27929.274957,10618.734039,9735.681583,14098.053800,4679.801003,13193.349427,3549.944503,
14769.681490,18808.028938,23829.510929,12133.214450,7566.323186,3172.125326,5043.047298,6934.849341,
9632.677858,18649.075332,26077.792238,7868.305640,7071.877508,11475.504828,7807.491997,4771.217084,
12817.209006,17724.602589,20321.992213,7316.881548,10763.878802,11431.465168,6892.729322,4918.964951,
25288.738702,25887.854654,5260.751904,5830.542101,12499.754708,14356.956423,8118.423583,3598.145919,
13705.459684,1460.857313,17472.589731,24117.734059,3538.777774,9932.375650,9774.862068,4964.936786,
29886.644408,20045.709291,17163.224168,21681.792778,11161.248045,9581.877680,7187.230430,11756.068275,
11603.985713,2332.068674,14889.739952,5215.793160,13242.658645,17022.644007,3259.458875,16261.757127,
26478.296193,19218.911735,15505.659408,3924.956650,3050.813139,8501.871151,5342.402246,7946.127797,
11619.494110,13782.139874,8075.799422,15394.463612,10647.518130,4605.486944,7265.097065,6698.170751,
29028.186355,16675.303696,28467.892822,18198.315477,8882.769689,2556.118940,1988.889362,9874.999888,
15443.556197,20571.675141,36559.096849,4426.006945,6114.992314,12018.279689,6602.035424,4690.478570,
25075.654274,30073.227737,8969.054520,8342.018466,14617.364267,13322.572458,12248.512073,3638.132973,
16894.648775,24453.235437,35094.737272,19878.351688,6815.687095,14945.439662,5862.209608,3573.904325,
11175.825430,45002.272876,7019.863393,32267.161983,6134.250441,8635.856554,8027.888431,2846.126461,
10004.749853,10927.963100,25029.121742,17590.378214,8587.623917,10647.307138,10177.207413,893.578606,
10340.467618,40581.954060,9344.879708,4929.871090,9760.658942,16922.005027,4412.589558,4154.664578,
12964.223223,12678.264982,20808.612922,16497.716165,8064.823430,1944.585119,5960.526295,7361.539418,
26425.860157,37402.200990,20958.130033,15070.085075,9880.677498,18900.024762,10578.791476,6300.683237,
12279.681113,16503.379588,9326.204447,5064.653283,10129.269539,13660.157415,6924.715761,2956.109224,
23833.161984,37018.650014,23271.188834,2237.194210,8229.603306,7308.771438,15998.286731,8673.546871,
16588.479925,6567.697800,31815.218975,7328.390969,11026.425967,15587.805583,15978.716054,7985.164039,
25559.034611,32714.740285,15695.519453,6982.623499,1533.719327,7765.008219,10955.876937,2167.248968,
15274.394611,10948.377215,30135.046280,19730.785366,9260.959598,6475.104339,11535.599461,8836.987613,
25070.230786,43946.631729,9086.517129,29584.979161,9209.624395,10664.477697,6552.936692,7607.390414,
10000.661442,20170.655815,25883.052450,14768.906538,7895.859301,15505.982230,5194.925821,3491.856386,
21126.584028,25280.212158,16416.857807,4679.428391,6716.828149,14105.602433,9532.703499,3854.080421,
5070.470192,17725.884113,11241.007949,12226.218088,14099.094718,3905.848607,10363.420728,1932.713338,
21607.467748,12829.082481,9475.543095,7155.131012,11259.730741,7627.005756,3927.482021,797.651813,
20508.081988,10374.155031,27522.018401,15444.003368,6562.546249,2562.654857,5235.678831,2371.275029,
31328.345347,1771.537322,26815.059454,29202.570362,6033.821509,8456.159608,4262.815089,2415.827762,
10868.523824,17706.100268,30937.154166,18644.888095,13543.602057,11389.501957,3181.297629,3434.868093,
22215.515554,19671.752879,16085.732095,8823.280669,5461.184241,14456.651746,13763.608175,6634.236903,
4910.857135,18616.228294,14149.709257,11110.812570,9476.997191,16749.157257,15286.686566,11219.643760,
21235.890164,27749.639627,18165.902016,3739.927976,5489.112948,10197.159655,4662.606201,8691.708203,
4325.115416,19903.579815,25846.150102,5076.760211,15002.602886,4987.174703,13269.212771,1426.436171,
19344.352096,44432.498548,5000.639579,7162.827676,13847.782840,5856.969129,5407.993971,7932.668285,
16184.159990,19096.494441,13075.142478,15672.220166,3763.469163,11271.190213,7060.736847,6362.782968,
28237.080652,36483.850903,18099.049786,17367.825393,11959.802912,5069.908125,807.789804,7170.535216,
9303.777605,3074.567505,33292.555735,3456.921400,4391.207809,10657.701500,8739.823962,5399.325951,
24911.839228,40494.519155,10561.012487,13395.461986,8815.689378,14372.879120,4295.071653,5546.807810,
29450.152734,15251.312541,27871.362088,9851.938128,7759.226631,2908.132440,7816.777044,5110.594731,
36309.838325,22206.138948,30907.951851,8727.162930,8029.172361,10331.785002,2256.721491,3276.754006,
17452.978123,19609.260754,20332.297490,19446.355698,4168.171097,12325.671623,10324.964960,1709.793730,
22248.866423,39708.951463,19295.601263,15337.173550,10730.840954,9631.432636,4913.467984,4736.058222,
3842.801134,25965.429355,31258.343612,9169.738376,8763.892487,11302.900239,9421.304659,7236.897192,
19802.323954,36782.189653,6165.499987,18693.098081,1848.674393,15473.897607,10189.880502,3208.361793,
8622.679197,5802.946557,19284.826569,12681.449020,5941.386103,15540.665216,1406.587193,2364.338171,
11914.151620,40098.468492,2246.431332,2785.884529,2114.574539,8285.692753,3917.187934,2123.506060,
17710.135945,13248.224659,19732.240704,8366.248368,6744.031586,10551.007104,4964.421405,2078.462273,
30291.069696,28138.525451,27014.194812,7807.326463,1147.997559,10058.621057,8524.032601,906.617160,
21400.291172,25779.840911,40884.594108,7135.288652,8876.777896,8595.682218,2918.096226,3071.155147,
23475.137965,23323.506259,19668.254377,10414.866336,4259.890469,18549.253859,1929.272402,1638.446752,
11909.442748,20460.613820,15691.052933,15745.080769,10009.657899,15608.194607,10029.761311,3289.307394,
19726.751311,21069.681332,11681.628527,25020.367169,9828.719919,8588.208858,11085.282179,4025.803159,
9388.297993,24618.161214,22115.192894,33768.190646,4413.155706,10945.493308,926.264328,1775.413712,
22932.806095,46510.169682,1525.150501,19498.931027,6010.211756,6049.211758,7847.440213,1637.635000,
3570.474479,20942.108945,19614.515974,7660.441159,7479.521951,5392.892426,3347.952590,2085.566169,
21557.592732,49581.057182,19118.887983,12941.621124,7600.883190,12059.678346,5425.743758,837.630438,
10238.410602,18331.197105,26780.716509,18733.484282,5543.919243,11921.182029,1175.964807,1190.987477,
22061.600916,36876.493040,5628.059326,37809.961697,14428.958731,6859.673347,6621.797269,2532.693220,
16431.238880,24206.554447,28425.295925,32101.898205,10471.373463,7955.837951,7229.163732,5270.283300,

